     0 2.06764e-16 1.78499e-16 0.00000e+00 0.00000e+00
     1 3.81367e-01 4.45216e-01 1.86259e-01 2.36723e-01
     2 8.06683e-02 1.09633e-01 5.20842e-02 7.07423e-02
     3 4.02668e-02 5.29692e-02 2.85077e-02 3.91581e-02
     4 2.71701e-02 3.72789e-02 1.89307e-02 2.63085e-02
     5 2.04631e-02 2.73715e-02 1.36515e-02 1.91522e-02
     6 1.46436e-02 2.13546e-02 1.04807e-02 1.47330e-02
     7 1.21625e-02 1.72868e-02 8.42048e-03 1.17657e-02
     8 1.03250e-02 1.40527e-02 6.92243e-03 9.68076e-03
     9 8.52541e-03 1.22302e-02 5.81569e-03 8.13541e-03
    10 7.32460e-03 1.07377e-02 4.98230e-03 6.92716e-03
    11 6.35058e-03 9.08117e-03 4.33172e-03 5.98489e-03
    12 5.74717e-03 8.15873e-03 3.80583e-03 5.23558e-03
    13 5.08527e-03 7.10816e-03 3.37284e-03 4.62554e-03
    14 4.51123e-03 6.42556e-03 3.01768e-03 4.12449e-03
    15 4.09821e-03 5.73789e-03 2.72091e-03 3.70534e-03
    16 3.76627e-03 5.28872e-03 2.46728e-03 3.34971e-03
    17 3.50651e-03 4.77508e-03 2.24692e-03 3.04492e-03
    18 3.18312e-03 4.37092e-03 2.05588e-03 2.78371e-03
    19 2.92788e-03 4.01559e-03 1.89078e-03 2.55712e-03
    20 2.71447e-03 3.75556e-03 1.74614e-03 2.35790e-03
    21 2.50496e-03 3.48235e-03 1.61888e-03 2.18141e-03
    22 2.33597e-03 3.23990e-03 1.50633e-03 2.02512e-03
    23 2.21195e-03 3.04246e-03 1.40527e-03 1.88553e-03
    24 2.07039e-03 2.85546e-03 1.31418e-03 1.76007e-03
    25 1.94482e-03 2.67419e-03 1.23225e-03 1.64724e-03
    26 1.82505e-03 2.50849e-03 1.15834e-03 1.54564e-03
    27 1.71381e-03 2.35415e-03 1.09159e-03 1.45392e-03
    28 1.62978e-03 2.22825e-03 1.03080e-03 1.37061e-03
    29 1.54684e-03 2.11312e-03 9.75078e-04 1.29446e-03
    30 1.47286e-03 2.00676e-03 9.23902e-04 1.22464e-03
    31 1.39632e-03 1.90519e-03 8.76873e-04 1.16052e-03
    32 1.32952e-03 1.79890e-03 8.33611e-04 1.10173e-03
    33 1.27031e-03 1.72770e-03 7.93617e-04 1.04748e-03
    34 1.21537e-03 1.63941e-03 7.56521e-04 9.97233e-04
    35 1.16278e-03 1.56274e-03 7.22058e-04 9.50830e-04
    36 1.11330e-03 1.50383e-03 6.90004e-04 9.07641e-04
    37 1.06389e-03 1.43693e-03 6.60183e-04 8.67361e-04
    38 1.02465e-03 1.37908e-03 6.32337e-04 8.29817e-04
    39 9.81432e-04 1.31955e-03 6.06287e-04 7.94774e-04
    40 9.46346e-04 1.26982e-03 5.81886e-04 7.61999e-04
    41 9.10470e-04 1.22206e-03 5.58964e-04 7.31238e-04
    42 8.78109e-04 1.17300e-03 5.37416e-04 7.02384e-04
    43 8.45954e-04 1.12794e-03 5.17134e-04 6.75317e-04
    44 8.16348e-04 1.08671e-03 4.98029e-04 6.49863e-04
    45 7.90172e-04 1.05350e-03 4.79979e-04 6.25816e-04
    46 7.62984e-04 1.01610e-03 4.62912e-04 6.03075e-04
    47 7.37634e-04 9.78430e-04 4.46777e-04 5.81630e-04
    48 7.13480e-04 9.47132e-04 4.31503e-04 5.61362e-04
    49 6.90362e-04 9.15745e-04 4.17031e-04 5.42158e-04
    50 6.68118e-04 8.83575e-04 4.03310e-04 5.23985e-04
    51 6.46639e-04 8.58030e-04 3.90294e-04 5.06742e-04
    52 6.28029e-04 8.30876e-04 3.77919e-04 4.90346e-04
    53 6.10832e-04 8.08134e-04 3.66120e-04 4.74736e-04
    54 5.93266e-04 7.83580e-04 3.54868e-04 4.59861e-04
    55 5.75310e-04 7.60391e-04 3.44147e-04 4.45697e-04
    56 5.59264e-04 7.38059e-04 3.33926e-04 4.32198e-04
    57 5.44543e-04 7.17566e-04 3.24158e-04 4.19317e-04
    58 5.30657e-04 6.98946e-04 3.14809e-04 4.07000e-04
    59 5.15297e-04 6.80289e-04 3.05870e-04 3.95212e-04
    60 5.01528e-04 6.61871e-04 2.97325e-04 3.83934e-04
    61 4.88460e-04 6.43105e-04 2.89144e-04 3.73149e-04
    62 4.76491e-04 6.26393e-04 2.81299e-04 3.62829e-04
    63 4.65439e-04 6.10622e-04 2.73764e-04 3.52933e-04
    64 4.54021e-04 5.95619e-04 2.66524e-04 3.43435e-04
    65 4.43000e-04 5.80894e-04 2.59571e-04 3.34315e-04
    66 4.32237e-04 5.66118e-04 2.52889e-04 3.25560e-04
    67 4.22902e-04 5.54325e-04 2.46460e-04 3.17135e-04
    68 4.13315e-04 5.40457e-04 2.40266e-04 3.09026e-04
    69 4.03909e-04 5.27783e-04 2.34301e-04 3.01229e-04
    70 3.95642e-04 5.16733e-04 2.28549e-04 2.93715e-04
    71 3.86791e-04 5.04696e-04 2.23000e-04 2.86471e-04
    72 3.78349e-04 4.93722e-04 2.17649e-04 2.79489e-04
    73 3.69557e-04 4.82300e-04 2.12492e-04 2.72758e-04
    74 3.61989e-04 4.71444e-04 2.07515e-04 2.66270e-04
    75 3.53960e-04 4.61458e-04 2.02710e-04 2.60009e-04
    76 3.46952e-04 4.51771e-04 1.98069e-04 2.53962e-04
    77 3.39971e-04 4.42207e-04 1.93579e-04 2.48119e-04
    78 3.32756e-04 4.33173e-04 1.89239e-04 2.42471e-04
    79 3.26496e-04 4.24816e-04 1.85040e-04 2.37006e-04
    80 3.20222e-04 4.15966e-04 1.80973e-04 2.31719e-04
    81 3.13974e-04 4.07369e-04 1.77034e-04 2.26605e-04
    82 3.08188e-04 4.00125e-04 1.73217e-04 2.21651e-04
    83 3.02298e-04 3.91558e-04 1.69517e-04 2.16853e-04
    84 2.96938e-04 3.84897e-04 1.65929e-04 2.12204e-04
    85 2.90782e-04 3.77339e-04 1.62451e-04 2.07693e-04
    86 2.85617e-04 3.69972e-04 1.59080e-04 2.03323e-04
    87 2.80976e-04 3.63353e-04 1.55805e-04 1.99084e-04
    88 2.75516e-04 3.56482e-04 1.52625e-04 1.94971e-04
    89 2.71058e-04 3.50693e-04 1.49538e-04 1.90976e-04
    90 2.66121e-04 3.43974e-04 1.46537e-04 1.87095e-04
    91 2.61601e-04 3.37597e-04 1.43621e-04 1.83330e-04
    92 2.56855e-04 3.32146e-04 1.40788e-04 1.79670e-04
    93 2.52512e-04 3.25935e-04 1.38035e-04 1.76113e-04
    94 2.48560e-04 3.20789e-04 1.35355e-04 1.72654e-04
    95 2.44213e-04 3.14922e-04 1.32748e-04 1.69291e-04
    96 2.40420e-04 3.09942e-04 1.30211e-04 1.66019e-04
    97 2.36542e-04 3.04764e-04 1.27739e-04 1.62834e-04
    98 2.32507e-04 2.99398e-04 1.25334e-04 1.59736e-04
    99 2.28957e-04 2.94924e-04 1.22992e-04 1.56719e-04
   100 2.25204e-04 2.89857e-04 1.20709e-04 1.53781e-04
   101 2.21898e-04 2.85411e-04 1.18485e-04 1.50919e-04
   102 2.18395e-04 2.80758e-04 1.16316e-04 1.48130e-04
   103 2.14995e-04 2.76236e-04 1.14202e-04 1.45413e-04
   104 2.11831e-04 2.72027e-04 1.12140e-04 1.42764e-04
   105 2.08322e-04 2.67599e-04 1.10130e-04 1.40182e-04
   106 2.05433e-04 2.63857e-04 1.08169e-04 1.37664e-04
   107 2.02350e-04 2.59601e-04 1.06254e-04 1.35206e-04
   108 1.99377e-04 2.55763e-04 1.04386e-04 1.32809e-04
   109 1.96593e-04 2.52021e-04 1.02561e-04 1.30469e-04
   110 1.93735e-04 2.48115e-04 1.00779e-04 1.28185e-04
   111 1.90781e-04 2.44544e-04 9.90391e-05 1.25956e-04
   112 1.88009e-04 2.40880e-04 9.73405e-05 1.23779e-04
   113 1.85473e-04 2.37337e-04 9.56806e-05 1.21654e-04
   114 1.82746e-04 2.33813e-04 9.40585e-05 1.19579e-04
   115 1.80197e-04 2.30301e-04 9.24736e-05 1.17552e-04
   116 1.77869e-04 2.27226e-04 9.09236e-05 1.15571e-04
   117 1.75430e-04 2.23958e-04 8.94073e-05 1.13635e-04
   118 1.72998e-04 2.20914e-04 8.79246e-05 1.11742e-04
   119 1.70612e-04 2.17805e-04 8.64748e-05 1.09891e-04
   120 1.68312e-04 2.14767e-04 8.50567e-05 1.08081e-04
   121 1.66110e-04 2.11905e-04 8.36691e-05 1.06310e-04
   122 1.63879e-04 2.08865e-04 8.23111e-05 1.04579e-04
   123 1.61741e-04 2.06178e-04 8.09821e-05 1.02885e-04
   124 1.59438e-04 2.03296e-04 7.96818e-05 1.01227e-04
   125 1.57538e-04 2.00718e-04 7.84088e-05 9.96045e-05
   126 1.55469e-04 1.97999e-04 7.71618e-05 9.80160e-05
   127 1.53546e-04 1.95496e-04 7.59404e-05 9.64607e-05
   128 1.51631e-04 1.92926e-04 7.47436e-05 9.49375e-05
   129 1.49614e-04 1.90257e-04 7.35715e-05 9.34465e-05
   130 1.47803e-04 1.87982e-04 7.24232e-05 9.19861e-05
   131 1.45856e-04 1.85500e-04 7.12980e-05 9.05552e-05
   132 1.44030e-04 1.83018e-04 7.01958e-05 8.91540e-05
   133 1.42183e-04 1.80727e-04 6.91158e-05 8.77814e-05
   134 1.40420e-04 1.78463e-04 6.80574e-05 8.64361e-05
   135 1.38870e-04 1.76422e-04 6.70191e-05 8.51168e-05
   136 1.37046e-04 1.74069e-04 6.60010e-05 8.38235e-05
   137 1.35422e-04 1.72050e-04 6.50029e-05 8.25557e-05
   138 1.33790e-04 1.69758e-04 6.40240e-05 8.13128e-05
   139 1.32131e-04 1.67748e-04 6.30640e-05 8.00943e-05
   140 1.30689e-04 1.65905e-04 6.21220e-05 7.88985e-05
   141 1.29014e-04 1.63648e-04 6.11978e-05 7.77257e-05
   142 1.27661e-04 1.61857e-04 6.02908e-05 7.65755e-05
   143 1.26063e-04 1.59872e-04 5.94005e-05 7.54466e-05
   144 1.24629e-04 1.58023e-04 5.85270e-05 7.43390e-05
   145 1.23107e-04 1.56115e-04 5.76698e-05 7.32520e-05
   146 1.21674e-04 1.54172e-04 5.68287e-05 7.21857e-05
   147 1.20324e-04 1.52525e-04 5.60028e-05 7.11390e-05
   148 1.18954e-04 1.50683e-04 5.51917e-05 7.01112e-05
   149 1.17558e-04 1.48977e-04 5.43953e-05 6.91022e-05
   150 1.16186e-04 1.47122e-04 5.36136e-05 6.81119e-05
   151 1.14893e-04 1.45392e-04 5.28459e-05 6.71401e-05
   152 1.13722e-04 1.43925e-04 5.20914e-05 6.61853e-05
   153 1.12371e-04 1.42178e-04 5.13501e-05 6.52473e-05
   154 1.11109e-04 1.40579e-04 5.06222e-05 6.43262e-05
   155 1.09862e-04 1.38959e-04 4.99071e-05 6.34216e-05
   156 1.08677e-04 1.37384e-04 4.92044e-05 6.25330e-05
   157 1.07482e-04 1.35898e-04 4.85138e-05 6.16599e-05
   158 1.06283e-04 1.34368e-04 4.78351e-05 6.08020e-05
   159 1.05204e-04 1.33025e-04 4.71680e-05 5.99585e-05
   160 1.04015e-04 1.31492e-04 4.65121e-05 5.91292e-05
   161 1.02897e-04 1.29988e-04 4.58676e-05 5.83147e-05
   162 1.01718e-04 1.28551e-04 4.52341e-05 5.75142e-05
   163 1.00688e-04 1.27129e-04 4.46113e-05 5.67275e-05
   164 9.96023e-05 1.25876e-04 4.39988e-05 5.59538e-05
   165 9.85746e-05 1.24450e-04 4.33964e-05 5.51930e-05
   166 9.75302e-05 1.23145e-04 4.28040e-05 5.44449e-05
   167 9.64702e-05 1.21762e-04 4.22214e-05 5.37095e-05
   168 9.54670e-05 1.20521e-04 4.16484e-05 5.29863e-05
   169 9.45464e-05 1.19321e-04 4.10846e-05 5.22746e-05
   170 9.34869e-05 1.17927e-04 4.05299e-05 5.15747e-05
   171 9.25234e-05 1.16711e-04 3.99845e-05 5.08866e-05
   172 9.15360e-05 1.15420e-04 3.94478e-05 5.02099e-05
   173 9.06044e-05 1.14227e-04 3.89199e-05 4.95442e-05
   174 8.96831e-05 1.13088e-04 3.84004e-05 4.88892e-05
   175 8.87291e-05 1.11863e-04 3.78892e-05 4.82446e-05
   176 8.78565e-05 1.10786e-04 3.73861e-05 4.76103e-05
   177 8.69106e-05 1.09627e-04 3.68910e-05 4.69859e-05
   178 8.60600e-05 1.08549e-04 3.64037e-05 4.63713e-05
   179 8.51391e-05 1.07344e-04 3.59242e-05 4.57666e-05
   180 8.42952e-05 1.06257e-04 3.54522e-05 4.51716e-05
   181 8.34787e-05 1.05258e-04 3.49875e-05 4.45857e-05
   182 8.25860e-05 1.04101e-04 3.45300e-05 4.40089e-05
   183 8.17628e-05 1.03048e-04 3.40797e-05 4.34414e-05
   184 8.09405e-05 1.01989e-04 3.36364e-05 4.28827e-05
   185 8.01708e-05 1.01022e-04 3.31998e-05 4.23326e-05
   186 7.93740e-05 1.00031e-04 3.27698e-05 4.17907e-05
   187 7.85477e-05 9.89151e-05 3.23464e-05 4.12573e-05
   188 7.78108e-05 9.80213e-05 3.19294e-05 4.07321e-05
   189 7.70164e-05 9.70341e-05 3.15188e-05 4.02147e-05
   190 7.62900e-05 9.60932e-05 3.11143e-05 3.97052e-05
   191 7.55432e-05 9.51408e-05 3.07157e-05 3.92033e-05
   192 7.47676e-05 9.41595e-05 3.03233e-05 3.87090e-05
   193 7.40885e-05 9.33138e-05 2.99366e-05 3.82221e-05
   194 7.33295e-05 9.23412e-05 2.95557e-05 3.77423e-05
   195 7.26530e-05 9.14796e-05 2.91805e-05 3.72698e-05
   196 7.19386e-05 9.05755e-05 2.88107e-05 3.68042e-05
   197 7.11748e-05 8.96363e-05 2.84465e-05 3.63456e-05
   198 7.05789e-05 8.88542e-05 2.80876e-05 3.58938e-05
   199 6.98563e-05 8.79487e-05 2.77339e-05 3.54484e-05
   200 6.91950e-05 8.71506e-05 2.73854e-05 3.50096e-05
   201 6.85170e-05 8.62738e-05 2.70420e-05 3.45771e-05
   202 6.78915e-05 8.54603e-05 2.67035e-05 3.41509e-05
   203 6.72673e-05 8.47000e-05 2.63698e-05 3.37308e-05
   204 6.65731e-05 8.38032e-05 2.60409e-05 3.33168e-05
   205 6.59721e-05 8.30710e-05 2.57169e-05 3.29088e-05
   206 6.53395e-05 8.22881e-05 2.53974e-05 3.25065e-05
   207 6.47340e-05 8.15283e-05 2.50824e-05 3.21098e-05
   208 6.41470e-05 8.07566e-05 2.47719e-05 3.17188e-05
   209 6.35056e-05 7.99539e-05 2.44657e-05 3.13334e-05
   210 6.29370e-05 7.92534e-05 2.41640e-05 3.09534e-05
   211 6.23186e-05 7.84706e-05 2.38665e-05 3.05788e-05
   212 6.17499e-05 7.77674e-05 2.35731e-05 3.02094e-05
   213 6.11701e-05 7.70390e-05 2.32839e-05 2.98452e-05
   214 6.05760e-05 7.63106e-05 2.29988e-05 2.94860e-05
   215 6.00386e-05 7.56157e-05 2.27177e-05 2.91319e-05
   216 5.95078e-05 7.49314e-05 2.24403e-05 2.87826e-05
   217 5.89437e-05 7.42337e-05 2.21667e-05 2.84381e-05
   218 5.83813e-05 7.35417e-05 2.18970e-05 2.80984e-05
   219 5.78663e-05 7.28819e-05 2.16310e-05 2.77633e-05
   220 5.73220e-05 7.22043e-05 2.13686e-05 2.74328e-05
   221 5.67825e-05 7.15165e-05 2.11099e-05 2.71069e-05
   222 5.62704e-05 7.09011e-05 2.08547e-05 2.67855e-05
   223 5.57356e-05 7.02283e-05 2.06030e-05 2.64683e-05
   224 5.52574e-05 6.96079e-05 2.03547e-05 2.61555e-05
   225 5.47493e-05 6.89796e-05 2.01097e-05 2.58468e-05
   226 5.42301e-05 6.83559e-05 1.98680e-05 2.55423e-05
   227 5.37661e-05 6.77603e-05 1.96296e-05 2.52418e-05
   228 5.32588e-05 6.71279e-05 1.93944e-05 2.49454e-05
   229 5.27810e-05 6.65331e-05 1.91624e-05 2.46529e-05
   230 5.22810e-05 6.59014e-05 1.89335e-05 2.43644e-05
   231 5.18340e-05 6.53325e-05 1.87077e-05 2.40797e-05
   232 5.13671e-05 6.47600e-05 1.84848e-05 2.37987e-05
   233 5.09009e-05 6.41610e-05 1.82648e-05 2.35215e-05
   234 5.04443e-05 6.36129e-05 1.80478e-05 2.32479e-05
   235 4.99626e-05 6.30072e-05 1.78337e-05 2.29779e-05
   236 4.95384e-05 6.24824e-05 1.76225e-05 2.27115e-05
   237 4.90904e-05 6.19172e-05 1.74140e-05 2.24485e-05
   238 4.86439e-05 6.13584e-05 1.72082e-05 2.21889e-05
   239 4.82337e-05 6.08572e-05 1.70051e-05 2.19327e-05
   240 4.77726e-05 6.02844e-05 1.68047e-05 2.16798e-05
   241 4.73677e-05 5.97896e-05 1.66069e-05 2.14302e-05
   242 4.69030e-05 5.92207e-05 1.64117e-05 2.11838e-05
   243 4.64995e-05 5.87008e-05 1.62191e-05 2.09406e-05
   244 4.60901e-05 5.81987e-05 1.60290e-05 2.07006e-05
   245 4.56707e-05 5.76687e-05 1.58413e-05 2.04637e-05
   246 4.52954e-05 5.72002e-05 1.56561e-05 2.02297e-05
   247 4.48676e-05 5.66549e-05 1.54732e-05 1.99988e-05
   248 4.44841e-05 5.61745e-05 1.52927e-05 1.97708e-05
   249 4.40982e-05 5.57034e-05 1.51145e-05 1.95457e-05
   250 4.36995e-05 5.51902e-05 1.49385e-05 1.93235e-05
   251 4.33407e-05 5.47682e-05 1.47648e-05 1.91040e-05
   252 4.29257e-05 5.42450e-05 1.45933e-05 1.88873e-05
   253 4.25624e-05 5.37935e-05 1.44240e-05 1.86734e-05
   254 4.21890e-05 5.33300e-05 1.42568e-05 1.84621e-05
   255 4.18026e-05 5.28491e-05 1.40918e-05 1.82535e-05
   256 4.14543e-05 5.24090e-05 1.39289e-05 1.80475e-05
   257 4.10657e-05 5.19313e-05 1.37680e-05 1.78441e-05
   258 4.07307e-05 5.15198e-05 1.36092e-05 1.76432e-05
   259 4.03558e-05 5.10582e-05 1.34524e-05 1.74448e-05
   260 4.00069e-05 5.06252e-05 1.32975e-05 1.72489e-05
   261 3.96642e-05 5.01825e-05 1.31446e-05 1.70554e-05
   262 3.93122e-05 4.97497e-05 1.29936e-05 1.68643e-05
   263 3.89821e-05 4.93455e-05 1.28445e-05 1.66756e-05
   264 3.86339e-05 4.89040e-05 1.26972e-05 1.64891e-05
   265 3.83015e-05 4.84987e-05 1.25518e-05 1.63050e-05
   266 3.79574e-05 4.80757e-05 1.24081e-05 1.61232e-05
   267 3.76296e-05 4.76695e-05 1.22663e-05 1.59435e-05
   268 3.73042e-05 4.72679e-05 1.21263e-05 1.57661e-05
   269 3.69641e-05 4.68578e-05 1.19880e-05 1.55908e-05
   270 3.66631e-05 4.64808e-05 1.18514e-05 1.54176e-05
   271 3.63357e-05 4.60749e-05 1.17164e-05 1.52465e-05
   272 3.60179e-05 4.56817e-05 1.15832e-05 1.50776e-05
   273 3.56989e-05 4.52788e-05 1.14516e-05 1.49107e-05
   274 3.54033e-05 4.49140e-05 1.13216e-05 1.47458e-05
   275 3.51092e-05 4.45457e-05 1.11932e-05 1.45828e-05
   276 3.47958e-05 4.41451e-05 1.10663e-05 1.44219e-05
   277 3.44976e-05 4.37837e-05 1.09410e-05 1.42629e-05
   278 3.41905e-05 4.33949e-05 1.08172e-05 1.41058e-05
   279 3.39006e-05 4.30454e-05 1.06950e-05 1.39506e-05
   280 3.36261e-05 4.27024e-05 1.05742e-05 1.37972e-05
   281 3.33170e-05 4.23228e-05 1.04549e-05 1.36456e-05
   282 3.30492e-05 4.19890e-05 1.03370e-05 1.34959e-05
   283 3.27500e-05 4.16195e-05 1.02205e-05 1.33479e-05
   284 3.24791e-05 4.12811e-05 1.01055e-05 1.32017e-05
   285 3.21984e-05 4.09375e-05 9.99182e-06 1.30572e-05
   286 3.19112e-05 4.05817e-05 9.87954e-06 1.29144e-05
   287 3.16603e-05 4.02722e-05 9.76860e-06 1.27733e-05
   288 3.13744e-05 3.99130e-05 9.65897e-06 1.26339e-05
   289 3.11102e-05 3.95850e-05 9.55068e-06 1.24961e-05
   290 3.08343e-05 3.92505e-05 9.44369e-06 1.23599e-05
   291 3.05689e-05 3.89222e-05 9.33801e-06 1.22254e-05
   292 3.03304e-05 3.86288e-05 9.23355e-06 1.20924e-05
   293 3.00485e-05 3.82698e-05 9.13034e-06 1.19609e-05
   294 2.97988e-05 3.79631e-05 9.02839e-06 1.18311e-05
   295 2.95452e-05 3.76441e-05 8.92763e-06 1.17027e-05
   296 2.92892e-05 3.73252e-05 8.82808e-06 1.15758e-05
   297 2.90449e-05 3.70412e-05 8.72971e-06 1.14504e-05
   298 2.87881e-05 3.67074e-05 8.63251e-06 1.13265e-05
   299 2.85566e-05 3.64285e-05 8.53646e-06 1.12040e-05
   300 2.83085e-05 3.61257e-05 8.44152e-06 1.10829e-05
   301 2.80670e-05 3.58195e-05 8.34772e-06 1.09631e-05
   302 2.78321e-05 3.55212e-05 8.25502e-06 1.08448e-05
   303 2.75836e-05 3.52156e-05 8.16343e-06 1.07279e-05
   304 2.73614e-05 3.49439e-05 8.07291e-06 1.06123e-05
   305 2.71281e-05 3.46540e-05 7.98343e-06 1.04980e-05
   306 2.68967e-05 3.43700e-05 7.89501e-06 1.03851e-05
   307 2.66682e-05 3.40874e-05 7.80763e-06 1.02734e-05
   308 2.64376e-05 3.37967e-05 7.72128e-06 1.01630e-05
   309 2.62261e-05 3.35387e-05 7.63593e-06 1.00539e-05
   310 2.59860e-05 3.32378e-05 7.55158e-06 9.94601e-06
   311 2.57705e-05 3.29789e-05 7.46823e-06 9.83938e-06
   312 2.55523e-05 3.27066e-05 7.38586e-06 9.73395e-06
   313 2.53374e-05 3.24374e-05 7.30443e-06 9.62972e-06
   314 2.51226e-05 3.21714e-05 7.22395e-06 9.52667e-06
   315 2.49062e-05 3.19034e-05 7.14442e-06 9.42481e-06
   316 2.46959e-05 3.16433e-05 7.06581e-06 9.32410e-06
   317 2.44920e-05 3.13854e-05 6.98810e-06 9.22453e-06
   318 2.42825e-05 3.11274e-05 6.91129e-06 9.12608e-06
   319 2.40766e-05 3.08703e-05 6.83538e-06 9.02876e-06
   320 2.38723e-05 3.06191e-05 6.76034e-06 8.93253e-06
   321 2.36750e-05 3.03766e-05 6.68616e-06 8.83737e-06
   322 2.34772e-05 3.01316e-05 6.61283e-06 8.74327e-06
   323 2.32772e-05 2.98830e-05 6.54034e-06 8.65022e-06
   324 2.30749e-05 2.96308e-05 6.46870e-06 8.55824e-06
   325 2.28882e-05 2.93936e-05 6.39788e-06 8.46729e-06
   326 2.26918e-05 2.91581e-05 6.32787e-06 8.37735e-06
   327 2.24939e-05 2.89084e-05 6.25867e-06 8.28843e-06
   328 2.23067e-05 2.86847e-05 6.19027e-06 8.20050e-06
   329 2.21133e-05 2.84406e-05 6.12266e-06 8.11355e-06
   330 2.19336e-05 2.82233e-05 6.05582e-06 8.02757e-06
   331 2.17481e-05 2.79889e-05 5.98974e-06 7.94253e-06
   332 2.15611e-05 2.77622e-05 5.92442e-06 7.85844e-06
   333 2.13826e-05 2.75369e-05 5.85984e-06 7.77529e-06
   334 2.11962e-05 2.73069e-05 5.79601e-06 7.69306e-06
   335 2.10233e-05 2.70999e-05 5.73290e-06 7.61173e-06
   336 2.08427e-05 2.68683e-05 5.67050e-06 7.53130e-06
   337 2.06720e-05 2.66554e-05 5.60882e-06 7.45177e-06
   338 2.05045e-05 2.64480e-05 5.54782e-06 7.37310e-06
   339 2.03185e-05 2.62161e-05 5.48752e-06 7.29531e-06
   340 2.01536e-05 2.60102e-05 5.42791e-06 7.21840e-06
   341 1.99787e-05 2.57928e-05 5.36898e-06 7.14233e-06
   342 1.98136e-05 2.55891e-05 5.31072e-06 7.06710e-06
   343 1.96486e-05 2.53877e-05 5.25311e-06 6.99268e-06
   344 1.94783e-05 2.51700e-05 5.19616e-06 6.91909e-06
   345 1.93227e-05 2.49813e-05 5.13984e-06 6.84630e-06
   346 1.91521e-05 2.47686e-05 5.08416e-06 6.77431e-06
   347 1.89955e-05 2.45748e-05 5.02912e-06 6.70310e-06
   348 1.88362e-05 2.43808e-05 4.97468e-06 6.63266e-06
   349 1.86732e-05 2.41763e-05 4.92087e-06 6.56300e-06
   350 1.85242e-05 2.39957e-05 4.86765e-06 6.49408e-06
   351 1.83619e-05 2.37862e-05 4.81504e-06 6.42592e-06
   352 1.82093e-05 2.36025e-05 4.76301e-06 6.35851e-06
   353 1.80538e-05 2.34050e-05 4.71158e-06 6.29184e-06
   354 1.79004e-05 2.32147e-05 4.66072e-06 6.22590e-06
   355 1.77553e-05 2.30407e-05 4.61043e-06 6.16066e-06
   356 1.76011e-05 2.28460e-05 4.56070e-06 6.09612e-06
   357 1.74569e-05 2.26679e-05 4.51153e-06 6.03228e-06
   358 1.73072e-05 2.24757e-05 4.46291e-06 5.96914e-06
   359 1.71648e-05 2.22984e-05 4.41483e-06 5.90670e-06
   360 1.70232e-05 2.21236e-05 4.36728e-06 5.84491e-06
   361 1.68746e-05 2.19379e-05 4.32027e-06 5.78380e-06
   362 1.67390e-05 2.17703e-05 4.27378e-06 5.72335e-06
   363 1.65937e-05 2.15857e-05 4.22780e-06 5.66355e-06
   364 1.64564e-05 2.14173e-05 4.18234e-06 5.60440e-06
   365 1.63129e-05 2.12400e-05 4.13739e-06 5.54588e-06
   366 1.61754e-05 2.10658e-05 4.09295e-06 5.48801e-06
   367 1.60441e-05 2.09025e-05 4.04899e-06 5.43075e-06
   368 1.59070e-05 2.07314e-05 4.00552e-06 5.37411e-06
   369 1.57752e-05 2.05663e-05 3.96253e-06 5.31807e-06
   370 1.56395e-05 2.03973e-05 3.92002e-06 5.26264e-06
   371 1.55101e-05 2.02353e-05 3.87799e-06 5.20781e-06
   372 1.53802e-05 2.00801e-05 3.83641e-06 5.15355e-06
   373 1.52494e-05 1.99104e-05 3.79530e-06 5.09987e-06
   374 1.51228e-05 1.97566e-05 3.75464e-06 5.04677e-06
   375 1.49924e-05 1.95905e-05 3.71443e-06 4.99424e-06
   376 1.48705e-05 1.94392e-05 3.67467e-06 4.94227e-06
   377 1.47450e-05 1.92850e-05 3.63534e-06 4.89084e-06
   378 1.46200e-05 1.91257e-05 3.59644e-06 4.83996e-06
   379 1.44994e-05 1.89785e-05 3.55798e-06 4.78963e-06
   380 1.43758e-05 1.88188e-05 3.51993e-06 4.73983e-06
   381 1.42571e-05 1.86743e-05 3.48231e-06 4.69056e-06
   382 1.41350e-05 1.85184e-05 3.44510e-06 4.64182e-06
   383 1.40182e-05 1.83709e-05 3.40830e-06 4.59360e-06
   384 1.39000e-05 1.82237e-05 3.37190e-06 4.54589e-06
   385 1.37822e-05 1.80766e-05 3.33590e-06 4.49868e-06
   386 1.36684e-05 1.79363e-05 3.30030e-06 4.45197e-06
   387 1.35521e-05 1.77867e-05 3.26508e-06 4.40576e-06
   388 1.34386e-05 1.76486e-05 3.23026e-06 4.36004e-06
   389 1.33243e-05 1.75054e-05 3.19581e-06 4.31479e-06
   390 1.32106e-05 1.73623e-05 3.16175e-06 4.27003e-06
   391 1.31038e-05 1.72308e-05 3.12806e-06 4.22574e-06
   392 1.29912e-05 1.70847e-05 3.09473e-06 4.18192e-06
   393 1.28843e-05 1.69537e-05 3.06177e-06 4.13855e-06
   394 1.27736e-05 1.68136e-05 3.02917e-06 4.09565e-06
   395 1.26648e-05 1.66775e-05 2.99692e-06 4.05320e-06
   396 1.25621e-05 1.65491e-05 2.96503e-06 4.01120e-06
   397 1.24558e-05 1.64126e-05 2.93348e-06 3.96963e-06
   398 1.23519e-05 1.62871e-05 2.90228e-06 3.92850e-06
   399 1.22457e-05 1.61493e-05 2.87142e-06 3.88780e-06
   400 1.21422e-05 1.60205e-05 2.84090e-06 3.84754e-06
   401 1.20419e-05 1.58933e-05 2.81070e-06 3.80770e-06
   402 1.19392e-05 1.57627e-05 2.78084e-06 3.76827e-06
   403 1.18401e-05 1.56436e-05 2.75130e-06 3.72926e-06
   404 1.17390e-05 1.55134e-05 2.72208e-06 3.69065e-06
   405 1.16431e-05 1.53920e-05 2.69318e-06 3.65245e-06
   406 1.15450e-05 1.52703e-05 2.66459e-06 3.61464e-06
   407 1.14467e-05 1.51413e-05 2.63631e-06 3.57723e-06
   408 1.13532e-05 1.50272e-05 2.60833e-06 3.54022e-06
   409 1.12554e-05 1.49050e-05 2.58066e-06 3.50358e-06
   410 1.11619e-05 1.47870e-05 2.55329e-06 3.46733e-06
   411 1.10680e-05 1.46690e-05 2.52621e-06 3.43145e-06
   412 1.09749e-05 1.45492e-05 2.49943e-06 3.39595e-06
   413 1.08840e-05 1.44334e-05 2.47293e-06 3.36082e-06
   414 1.07920e-05 1.43159e-05 2.44672e-06 3.32606e-06
   415 1.07013e-05 1.42044e-05 2.42080e-06 3.29165e-06
   416 1.06103e-05 1.40872e-05 2.39515e-06 3.25761e-06
   417 1.05210e-05 1.39777e-05 2.36978e-06 3.22392e-06
   418 1.04342e-05 1.38647e-05 2.34469e-06 3.19057e-06
   419 1.03465e-05 1.37533e-05 2.31986e-06 3.15758e-06
   420 1.02581e-05 1.36456e-05 2.29530e-06 3.12492e-06
   421 1.01711e-05 1.35323e-05 2.27101e-06 3.09260e-06
   422 1.00868e-05 1.34244e-05 2.24698e-06 3.06063e-06
   423 1.00015e-05 1.33170e-05 2.22321e-06 3.02898e-06
   424 9.91734e-06 1.32099e-05 2.19969e-06 2.99766e-06
   425 9.83381e-06 1.31032e-05 2.17643e-06 2.96667e-06
   426 9.75057e-06 1.30000e-05 2.15341e-06 2.93600e-06
   427 9.67078e-06 1.28967e-05 2.13064e-06 2.90564e-06
   428 9.58862e-06 1.27907e-05 2.10812e-06 2.87559e-06
   429 9.50695e-06 1.26893e-05 2.08584e-06 2.84586e-06
   430 9.42816e-06 1.25887e-05 2.06379e-06 2.81643e-06
   431 9.34956e-06 1.24881e-05 2.04198e-06 2.78731e-06
   432 9.27163e-06 1.23916e-05 2.02041e-06 2.75848e-06
   433 9.19219e-06 1.22879e-05 1.99906e-06 2.72995e-06
   434 9.11436e-06 1.21907e-05 1.97795e-06 2.70172e-06
   435 9.03812e-06 1.20904e-05 1.95706e-06 2.67377e-06
   436 8.96319e-06 1.19974e-05 1.93639e-06 2.64612e-06
   437 8.88746e-06 1.19015e-05 1.91594e-06 2.61874e-06
   438 8.81312e-06 1.18031e-05 1.89571e-06 2.59165e-06
   439 8.73849e-06 1.17102e-05 1.87570e-06 2.56484e-06
   440 8.66470e-06 1.16146e-05 1.85590e-06 2.53831e-06
   441 8.59176e-06 1.15248e-05 1.83632e-06 2.51204e-06
   442 8.52001e-06 1.14317e-05 1.81694e-06 2.48604e-06
   443 8.44917e-06 1.13383e-05 1.79776e-06 2.46031e-06
   444 8.37753e-06 1.12516e-05 1.77879e-06 2.43485e-06
   445 8.30748e-06 1.11570e-05 1.76002e-06 2.40964e-06
   446 8.23714e-06 1.10708e-05 1.74146e-06 2.38469e-06
   447 8.16770e-06 1.09789e-05 1.72308e-06 2.36000e-06
   448 8.10074e-06 1.08912e-05 1.70491e-06 2.33557e-06
   449 8.03121e-06 1.08093e-05 1.68692e-06 2.31137e-06
   450 7.96349e-06 1.07172e-05 1.66913e-06 2.28743e-06
   451 7.89566e-06 1.06318e-05 1.65153e-06 2.26373e-06
   452 7.82956e-06 1.05455e-05 1.63412e-06 2.24028e-06
   453 7.76418e-06 1.04627e-05 1.61689e-06 2.21707e-06
   454 7.69904e-06 1.03798e-05 1.59984e-06 2.19409e-06
   455 7.63522e-06 1.02947e-05 1.58297e-06 2.17135e-06
   456 7.57138e-06 1.02145e-05 1.56627e-06 2.14883e-06
   457 7.50696e-06 1.01315e-05 1.54976e-06 2.12655e-06
   458 7.44282e-06 1.00501e-05 1.53342e-06 2.10449e-06
   459 7.38079e-06 9.97014e-06 1.51726e-06 2.08266e-06
   460 7.32057e-06 9.88965e-06 1.50126e-06 2.06105e-06
   461 7.25791e-06 9.81346e-06 1.48543e-06 2.03966e-06
   462 7.19872e-06 9.73233e-06 1.46977e-06 2.01848e-06
   463 7.13767e-06 9.65516e-06 1.45427e-06 1.99752e-06
   464 7.07778e-06 9.57614e-06 1.43893e-06 1.97677e-06
   465 7.01836e-06 9.50030e-06 1.42376e-06 1.95624e-06
   466 6.95889e-06 9.42517e-06 1.40875e-06 1.93591e-06
   467 6.90160e-06 9.34731e-06 1.39389e-06 1.91579e-06
   468 6.84299e-06 9.27389e-06 1.37919e-06 1.89588e-06
   469 6.78609e-06 9.19938e-06 1.36465e-06 1.87616e-06
   470 6.72744e-06 9.12572e-06 1.35026e-06 1.85665e-06
   471 6.67232e-06 9.05083e-06 1.33602e-06 1.83733e-06
   472 6.61705e-06 8.97898e-06 1.32192e-06 1.81821e-06
   473 6.56126e-06 8.90953e-06 1.30798e-06 1.79928e-06
   474 6.50684e-06 8.83761e-06 1.29418e-06 1.78054e-06
   475 6.45128e-06 8.76601e-06 1.28052e-06 1.76199e-06
   476 6.39749e-06 8.69581e-06 1.26701e-06 1.74363e-06
   477 6.34508e-06 8.62693e-06 1.25364e-06 1.72545e-06
   478 6.29098e-06 8.55923e-06 1.24041e-06 1.70746e-06
   479 6.23925e-06 8.48926e-06 1.22732e-06 1.68964e-06
   480 6.18577e-06 8.42235e-06 1.21436e-06 1.67201e-06
   481 6.13486e-06 8.35371e-06 1.20154e-06 1.65455e-06
   482 6.08305e-06 8.28619e-06 1.18885e-06 1.63727e-06
   483 6.03211e-06 8.21987e-06 1.17630e-06 1.62017e-06
   484 5.98264e-06 8.15414e-06 1.16388e-06 1.60324e-06
   485 5.93141e-06 8.09017e-06 1.15158e-06 1.58647e-06
   486 5.88378e-06 8.02453e-06 1.13941e-06 1.56988e-06
   487 5.83293e-06 7.96067e-06 1.12737e-06 1.55345e-06
   488 5.78385e-06 7.89475e-06 1.11546e-06 1.53718e-06
   489 5.73640e-06 7.83112e-06 1.10366e-06 1.52109e-06
   490 5.68764e-06 7.77123e-06 1.09199e-06 1.50515e-06
   491 5.64188e-06 7.70857e-06 1.08045e-06 1.48937e-06
   492 5.59374e-06 7.64741e-06 1.06902e-06 1.47375e-06
   493 5.54739e-06 7.58514e-06 1.05770e-06 1.45828e-06
   494 5.50188e-06 7.52493e-06 1.04651e-06 1.44298e-06
   495 5.45518e-06 7.46455e-06 1.03543e-06 1.42782e-06
   496 5.41138e-06 7.40435e-06 1.02447e-06 1.41282e-06
   497 5.36444e-06 7.34655e-06 1.01361e-06 1.39796e-06
   498 5.32022e-06 7.28675e-06 1.00288e-06 1.38325e-06
   499 5.27662e-06 7.22825e-06 9.92247e-07 1.36870e-06
   500 5.23183e-06 7.17087e-06 9.81728e-07 1.35428e-06
   501 5.19038e-06 7.11303e-06 9.71316e-07 1.34001e-06
   502 5.14512e-06 7.05826e-06 9.61012e-07 1.32588e-06
   503 5.10417e-06 7.00040e-06 9.50814e-07 1.31190e-06
   504 5.06106e-06 6.94533e-06 9.40719e-07 1.29805e-06
   505 5.01991e-06 6.88887e-06 9.30728e-07 1.28434e-06
   506 4.97896e-06 6.83345e-06 9.20838e-07 1.27076e-06
   507 4.93501e-06 6.77917e-06 9.11052e-07 1.25733e-06
   508 4.89518e-06 6.72434e-06 9.01367e-07 1.24402e-06
   509 4.85346e-06 6.67163e-06 8.91781e-07 1.23085e-06
   510 4.81580e-06 6.61793e-06 8.82292e-07 1.21781e-06
   511 4.77496e-06 6.56516e-06 8.72899e-07 1.20490e-06
   512 4.73498e-06 6.51243e-06 8.63603e-07 1.19211e-06
   513 4.69603e-06 6.46008e-06 8.54402e-07 1.17946e-06
   514 4.65632e-06 6.40919e-06 8.45295e-07 1.16693e-06
   515 4.62019e-06 6.35723e-06 8.36280e-07 1.15452e-06
   516 4.57973e-06 6.30713e-06 8.27357e-07 1.14223e-06
   517 4.54252e-06 6.25674e-06 8.18526e-07 1.13007e-06
   518 4.50569e-06 6.20704e-06 8.09784e-07 1.11803e-06
   519 4.46721e-06 6.15781e-06 8.01131e-07 1.10611e-06
   520 4.43270e-06 6.10868e-06 7.92565e-07 1.09430e-06
   521 4.39364e-06 6.05916e-06 7.84087e-07 1.08261e-06
   522 4.35909e-06 6.01075e-06 7.75695e-07 1.07104e-06
   523 4.32157e-06 5.96325e-06 7.67388e-07 1.05958e-06
   524 4.28763e-06 5.91558e-06 7.59166e-07 1.04824e-06
   525 4.25253e-06 5.86865e-06 7.51024e-07 1.03700e-06
   526 4.21610e-06 5.82197e-06 7.42967e-07 1.02588e-06
   527 4.18342e-06 5.77571e-06 7.34990e-07 1.01487e-06
   528 4.14763e-06 5.72949e-06 7.27093e-07 1.00396e-06
   529 4.11483e-06 5.68433e-06 7.19276e-07 9.93161e-07
   530 4.08207e-06 5.63868e-06 7.11536e-07 9.82469e-07
   531 4.04527e-06 5.59310e-06 7.03876e-07 9.71883e-07
   532 4.01679e-06 5.54967e-06 6.96292e-07 9.61401e-07
   533 3.97972e-06 5.50523e-06 6.88783e-07 9.51020e-07
   534 3.94865e-06 5.46128e-06 6.81353e-07 9.40743e-07
   535 3.91777e-06 5.41781e-06 6.73994e-07 9.30566e-07
   536 3.88472e-06 5.37488e-06 6.66709e-07 9.20489e-07
   537 3.85530e-06 5.33204e-06 6.59496e-07 9.10511e-07
   538 3.81989e-06 5.28947e-06 6.52356e-07 9.00630e-07
   539 3.79183e-06 5.24779e-06 6.45289e-07 8.90847e-07
   540 3.75995e-06 5.20641e-06 6.38290e-07 8.81158e-07
   541 3.72922e-06 5.16573e-06 6.31362e-07 8.71563e-07
   542 3.70118e-06 5.12446e-06 6.24501e-07 8.62062e-07
   543 3.66819e-06 5.08339e-06 6.17709e-07 8.52654e-07
   544 3.64238e-06 5.04324e-06 6.10984e-07 8.43337e-07
   545 3.61056e-06 5.00309e-06 6.04324e-07 8.34112e-07
   546 3.58016e-06 4.96300e-06 5.97733e-07 8.24977e-07
   547 3.55500e-06 4.92447e-06 5.91205e-07 8.15931e-07
   548 3.52062e-06 4.88506e-06 5.84743e-07 8.06973e-07
   549 3.49753e-06 4.84687e-06 5.78345e-07 7.98101e-07
   550 3.46609e-06 4.80830e-06 5.72009e-07 7.89315e-07
   551 3.43842e-06 4.77032e-06 5.65738e-07 7.80616e-07
   552 3.41279e-06 4.73295e-06 5.59526e-07 7.72000e-07
   553 3.38310e-06 4.69521e-06 5.53376e-07 7.63468e-07
   554 3.35966e-06 4.65888e-06 5.47285e-07 7.55018e-07
   555 3.32808e-06 4.62126e-06 5.41255e-07 7.46650e-07
   556 3.30546e-06 4.58514e-06 5.35284e-07 7.38363e-07
   557 3.27754e-06 4.54886e-06 5.29370e-07 7.30157e-07
   558 3.25071e-06 4.51332e-06 5.23515e-07 7.22029e-07
   559 3.22648e-06 4.47843e-06 5.17716e-07 7.13980e-07
   560 3.19791e-06 4.44248e-06 5.11975e-07 7.06008e-07
   561 3.17597e-06 4.40803e-06 5.06289e-07 6.98112e-07
   562 3.14956e-06 4.37364e-06 5.00657e-07 6.90293e-07
   563 3.12342e-06 4.33880e-06 4.95081e-07 6.82548e-07
   564 3.09973e-06 4.30470e-06 4.89559e-07 6.74879e-07
   565 3.07430e-06 4.27105e-06 4.84090e-07 6.67283e-07
   566 3.05208e-06 4.23814e-06 4.78674e-07 6.59760e-07
   567 3.02659e-06 4.20455e-06 4.73309e-07 6.52308e-07
   568 3.00279e-06 4.17142e-06 4.67996e-07 6.44928e-07
   569 2.97832e-06 4.13839e-06 4.62736e-07 6.37620e-07
   570 2.95602e-06 4.10644e-06 4.57526e-07 6.30381e-07
   571 2.93262e-06 4.07454e-06 4.52365e-07 6.23211e-07
   572 2.90849e-06 4.04256e-06 4.47254e-07 6.16109e-07
   573 2.88671e-06 4.01147e-06 4.42193e-07 6.09075e-07
   574 2.86399e-06 3.98018e-06 4.37179e-07 6.02108e-07
   575 2.84334e-06 3.94992e-06 4.32212e-07 5.95206e-07
   576 2.82019e-06 3.91825e-06 4.27292e-07 5.88370e-07
   577 2.79828e-06 3.88813e-06 4.22419e-07 5.81600e-07
   578 2.77681e-06 3.85790e-06 4.17592e-07 5.74893e-07
   579 2.75400e-06 3.82727e-06 4.12812e-07 5.68251e-07
   580 2.73458e-06 3.79809e-06 4.08076e-07 5.61672e-07
   581 2.71141e-06 3.76796e-06 4.03385e-07 5.55155e-07
   582 2.69166e-06 3.73904e-06 3.98740e-07 5.48701e-07
   583 2.67190e-06 3.71087e-06 3.94136e-07 5.42306e-07
   584 2.64788e-06 3.68126e-06 3.89577e-07 5.35972e-07
   585 2.63174e-06 3.65377e-06 3.85061e-07 5.29697e-07
   586 2.60863e-06 3.62460e-06 3.80586e-07 5.23481e-07
   587 2.59030e-06 3.59749e-06 3.76154e-07 5.17324e-07
   588 2.57118e-06 3.57021e-06 3.71761e-07 5.11224e-07
   589 2.54785e-06 3.54136e-06 3.67412e-07 5.05182e-07
   590 2.53303e-06 3.51594e-06 3.63102e-07 4.99196e-07
   591 2.51097e-06 3.48796e-06 3.58831e-07 4.93266e-07
   592 2.49431e-06 3.46200e-06 3.54600e-07 4.87391e-07
   593 2.47416e-06 3.43487e-06 3.50408e-07 4.81571e-07
   594 2.45465e-06 3.40848e-06 3.46255e-07 4.75806e-07
   595 2.44039e-06 3.38442e-06 3.42138e-07 4.70093e-07
   596 2.41748e-06 3.35710e-06 3.38059e-07 4.64432e-07
   597 2.40175e-06 3.33199e-06 3.34020e-07 4.58825e-07
   598 2.38206e-06 3.30607e-06 3.30017e-07 4.53271e-07
   599 2.36588e-06 3.28176e-06 3.26050e-07 4.47767e-07
   600 2.35113e-06 3.25830e-06 3.22116e-07 4.42312e-07
   601 2.32756e-06 3.23112e-06 3.18221e-07 4.36909e-07
   602 2.31377e-06 3.20769e-06 3.14362e-07 4.31557e-07
   603 2.29661e-06 3.18361e-06 3.10536e-07 4.26253e-07
   604 2.27995e-06 3.16002e-06 3.06745e-07 4.20997e-07
   605 2.26580e-06 3.13728e-06 3.02985e-07 4.15789e-07
   606 2.24272e-06 3.11115e-06 2.99262e-07 4.10629e-07
   607 2.23090e-06 3.08948e-06 2.95574e-07 4.05517e-07
   608 2.21374e-06 3.06640e-06 2.91916e-07 4.00451e-07
   609 2.19973e-06 3.04460e-06 2.88289e-07 3.95429e-07
   610 2.18195e-06 3.02088e-06 2.84695e-07 3.90454e-07
   611 2.16489e-06 2.99772e-06 2.81135e-07 3.85524e-07
   612 2.15208e-06 2.97682e-06 2.77605e-07 3.80639e-07
   613 2.13498e-06 2.95444e-06 2.74105e-07 3.75797e-07
   614 2.12111e-06 2.93318e-06 2.70637e-07 3.70999e-07
   615 2.10350e-06 2.91041e-06 2.67199e-07 3.66244e-07
   616 2.09195e-06 2.89050e-06 2.63791e-07 3.61532e-07
   617 2.07853e-06 2.86985e-06 2.60409e-07 3.56860e-07
   618 2.05924e-06 2.84661e-06 2.57058e-07 3.52231e-07
   619 2.04762e-06 2.82729e-06 2.53738e-07 3.47644e-07
   620 2.03093e-06 2.80551e-06 2.50446e-07 3.43098e-07
   621 2.02167e-06 2.78777e-06 2.47181e-07 3.38591e-07
   622 2.00290e-06 2.76517e-06 2.43943e-07 3.34124e-07
   623 1.99057e-06 2.74567e-06 2.40735e-07 3.29697e-07
   624 1.97765e-06 2.72646e-06 2.37553e-07 3.25309e-07
   625 1.96185e-06 2.70576e-06 2.34399e-07 3.20960e-07
   626 1.95310e-06 2.68881e-06 2.31270e-07 3.16648e-07
   627 1.93581e-06 2.66739e-06 2.28166e-07 3.12373e-07
   628 1.92546e-06 2.64965e-06 2.25089e-07 3.08136e-07
   629 1.91387e-06 2.63170e-06 2.22035e-07 3.03935e-07
   630 1.89503e-06 2.61005e-06 2.19010e-07 2.99771e-07
   631 1.88659e-06 2.59381e-06 2.16011e-07 2.95645e-07
   632 1.87292e-06 2.57528e-06 2.13034e-07 2.91552e-07
   633 1.86373e-06 2.55889e-06 2.10080e-07 2.87494e-07
   634 1.85093e-06 2.54069e-06 2.07149e-07 2.83469e-07
   635 1.83523e-06 2.52093e-06 2.04244e-07 2.79480e-07
   636 1.82829e-06 2.50609e-06 2.01362e-07 2.75525e-07
   637 1.81157e-06 2.48625e-06 1.98502e-07 2.71603e-07
   638 1.80602e-06 2.47255e-06 1.95665e-07 2.67714e-07
   639 1.78855e-06 2.45224e-06 1.92850e-07 2.63858e-07
   640 1.77898e-06 2.43650e-06 1.90061e-07 2.60035e-07
   641 1.77451e-06 2.42397e-06 1.87287e-07 2.56241e-07
   642 1.75698e-06 2.40432e-06 1.84534e-07 2.52478e-07
   643 1.75044e-06 2.39053e-06 1.81805e-07 2.48746e-07
   644 1.73444e-06 2.37156e-06 1.79097e-07 2.45046e-07
   645 1.72563e-06 2.35686e-06 1.76413e-07 2.41378e-07
   646 1.72166e-06 2.34539e-06 1.73742e-07 2.37735e-07
   647 1.70363e-06 2.32529e-06 1.71093e-07 2.34123e-07
   648 1.70075e-06 2.31451e-06 1.68465e-07 2.30541e-07
   649 1.68477e-06 2.29608e-06 1.65854e-07 2.26986e-07
   650 1.67876e-06 2.28341e-06 1.63265e-07 2.23461e-07
   651 1.67114e-06 2.27032e-06 1.60690e-07 2.19960e-07
   652 1.65495e-06 2.25183e-06 1.58138e-07 2.16490e-07
   653 1.65475e-06 2.24347e-06 1.55601e-07 2.13045e-07
   654 1.63852e-06 2.22499e-06 1.53082e-07 2.09626e-07
   655 1.63352e-06 2.21409e-06 1.50582e-07 2.06235e-07
   656 1.62516e-06 2.20092e-06 1.48096e-07 2.02867e-07
   657 1.61402e-06 2.18589e-06 1.45629e-07 1.99526e-07
   658 1.61440e-06 2.17884e-06 1.43174e-07 1.96207e-07
   659 1.59672e-06 2.15992e-06 1.40736e-07 1.92913e-07
   660 1.59358e-06 2.15038e-06 1.38317e-07 1.89645e-07
   661 1.58555e-06 2.13810e-06 1.35911e-07 1.86398e-07
   662 1.57822e-06 2.12619e-06 1.33519e-07 1.83175e-07
   663 1.57407e-06 2.11703e-06 1.31140e-07 1.79973e-07
   664 1.56473e-06 2.10388e-06 1.28775e-07 1.76792e-07
   665 1.55837e-06 2.09265e-06 1.26425e-07 1.73634e-07
   666 1.55336e-06 2.08326e-06 1.24087e-07 1.70497e-07
   667 1.54960e-06 2.07440e-06 1.21759e-07 1.67378e-07
   668 1.54358e-06 2.06438e-06 1.19442e-07 1.64277e-07
   669 1.53493e-06 2.05220e-06 1.17140e-07 1.61198e-07
   670 1.53503e-06 2.04679e-06 1.14847e-07 1.58137e-07
   671 1.52902e-06 2.03698e-06 1.12562e-07 1.55092e-07
   672 1.52678e-06 2.02997e-06 1.10287e-07 1.52064e-07
   673 1.51982e-06 2.01979e-06 1.08021e-07 1.49053e-07
   674 1.52235e-06 2.01671e-06 1.05763e-07 1.46056e-07
   675 1.52328e-06 2.01258e-06 1.03505e-07 1.43069e-07
   676 1.51981e-06 2.00570e-06 1.01253e-07 1.40095e-07
   677 1.52101e-06 2.00220e-06 9.90054e-08 1.37133e-07
   678 1.52569e-06 2.00162e-06 9.67569e-08 1.34178e-07
   679 1.53223e-06 2.00354e-06 9.45034e-08 1.31226e-07
   680 1.54001e-06 2.00638e-06 9.22428e-08 1.28276e-07
   681 1.56615e-06 2.02612e-06 8.99606e-08 1.25313e-07
   682 1.47517e-06 1.92070e-06 8.77299e-08 1.22418e-07
   683 1.34326e-06 1.77033e-06 8.56667e-08 1.19715e-07
   684 1.28182e-06 1.69509e-06 8.37467e-08 1.17181e-07
   685 1.22520e-06 1.62967e-06 8.19157e-08 1.14752e-07
   686 1.18531e-06 1.58019e-06 8.01577e-08 1.12411e-07
   687 1.14742e-06 1.53415e-06 7.84589e-08 1.10143e-07
   688 1.11359e-06 1.49445e-06 7.68147e-08 1.07941e-07
   689 1.08598e-06 1.45583e-06 7.52174e-08 1.05798e-07
   690 1.05493e-06 1.42188e-06 7.36650e-08 1.03712e-07
   691 1.02292e-06 1.37958e-06 7.21606e-08 1.01683e-07
   692 9.99018e-07 1.35115e-06 7.06986e-08 9.97088e-08
   693 9.71001e-07 1.31583e-06 6.92763e-08 9.77834e-08
   694 9.48236e-07 1.28570e-06 6.78926e-08 9.59078e-08
   695 9.28266e-07 1.26407e-06 6.65418e-08 9.40722e-08
   696 9.10997e-07 1.23819e-06 6.52195e-08 9.22734e-08
   697 8.86578e-07 1.20884e-06 6.39291e-08 9.05167e-08
   698 8.69182e-07 1.18680e-06 6.26706e-08 8.87995e-08
   699 8.48948e-07 1.15866e-06 6.14408e-08 8.71207e-08
   700 8.33660e-07 1.14217e-06 6.02381e-08 8.54761e-08
   701 8.05523e-07 1.10468e-06 5.90682e-08 8.38724e-08
   702 7.95793e-07 1.09288e-06 5.79268e-08 8.23061e-08
   703 7.84645e-07 1.07774e-06 5.68019e-08 8.07611e-08
   704 7.64170e-07 1.04989e-06 5.57011e-08 7.92490e-08
   705 7.46044e-07 1.02974e-06 5.46293e-08 7.77730e-08
   706 7.27520e-07 1.00292e-06 5.35850e-08 7.63325e-08
   707 7.18962e-07 9.94658e-07 5.25613e-08 7.49188e-08
   708 7.03073e-07 9.70711e-07 5.15564e-08 7.35299e-08
   709 6.92425e-07 9.57055e-07 5.05716e-08 7.21695e-08
   710 6.75806e-07 9.37541e-07 4.96074e-08 7.08343e-08
   711 6.65578e-07 9.21234e-07 4.86634e-08 6.95263e-08
   712 6.55059e-07 9.11905e-07 4.77354e-08 6.82381e-08
   713 6.37208e-07 8.85340e-07 4.68286e-08 6.69769e-08
   714 6.24700e-07 8.69620e-07 4.59443e-08 6.57472e-08
   715 6.18841e-07 8.60059e-07 4.50741e-08 6.45368e-08
   716 6.05700e-07 8.42701e-07 4.42184e-08 6.33469e-08
   717 5.90243e-07 8.25614e-07 4.33839e-08 6.21827e-08
   718 5.78709e-07 8.07886e-07 4.25693e-08 6.10444e-08
   719 5.73003e-07 8.01839e-07 4.17679e-08 5.99243e-08
   720 5.64605e-07 7.89591e-07 4.09773e-08 5.88183e-08
   721 5.47256e-07 7.66185e-07 4.02058e-08 5.77388e-08
   722 5.41330e-07 7.58352e-07 3.94514e-08 5.66822e-08
   723 5.25648e-07 7.37580e-07 3.87130e-08 5.56470e-08
   724 5.28555e-07 7.42159e-07 3.79845e-08 5.46244e-08
   725 5.08363e-07 7.14586e-07 3.72690e-08 5.36192e-08
   726 5.04805e-07 7.10069e-07 3.65707e-08 5.26374e-08
   727 4.87246e-07 6.85818e-07 3.58880e-08 5.16767e-08
   728 4.86727e-07 6.84580e-07 3.52186e-08 5.07349e-08
   729 4.79920e-07 6.77200e-07 3.45552e-08 4.98002e-08
   730 4.69513e-07 6.61707e-07 3.39044e-08 4.88826e-08
   731 4.56487e-07 6.46005e-07 3.32707e-08 4.79875e-08
   732 4.51782e-07 6.36994e-07 3.26498e-08 4.71106e-08
   733 4.43059e-07 6.26726e-07 3.20390e-08 4.62480e-08
   734 4.38110e-07 6.20293e-07 3.14384e-08 4.53979e-08
   735 4.26343e-07 6.03355e-07 3.08499e-08 4.45650e-08
   736 4.22391e-07 5.99482e-07 3.02730e-08 4.37473e-08
   737 4.18843e-07 5.92265e-07 2.97019e-08 4.29382e-08
   738 4.09559e-07 5.81777e-07 2.91403e-08 4.21423e-08
   739 3.93305e-07 5.58864e-07 2.85967e-08 4.13701e-08
   740 3.85669e-07 5.47934e-07 2.80701e-08 4.06218e-08
   741 3.96926e-07 5.64427e-07 2.75417e-08 3.98707e-08
   742 3.76159e-07 5.34563e-07 2.70205e-08 3.91298e-08
   743 3.72201e-07 5.30981e-07 2.65166e-08 3.84123e-08
   744 3.68340e-07 5.25389e-07 2.60186e-08 3.77020e-08
   745 3.58565e-07 5.10030e-07 2.55304e-08 3.70066e-08
   746 3.57928e-07 5.11307e-07 2.50499e-08 3.63216e-08
   747 3.44073e-07 4.90619e-07 2.45797e-08 3.56506e-08
   748 3.42037e-07 4.89609e-07 2.41208e-08 3.49949e-08
   749 3.38870e-07 4.84085e-07 2.36659e-08 3.43445e-08
   750 3.29530e-07 4.71231e-07 2.32200e-08 3.37072e-08
   751 3.27111e-07 4.68318e-07 2.27826e-08 3.30813e-08
   752 3.13173e-07 4.48317e-07 2.23566e-08 3.24715e-08
   753 3.13612e-07 4.51185e-07 2.19402e-08 3.18738e-08
   754 3.19434e-07 4.55606e-07 2.15201e-08 3.12721e-08
   755 3.02575e-07 4.34328e-07 2.11080e-08 3.06825e-08
   756 2.95490e-07 4.25232e-07 2.07122e-08 3.01136e-08
   757 2.87622e-07 4.13454e-07 2.03269e-08 2.95594e-08
   758 2.99006e-07 4.27664e-07 1.99397e-08 2.90042e-08
   759 2.79747e-07 4.02623e-07 1.95583e-08 2.84571e-08
   760 2.79973e-07 4.03957e-07 1.91899e-08 2.79261e-08
   761 2.71413e-07 3.91175e-07 1.88274e-08 2.74033e-08
   762 2.72695e-07 3.91268e-07 1.84701e-08 2.68896e-08
   763 2.65424e-07 3.82618e-07 1.81173e-08 2.63821e-08
   764 2.58613e-07 3.72541e-07 1.77741e-08 2.58876e-08
   765 2.57499e-07 3.72153e-07 1.74366e-08 2.54006e-08
   766 2.51010e-07 3.62373e-07 1.71044e-08 2.49208e-08
   767 2.49799e-07 3.60326e-07 1.67777e-08 2.44494e-08
   768 2.43552e-07 3.51533e-07 1.64563e-08 2.39857e-08
   769 2.42280e-07 3.49696e-07 1.61402e-08 2.35294e-08
   770 2.37265e-07 3.43436e-07 1.58287e-08 2.30791e-08
   771 2.29126e-07 3.31377e-07 1.55261e-08 2.26412e-08
   772 2.29787e-07 3.32712e-07 1.52286e-08 2.22108e-08
   773 2.22569e-07 3.22358e-07 1.49359e-08 2.17869e-08
   774 2.21651e-07 3.20511e-07 1.46487e-08 2.13713e-08
   775 2.17065e-07 3.14407e-07 1.43655e-08 2.09615e-08
   776 2.13056e-07 3.08776e-07 1.40882e-08 2.05597e-08
   777 2.11618e-07 3.07301e-07 1.38148e-08 2.01630e-08
   778 2.06442e-07 2.99044e-07 1.35459e-08 1.97731e-08
   779 2.01818e-07 2.93175e-07 1.32837e-08 1.93927e-08
   780 1.98015e-07 2.87947e-07 1.30273e-08 1.90200e-08
   781 1.97884e-07 2.86865e-07 1.27737e-08 1.86518e-08
   782 1.94948e-07 2.83807e-07 1.25223e-08 1.82866e-08
   783 1.87586e-07 2.72370e-07 1.22779e-08 1.79313e-08
   784 1.87781e-07 2.73267e-07 1.20384e-08 1.75831e-08
   785 1.83014e-07 2.66293e-07 1.18021e-08 1.72393e-08
   786 1.79522e-07 2.61063e-07 1.15713e-08 1.69036e-08
   787 1.80978e-07 2.63917e-07 1.13421e-08 1.65698e-08
   788 1.70430e-07 2.47819e-07 1.11191e-08 1.62450e-08
   789 1.73242e-07 2.52631e-07 1.09012e-08 1.59277e-08
   790 1.67599e-07 2.43949e-07 1.06853e-08 1.56132e-08
   791 1.69176e-07 2.46584e-07 1.04723e-08 1.53030e-08
   792 1.61632e-07 2.36299e-07 1.02634e-08 1.49980e-08
   793 1.59361e-07 2.32210e-07 1.00609e-08 1.47024e-08
   794 1.61201e-07 2.35451e-07 9.85888e-09 1.44077e-08
   795 1.53577e-07 2.23890e-07 9.66082e-09 1.41187e-08
   796 1.52686e-07 2.23172e-07 9.46832e-09 1.38377e-08
   797 1.49643e-07 2.18665e-07 9.27855e-09 1.35604e-08
   798 1.45733e-07 2.12755e-07 9.09338e-09 1.32899e-08
   799 1.49042e-07 2.17981e-07 8.90880e-09 1.30202e-08
   800 1.40381e-07 2.05110e-07 8.72785e-09 1.27557e-08
   801 1.41029e-07 2.06701e-07 8.55208e-09 1.24985e-08
   802 1.37999e-07 2.01476e-07 8.37801e-09 1.22439e-08
   803 1.33982e-07 1.96232e-07 8.20856e-09 1.19961e-08
   804 1.35874e-07 1.98870e-07 8.04063e-09 1.17502e-08
   805 1.27891e-07 1.86781e-07 7.87675e-09 1.15106e-08
   806 1.31974e-07 1.93758e-07 7.71545e-09 1.12744e-08
   807 1.26131e-07 1.84444e-07 7.55545e-09 1.10400e-08
   808 1.24127e-07 1.82093e-07 7.40050e-09 1.08130e-08
   809 1.24280e-07 1.81799e-07 7.24687e-09 1.05880e-08
   810 1.17871e-07 1.72594e-07 7.09734e-09 1.03691e-08
   811 1.20661e-07 1.77420e-07 6.95020e-09 1.01532e-08
   812 1.17127e-07 1.71183e-07 6.80369e-09 9.93843e-09
   813 1.12372e-07 1.65492e-07 6.66248e-09 9.73126e-09
   814 1.13506e-07 1.66117e-07 6.52365e-09 9.52745e-09
   815 1.09039e-07 1.59438e-07 6.38706e-09 9.32763e-09
   816 1.11308e-07 1.64107e-07 6.25196e-09 9.12927e-09
   817 1.05683e-07 1.54592e-07 6.11912e-09 8.93417e-09
   818 1.05771e-07 1.55938e-07 5.98978e-09 8.74424e-09
   819 1.03417e-07 1.51357e-07 5.86200e-09 8.55653e-09
   820 1.02000e-07 1.49837e-07 5.73667e-09 8.37276e-09
   821 9.92339e-08 1.45828e-07 5.61405e-09 8.19260e-09
   822 9.62592e-08 1.41073e-07 5.49506e-09 8.01798e-09
   823 9.95796e-08 1.46629e-07 5.37603e-09 7.84311e-09
   824 9.47225e-08 1.38924e-07 5.25807e-09 7.66977e-09
   825 9.33996e-08 1.37567e-07 5.14400e-09 7.50211e-09
   826 9.21204e-08 1.35182e-07 5.03163e-09 7.33691e-09
   827 8.66399e-08 1.27170e-07 4.92352e-09 7.17824e-09
   828 9.26307e-08 1.36209e-07 4.81524e-09 7.01917e-09
   829 8.53022e-08 1.25409e-07 4.70792e-09 6.86138e-09
   830 8.59112e-08 1.26384e-07 4.60472e-09 6.70960e-09
   831 8.41083e-08 1.23739e-07 4.50236e-09 6.55902e-09
   832 8.12165e-08 1.19206e-07 4.40295e-09 6.41294e-09
   833 8.36499e-08 1.23081e-07 4.30395e-09 6.26744e-09
   834 7.72482e-08 1.13492e-07 4.20748e-09 6.12561e-09
   835 8.05864e-08 1.18741e-07 4.11293e-09 5.98649e-09
   836 7.64764e-08 1.12172e-07 4.01896e-09 5.84834e-09
   837 7.53281e-08 1.10925e-07 3.92823e-09 5.71500e-09
   838 7.47292e-08 1.09856e-07 3.83864e-09 5.58319e-09
   839 7.10868e-08 1.04395e-07 3.75171e-09 5.45546e-09
   840 7.37573e-08 1.08709e-07 3.66546e-09 5.32856e-09
   841 7.00409e-08 1.02887e-07 3.57994e-09 5.20272e-09
   842 7.04913e-08 1.03946e-07 3.49643e-09 5.07982e-09
   843 6.62384e-08 9.72568e-08 3.41531e-09 4.96046e-09
   844 6.62472e-08 9.72964e-08 3.33678e-09 4.84513e-09
   845 6.69577e-08 9.87028e-08 3.25791e-09 4.72909e-09
   846 6.40949e-08 9.40067e-08 3.18043e-09 4.61515e-09
   847 6.38873e-08 9.41606e-08 3.10483e-09 4.50401e-09
   848 6.17504e-08 9.06987e-08 3.03071e-09 4.39496e-09
   849 6.14338e-08 9.02298e-08 2.95813e-09 4.28834e-09
   850 6.04087e-08 8.88653e-08 2.88641e-09 4.18293e-09
   851 5.76013e-08 8.44658e-08 2.81705e-09 4.08105e-09
   852 5.95304e-08 8.76611e-08 2.74827e-09 3.97999e-09
   853 5.59571e-08 8.20798e-08 2.68056e-09 3.88047e-09
   854 5.67487e-08 8.35527e-08 2.61454e-09 3.78344e-09
   855 5.44475e-08 7.99214e-08 2.54948e-09 3.68780e-09
   856 5.24252e-08 7.67304e-08 2.48703e-09 3.59626e-09
   857 5.45681e-08 8.04782e-08 2.42457e-09 3.50450e-09
   858 5.10148e-08 7.46482e-08 2.36304e-09 3.41410e-09
   859 5.15531e-08 7.58455e-08 2.30330e-09 3.32645e-09
   860 4.93654e-08 7.24895e-08 2.24460e-09 3.24017e-09
   861 4.98797e-08 7.30831e-08 2.18693e-09 3.15558e-09
   862 4.76512e-08 7.00520e-08 2.13034e-09 3.07252e-09
   863 4.65339e-08 6.80324e-08 2.07574e-09 2.99247e-09
   864 4.67876e-08 6.88608e-08 2.02170e-09 2.91321e-09
   865 4.47396e-08 6.55731e-08 1.96877e-09 2.83547e-09
   866 4.59633e-08 6.74419e-08 1.91638e-09 2.75864e-09
   867 4.30896e-08 6.31865e-08 1.86501e-09 2.68328e-09
   868 4.15135e-08 6.06362e-08 1.81625e-09 2.61193e-09
   869 4.30542e-08 6.32795e-08 1.76757e-09 2.54060e-09
   870 4.10450e-08 5.99146e-08 1.71922e-09 2.46978e-09
   871 4.13464e-08 6.07506e-08 1.67190e-09 2.40047e-09
   872 3.86601e-08 5.65553e-08 1.62601e-09 2.33320e-09
   873 3.80428e-08 5.55859e-08 1.58206e-09 2.26894e-09
   874 3.97383e-08 5.82312e-08 1.53754e-09 2.20380e-09
   875 3.61548e-08 5.26832e-08 1.49418e-09 2.14044e-09
   876 3.80910e-08 5.58792e-08 1.45179e-09 2.07845e-09
   877 3.54681e-08 5.17857e-08 1.40985e-09 2.01707e-09
   878 3.46799e-08 5.07911e-08 1.36988e-09 1.95862e-09
   879 3.52906e-08 5.14888e-08 1.33006e-09 1.90041e-09
   880 3.26198e-08 4.75089e-08 1.29147e-09 1.84416e-09
   881 3.40857e-08 4.98529e-08 1.25359e-09 1.78888e-09
   882 3.18875e-08 4.63843e-08 1.21619e-09 1.73432e-09
   883 3.22091e-08 4.71079e-08 1.17987e-09 1.68135e-09
   884 3.16826e-08 4.60748e-08 1.14371e-09 1.62861e-09
   885 2.80269e-08 4.07612e-08 1.11000e-09 1.57959e-09
   886 3.19276e-08 4.66103e-08 1.07620e-09 1.53033e-09
   887 2.82093e-08 4.10093e-08 1.04232e-09 1.48097e-09
   888 2.99720e-08 4.36298e-08 1.00955e-09 1.43331e-09
   889 2.74856e-08 3.99022e-08 9.77240e-10 1.38633e-09
   890 2.72163e-08 3.96268e-08 9.46491e-10 1.34163e-09
   891 2.73627e-08 3.97403e-08 9.15847e-10 1.29706e-09
   892 2.55264e-08 3.69333e-08 8.86196e-10 1.25408e-09
   893 2.70170e-08 3.92504e-08 8.56768e-10 1.21141e-09
   894 2.33513e-08 3.38823e-08 8.28631e-10 1.17056e-09
   895 2.58084e-08 3.73667e-08 8.01176e-10 1.13077e-09
   896 2.36250e-08 3.42779e-08 7.73592e-10 1.09079e-09
   897 2.27120e-08 3.26633e-08 7.47753e-10 1.05346e-09
   898 2.41920e-08 3.51190e-08 7.21631e-10 1.01572e-09
   899 2.19718e-08 3.16414e-08 6.95963e-10 9.78602e-10
   900 2.26617e-08 3.28489e-08 6.71155e-10 9.42758e-10
   901 2.10750e-08 3.03358e-08 6.46880e-10 9.07693e-10
   902 2.02029e-08 2.91264e-08 6.23990e-10 8.74719e-10
   903 2.09432e-08 3.02046e-08 6.01197e-10 8.41852e-10
   904 1.93776e-08 2.77218e-08 5.78894e-10 8.09814e-10
   905 2.06314e-08 2.98550e-08 5.56785e-10 7.78002e-10
   906 1.85658e-08 2.65598e-08 5.35162e-10 7.46887e-10
   907 1.87000e-08 2.69438e-08 5.14607e-10 7.17376e-10
   908 1.84005e-08 2.63222e-08 4.94166e-10 6.88029e-10
   909 1.60256e-08 2.29146e-08 4.75248e-10 6.60973e-10
   910 1.89963e-08 2.72622e-08 4.56042e-10 6.33459e-10
   911 1.56129e-08 2.22935e-08 4.37098e-10 6.06338e-10
   912 1.76654e-08 2.52527e-08 4.18866e-10 5.80290e-10
   913 1.53215e-08 2.18619e-08 4.00822e-10 5.54519e-10
   914 1.48415e-08 2.09610e-08 3.84314e-10 5.31083e-10
   915 1.59723e-08 2.29199e-08 3.67474e-10 5.07107e-10
   916 1.41777e-08 2.00197e-08 3.51027e-10 4.83691e-10
   917 1.50224e-08 2.14801e-08 3.35101e-10 4.61060e-10
   918 1.38649e-08 1.95543e-08 3.19367e-10 4.38714e-10
   919 1.30169e-08 1.85021e-08 3.04738e-10 4.18002e-10
   920 1.38604e-08 1.95589e-08 2.90127e-10 3.97311e-10
   921 1.11662e-08 1.57373e-08 2.76586e-10 3.78214e-10
   922 1.43962e-08 2.03439e-08 2.62790e-10 3.58744e-10
   923 1.07832e-08 1.51866e-08 2.49238e-10 3.39623e-10
   924 1.24229e-08 1.75033e-08 2.36695e-10 3.21954e-10
   925 1.11297e-08 1.56038e-08 2.23969e-10 3.04068e-10
   926 9.81580e-09 1.36361e-08 2.12668e-10 2.88294e-10
   927 1.20834e-08 1.70272e-08 2.00892e-10 2.71814e-10
   928 9.51703e-09 1.32245e-08 1.89303e-10 2.55592e-10
   929 1.08227e-08 1.51427e-08 1.78365e-10 2.40341e-10
   930 9.26778e-09 1.28811e-08 1.67579e-10 2.25298e-10
   931 9.04942e-09 1.25159e-08 1.57737e-10 2.11652e-10
   932 9.32941e-09 1.30086e-08 1.47873e-10 1.97954e-10
   933 7.89137e-09 1.07513e-08 1.38661e-10 1.85252e-10
   934 9.24862e-09 1.29160e-08 1.29499e-10 1.72611e-10
   935 8.00745e-09 1.08727e-08 1.20283e-10 1.59914e-10
   936 7.56247e-09 1.05025e-08 1.11963e-10 1.48491e-10
   937 8.05915e-09 1.09509e-08 1.03626e-10 1.37039e-10
   938 5.23737e-09 7.13380e-09 9.66418e-11 1.27538e-10
   939 8.65506e-09 1.18787e-08 8.93923e-11 1.17623e-10
   940 5.45909e-09 7.32906e-09 8.20106e-11 1.07594e-10
   941 7.30267e-09 9.98814e-09 7.52735e-11 9.84607e-11
   942 5.60076e-09 7.46272e-09 6.84605e-11 8.92578e-11
   943 4.72595e-09 6.39739e-09 6.29953e-11 8.19195e-11
   944 6.87769e-09 9.18388e-09 5.69170e-11 7.37508e-11
   945 3.64604e-09 4.87104e-09 5.15258e-11 6.65503e-11
   946 6.85726e-09 9.12295e-09 4.61490e-11 5.93835e-11
   947 3.27432e-09 4.33850e-09 4.10282e-11 5.25829e-11
   948 4.99007e-09 6.63815e-09 3.67305e-11 4.68763e-11
   949 3.85091e-09 5.00406e-09 3.20957e-11 4.07795e-11
   950 2.72611e-09 3.56542e-09 2.86665e-11 3.63098e-11
   951 5.03243e-09 6.54346e-09 2.47085e-11 3.11497e-11
   952 2.36381e-09 3.05733e-09 2.09967e-11 2.63347e-11
   953 4.22928e-09 5.43699e-09 1.76300e-11 2.19947e-11
   954 1.95231e-09 2.49413e-09 1.45409e-11 1.80343e-11
   955 1.84677e-09 2.34732e-09 1.25514e-11 1.54990e-11
   956 3.24441e-09 4.09336e-09 9.95550e-12 1.22129e-11
   957 1.44522e-09 1.80683e-09 7.62937e-12 9.28966e-12
   958 2.48099e-09 3.07115e-09 5.62750e-12 6.80037e-12
   959 1.05899e-09 1.29660e-09 3.88495e-12 4.65345e-12
   960 1.72072e-09 2.08238e-09 2.46426e-12 2.92491e-12
   961 6.31767e-10 7.52734e-10 1.33278e-12 1.56448e-12
   962 5.01124e-10 5.91060e-10 7.46273e-13 8.69072e-13
   963 5.31975e-10 6.16613e-10 2.09756e-13 2.41801e-13
   964 4.86760e-11 5.54536e-11 0.00000e+00 0.00000e+00
