     0 5.32124e-02 1.39458e-01
     1 1.79291e-01 2.02954e-01
     2 3.79255e-02 3.80054e-02
     3 1.78446e-02 2.02611e-02
     4 1.03344e-02 1.28338e-02
     5 7.30371e-03 9.15071e-03
     6 5.42768e-03 6.95421e-03
     7 4.27242e-03 5.55638e-03
     8 3.46788e-03 4.52352e-03
     9 2.88836e-03 3.73365e-03
    10 2.44730e-03 3.15355e-03
    11 2.11253e-03 2.71909e-03
    12 1.83715e-03 2.37364e-03
    13 1.61203e-03 2.09068e-03
    14 1.43005e-03 1.85947e-03
    15 1.28507e-03 1.66427e-03
    16 1.16293e-03 1.49870e-03
    17 1.05399e-03 1.35875e-03
    18 9.61627e-04 1.23566e-03
    19 8.80265e-04 1.13380e-03
    20 8.09832e-04 1.04249e-03
    21 7.48743e-04 9.59037e-04
    22 6.93362e-04 8.87940e-04
    23 6.43176e-04 8.25086e-04
    24 5.99647e-04 7.68024e-04
    25 5.60068e-04 7.16767e-04
    26 5.24960e-04 6.71309e-04
    27 4.93851e-04 6.30167e-04
    28 4.64946e-04 5.93096e-04
    29 4.39396e-04 5.59285e-04
    30 4.15477e-04 5.28601e-04
    31 3.93348e-04 5.00297e-04
    32 3.73310e-04 4.73919e-04
    33 3.54711e-04 4.49693e-04
    34 3.37241e-04 4.27320e-04
    35 3.21412e-04 4.06950e-04
    36 3.06658e-04 3.87679e-04
    37 2.92910e-04 3.69954e-04
    38 2.80088e-04 3.53382e-04
    39 2.68448e-04 3.38499e-04
    40 2.57276e-04 3.24416e-04
    41 2.46912e-04 3.10849e-04
    42 2.36995e-04 2.98238e-04
    43 2.27808e-04 2.86764e-04
    44 2.18878e-04 2.76035e-04
    45 2.10627e-04 2.65699e-04
    46 2.02846e-04 2.55579e-04
    47 1.95725e-04 2.46146e-04
    48 1.88715e-04 2.37347e-04
    49 1.82048e-04 2.29209e-04
    50 1.75901e-04 2.21427e-04
    51 1.70088e-04 2.14055e-04
    52 1.64462e-04 2.06808e-04
    53 1.59156e-04 1.99916e-04
    54 1.54088e-04 1.93506e-04
    55 1.49265e-04 1.87453e-04
    56 1.44597e-04 1.81572e-04
    57 1.40203e-04 1.76018e-04
    58 1.36110e-04 1.70649e-04
    59 1.32102e-04 1.65707e-04
    60 1.28318e-04 1.60963e-04
    61 1.24681e-04 1.56288e-04
    62 1.21189e-04 1.51917e-04
    63 1.17821e-04 1.47639e-04
    64 1.14502e-04 1.43537e-04
    65 1.11380e-04 1.39630e-04
    66 1.08396e-04 1.35879e-04
    67 1.05551e-04 1.32277e-04
    68 1.02776e-04 1.28834e-04
    69 1.00147e-04 1.25487e-04
    70 9.76005e-05 1.22192e-04
    71 9.51522e-05 1.19123e-04
    72 9.27420e-05 1.16111e-04
    73 9.04294e-05 1.13214e-04
    74 8.82088e-05 1.10501e-04
    75 8.60879e-05 1.07851e-04
    76 8.40741e-05 1.05264e-04
    77 8.21320e-05 1.02755e-04
    78 8.02057e-05 1.00314e-04
    79 7.83503e-05 9.79522e-05
    80 7.65426e-05 9.57422e-05
    81 7.47851e-05 9.36032e-05
    82 7.30907e-05 9.14516e-05
    83 7.14833e-05 8.94210e-05
    84 6.99362e-05 8.74336e-05
    85 6.84132e-05 8.55008e-05
    86 6.69002e-05 8.36196e-05
    87 6.54702e-05 8.18233e-05
    88 6.40877e-05 8.00946e-05
    89 6.27268e-05 7.83832e-05
    90 6.14013e-05 7.67152e-05
    91 6.01123e-05 7.50988e-05
    92 5.88648e-05 7.35413e-05
    93 5.76612e-05 7.20382e-05
    94 5.65014e-05 7.05581e-05
    95 5.53883e-05 6.91254e-05
    96 5.42701e-05 6.77493e-05
    97 5.32104e-05 6.63873e-05
    98 5.21715e-05 6.50725e-05
    99 5.11560e-05 6.38175e-05
   100 5.01729e-05 6.25755e-05
   101 4.92038e-05 6.13709e-05
   102 4.82518e-05 6.02189e-05
   103 4.73341e-05 5.90907e-05
   104 4.64483e-05 5.79777e-05
   105 4.55816e-05 5.68723e-05
   106 4.47278e-05 5.58120e-05
   107 4.39049e-05 5.47719e-05
   108 4.30879e-05 5.37631e-05
   109 4.22900e-05 5.27859e-05
   110 4.15247e-05 5.18252e-05
   111 4.07869e-05 5.08939e-05
   112 4.00529e-05 4.99922e-05
   113 3.93428e-05 4.90989e-05
   114 3.86494e-05 4.82235e-05
   115 3.79626e-05 4.73803e-05
   116 3.73081e-05 4.65711e-05
   117 3.66720e-05 4.57635e-05
   118 3.60397e-05 4.49929e-05
   119 3.54257e-05 4.42402e-05
   120 3.48184e-05 4.34871e-05
   121 3.42326e-05 4.27415e-05
   122 3.36480e-05 4.20293e-05
   123 3.30947e-05 4.13243e-05
   124 3.25492e-05 4.06480e-05
   125 3.20076e-05 3.99806e-05
   126 3.14847e-05 3.93200e-05
   127 3.09695e-05 3.86727e-05
   128 3.04618e-05 3.80406e-05
   129 2.99608e-05 3.74318e-05
   130 2.94794e-05 3.68263e-05
   131 2.90067e-05 3.62384e-05
   132 2.85475e-05 3.56654e-05
   133 2.80923e-05 3.51075e-05
   134 2.76480e-05 3.45548e-05
   135 2.72134e-05 3.40101e-05
   136 2.67859e-05 3.34771e-05
   137 2.63686e-05 3.29586e-05
   138 2.59569e-05 3.24459e-05
   139 2.55586e-05 3.19504e-05
   140 2.51689e-05 3.14631e-05
   141 2.47859e-05 3.09834e-05
   142 2.44022e-05 3.05085e-05
   143 2.40376e-05 3.00457e-05
   144 2.36727e-05 2.96007e-05
   145 2.33172e-05 2.91682e-05
   146 2.29673e-05 2.87414e-05
   147 2.26249e-05 2.83142e-05
   148 2.22925e-05 2.78985e-05
   149 2.19608e-05 2.74868e-05
   150 2.16380e-05 2.70847e-05
   151 2.13209e-05 2.66869e-05
   152 2.10129e-05 2.62996e-05
   153 2.07075e-05 2.59188e-05
   154 2.04048e-05 2.55517e-05
   155 2.01124e-05 2.51860e-05
   156 1.98237e-05 2.48287e-05
   157 1.95455e-05 2.44721e-05
   158 1.92660e-05 2.41299e-05
   159 1.89897e-05 2.37866e-05
   160 1.87208e-05 2.34527e-05
   161 1.84643e-05 2.31268e-05
   162 1.82084e-05 2.28059e-05
   163 1.79496e-05 2.24884e-05
   164 1.77026e-05 2.21814e-05
   165 1.74582e-05 2.18779e-05
   166 1.72195e-05 2.15787e-05
   167 1.69841e-05 2.12890e-05
   168 1.67533e-05 2.09996e-05
   169 1.65256e-05 2.07113e-05
   170 1.63000e-05 2.04337e-05
   171 1.60789e-05 2.01571e-05
   172 1.58592e-05 1.98863e-05
   173 1.56470e-05 1.96246e-05
   174 1.54400e-05 1.93627e-05
   175 1.52341e-05 1.91100e-05
   176 1.50312e-05 1.88633e-05
   177 1.48337e-05 1.86165e-05
   178 1.46386e-05 1.83693e-05
   179 1.44482e-05 1.81262e-05
   180 1.42631e-05 1.78919e-05
   181 1.40760e-05 1.76586e-05
   182 1.38899e-05 1.74350e-05
   183 1.37115e-05 1.72126e-05
   184 1.35324e-05 1.69918e-05
   185 1.33597e-05 1.67744e-05
   186 1.31888e-05 1.65610e-05
   187 1.30193e-05 1.63503e-05
   188 1.28541e-05 1.61430e-05
   189 1.26915e-05 1.59383e-05
   190 1.25313e-05 1.57380e-05
   191 1.23723e-05 1.55400e-05
   192 1.22190e-05 1.53459e-05
   193 1.20661e-05 1.51559e-05
   194 1.19164e-05 1.49667e-05
   195 1.17705e-05 1.47804e-05
   196 1.16250e-05 1.45983e-05
   197 1.14793e-05 1.44203e-05
   198 1.13371e-05 1.42472e-05
   199 1.11987e-05 1.40761e-05
   200 1.10611e-05 1.39026e-05
   201 1.09273e-05 1.37358e-05
   202 1.07957e-05 1.35706e-05
   203 1.06649e-05 1.34098e-05
   204 1.05345e-05 1.32475e-05
   205 1.04078e-05 1.30871e-05
   206 1.02821e-05 1.29298e-05
   207 1.01599e-05 1.27787e-05
   208 1.00412e-05 1.26269e-05
   209 9.92328e-06 1.24769e-05
   210 9.80626e-06 1.23291e-05
   211 9.68905e-06 1.21847e-05
   212 9.57358e-06 1.20404e-05
   213 9.46129e-06 1.18996e-05
   214 9.35034e-06 1.17613e-05
   215 9.24049e-06 1.16251e-05
   216 9.13363e-06 1.14904e-05
   217 9.02728e-06 1.13576e-05
   218 8.92143e-06 1.12267e-05
   219 8.81879e-06 1.10985e-05
   220 8.71675e-06 1.09718e-05
   221 8.61591e-06 1.08469e-05
   222 8.51711e-06 1.07236e-05
   223 8.41815e-06 1.06020e-05
   224 8.32318e-06 1.04812e-05
   225 8.22861e-06 1.03620e-05
   226 8.13536e-06 1.02463e-05
   227 8.04145e-06 1.01320e-05
   228 7.95225e-06 1.00186e-05
   229 7.86408e-06 9.90608e-06
   230 7.77699e-06 9.79613e-06
   231 7.68964e-06 9.68835e-06
   232 7.60455e-06 9.57960e-06
   233 7.52046e-06 9.47250e-06
   234 7.43705e-06 9.36856e-06
   235 7.35367e-06 9.26535e-06
   236 7.27347e-06 9.16259e-06
   237 7.19350e-06 9.06294e-06
   238 7.11439e-06 8.96445e-06
   239 7.03568e-06 8.86758e-06
   240 6.95959e-06 8.77026e-06
   241 6.88340e-06 8.67508e-06
   242 6.80845e-06 8.58304e-06
   243 6.73597e-06 8.49154e-06
   244 6.66270e-06 8.39889e-06
   245 6.59136e-06 8.30796e-06
   246 6.52008e-06 8.21981e-06
   247 6.44899e-06 8.13128e-06
   248 6.38029e-06 8.04444e-06
   249 6.31291e-06 7.95887e-06
   250 6.24506e-06 7.87518e-06
   251 6.17851e-06 7.79240e-06
   252 6.11157e-06 7.71042e-06
   253 6.04774e-06 7.62923e-06
   254 5.98439e-06 7.54995e-06
   255 5.92186e-06 7.47214e-06
   256 5.85989e-06 7.39347e-06
   257 5.79840e-06 7.31671e-06
   258 5.73816e-06 7.24080e-06
   259 5.67825e-06 7.16554e-06
   260 5.61926e-06 7.09203e-06
   261 5.56147e-06 7.01900e-06
   262 5.50443e-06 6.94737e-06
   263 5.44645e-06 6.87591e-06
   264 5.39055e-06 6.80540e-06
   265 5.33537e-06 6.73573e-06
   266 5.28075e-06 6.66544e-06
   267 5.22747e-06 6.59776e-06
   268 5.17505e-06 6.53156e-06
   269 5.12239e-06 6.46588e-06
   270 5.06975e-06 6.40054e-06
   271 5.01813e-06 6.33606e-06
   272 4.96748e-06 6.27301e-06
   273 4.91762e-06 6.21024e-06
   274 4.86880e-06 6.14835e-06
   275 4.82058e-06 6.08714e-06
   276 4.77218e-06 6.02617e-06
   277 4.72458e-06 5.96607e-06
   278 4.67770e-06 5.90653e-06
   279 4.63201e-06 5.84840e-06
   280 4.58693e-06 5.79130e-06
   281 4.54175e-06 5.73449e-06
   282 4.49756e-06 5.67818e-06
   283 4.45324e-06 5.62280e-06
   284 4.40968e-06 5.56763e-06
   285 4.36634e-06 5.51344e-06
   286 4.32417e-06 5.45970e-06
   287 4.28275e-06 5.40664e-06
   288 4.24169e-06 5.35442e-06
   289 4.20065e-06 5.30306e-06
   290 4.15982e-06 5.25196e-06
   291 4.11992e-06 5.20117e-06
   292 4.08036e-06 5.15154e-06
   293 4.04163e-06 5.10216e-06
   294 4.00313e-06 5.05283e-06
   295 3.96548e-06 5.00551e-06
   296 3.92755e-06 4.95776e-06
   297 3.89006e-06 4.91028e-06
   298 3.85338e-06 4.86389e-06
   299 3.81684e-06 4.81844e-06
   300 3.78124e-06 4.77243e-06
   301 3.74585e-06 4.72674e-06
   302 3.71052e-06 4.68309e-06
   303 3.67581e-06 4.63942e-06
   304 3.64128e-06 4.59605e-06
   305 3.60735e-06 4.55341e-06
   306 3.57417e-06 4.51091e-06
   307 3.54129e-06 4.46962e-06
   308 3.50853e-06 4.42797e-06
   309 3.47651e-06 4.38728e-06
   310 3.44445e-06 4.34681e-06
   311 3.41299e-06 4.30702e-06
   312 3.38160e-06 4.26712e-06
   313 3.35087e-06 4.22804e-06
   314 3.32038e-06 4.18926e-06
   315 3.29027e-06 4.15165e-06
   316 3.26068e-06 4.11318e-06
   317 3.23108e-06 4.07604e-06
   318 3.20160e-06 4.03934e-06
   319 3.17248e-06 4.00255e-06
   320 3.14375e-06 3.96645e-06
   321 3.11599e-06 3.93021e-06
   322 3.08828e-06 3.89495e-06
   323 3.06064e-06 3.86012e-06
   324 3.03350e-06 3.82553e-06
   325 3.00654e-06 3.79137e-06
   326 2.97992e-06 3.75800e-06
   327 2.95367e-06 3.72476e-06
   328 2.92746e-06 3.69086e-06
   329 2.90210e-06 3.65761e-06
   330 2.87666e-06 3.62575e-06
   331 2.85160e-06 3.59417e-06
   332 2.82692e-06 3.56207e-06
   333 2.80226e-06 3.53078e-06
   334 2.77776e-06 3.49979e-06
   335 2.75382e-06 3.46922e-06
   336 2.73006e-06 3.43831e-06
   337 2.70665e-06 3.40816e-06
   338 2.68317e-06 3.37856e-06
   339 2.66002e-06 3.34923e-06
   340 2.63696e-06 3.32005e-06
   341 2.61436e-06 3.29165e-06
   342 2.59225e-06 3.26346e-06
   343 2.57052e-06 3.23534e-06
   344 2.54870e-06 3.20752e-06
   345 2.52703e-06 3.18017e-06
   346 2.50543e-06 3.15325e-06
   347 2.48461e-06 3.12634e-06
   348 2.46375e-06 3.09974e-06
   349 2.44317e-06 3.07335e-06
   350 2.42261e-06 3.04753e-06
   351 2.40229e-06 3.02176e-06
   352 2.38218e-06 2.99618e-06
   353 2.36226e-06 2.97076e-06
   354 2.34259e-06 2.94599e-06
   355 2.32347e-06 2.92114e-06
   356 2.30441e-06 2.89669e-06
   357 2.28537e-06 2.87233e-06
   358 2.26685e-06 2.84823e-06
   359 2.24810e-06 2.82439e-06
   360 2.22961e-06 2.80055e-06
   361 2.21161e-06 2.77759e-06
   362 2.19389e-06 2.75480e-06
   363 2.17590e-06 2.73176e-06
   364 2.15801e-06 2.70891e-06
   365 2.14072e-06 2.68661e-06
   366 2.12343e-06 2.66460e-06
   367 2.10640e-06 2.64301e-06
   368 2.08983e-06 2.62152e-06
   369 2.07307e-06 2.60040e-06
   370 2.05650e-06 2.57885e-06
   371 2.03982e-06 2.55804e-06
   372 2.02365e-06 2.53717e-06
   373 2.00746e-06 2.51673e-06
   374 1.99137e-06 2.49634e-06
   375 1.97556e-06 2.47648e-06
   376 1.96007e-06 2.45636e-06
   377 1.94460e-06 2.43685e-06
   378 1.92952e-06 2.41727e-06
   379 1.91461e-06 2.39781e-06
   380 1.89978e-06 2.37896e-06
   381 1.88490e-06 2.36001e-06
   382 1.87021e-06 2.34161e-06
   383 1.85583e-06 2.32312e-06
   384 1.84146e-06 2.30460e-06
   385 1.82726e-06 2.28625e-06
   386 1.81319e-06 2.26818e-06
   387 1.79938e-06 2.25048e-06
   388 1.78568e-06 2.23277e-06
   389 1.77198e-06 2.21535e-06
   390 1.75835e-06 2.19789e-06
   391 1.74510e-06 2.18065e-06
   392 1.73199e-06 2.16381e-06
   393 1.71895e-06 2.14717e-06
   394 1.70586e-06 2.13060e-06
   395 1.69288e-06 2.11398e-06
   396 1.67995e-06 2.09736e-06
   397 1.66737e-06 2.08122e-06
   398 1.65518e-06 2.06519e-06
   399 1.64284e-06 2.04950e-06
   400 1.63067e-06 2.03410e-06
   401 1.61884e-06 2.01850e-06
   402 1.60681e-06 2.00328e-06
   403 1.59489e-06 1.98791e-06
   404 1.58312e-06 1.97277e-06
   405 1.57152e-06 1.95799e-06
   406 1.55989e-06 1.94318e-06
   407 1.54846e-06 1.92869e-06
   408 1.53730e-06 1.91425e-06
   409 1.52595e-06 1.90000e-06
   410 1.51494e-06 1.88574e-06
   411 1.50406e-06 1.87173e-06
   412 1.49317e-06 1.85787e-06
   413 1.48238e-06 1.84395e-06
   414 1.47162e-06 1.83033e-06
   415 1.46110e-06 1.81680e-06
   416 1.45077e-06 1.80339e-06
   417 1.44045e-06 1.79012e-06
   418 1.43034e-06 1.77705e-06
   419 1.42044e-06 1.76378e-06
   420 1.41027e-06 1.75093e-06
   421 1.40012e-06 1.73816e-06
   422 1.39027e-06 1.72534e-06
   423 1.38057e-06 1.71268e-06
   424 1.37102e-06 1.70025e-06
   425 1.36145e-06 1.68783e-06
   426 1.35193e-06 1.67574e-06
   427 1.34261e-06 1.66362e-06
   428 1.33346e-06 1.65157e-06
   429 1.32426e-06 1.63971e-06
   430 1.31503e-06 1.62790e-06
   431 1.30596e-06 1.61625e-06
   432 1.29712e-06 1.60487e-06
   433 1.28816e-06 1.59324e-06
   434 1.27943e-06 1.58182e-06
   435 1.27071e-06 1.57063e-06
   436 1.26213e-06 1.55955e-06
   437 1.25363e-06 1.54882e-06
   438 1.24515e-06 1.53793e-06
   439 1.23691e-06 1.52715e-06
   440 1.22857e-06 1.51651e-06
   441 1.22038e-06 1.50596e-06
   442 1.21223e-06 1.49539e-06
   443 1.20428e-06 1.48493e-06
   444 1.19627e-06 1.47455e-06
   445 1.18835e-06 1.46426e-06
   446 1.18059e-06 1.45416e-06
   447 1.17292e-06 1.44411e-06
   448 1.16523e-06 1.43409e-06
   449 1.15763e-06 1.42418e-06
   450 1.14998e-06 1.41454e-06
   451 1.14250e-06 1.40492e-06
   452 1.13512e-06 1.39548e-06
   453 1.12777e-06 1.38604e-06
   454 1.12045e-06 1.37650e-06
   455 1.11315e-06 1.36723e-06
   456 1.10608e-06 1.35791e-06
   457 1.09915e-06 1.34868e-06
   458 1.09217e-06 1.33969e-06
   459 1.08539e-06 1.33086e-06
   460 1.07841e-06 1.32197e-06
   461 1.07156e-06 1.31315e-06
   462 1.06474e-06 1.30434e-06
   463 1.05810e-06 1.29580e-06
   464 1.05159e-06 1.28724e-06
   465 1.04512e-06 1.27873e-06
   466 1.03874e-06 1.27046e-06
   467 1.03237e-06 1.26227e-06
   468 1.02593e-06 1.25392e-06
   469 1.01957e-06 1.24573e-06
   470 1.01330e-06 1.23771e-06
   471 1.00713e-06 1.22961e-06
   472 1.00106e-06 1.22158e-06
   473 9.94892e-07 1.21382e-06
   474 9.88762e-07 1.20595e-06
   475 9.82823e-07 1.19820e-06
   476 9.77008e-07 1.19047e-06
   477 9.71225e-07 1.18290e-06
   478 9.65400e-07 1.17538e-06
   479 9.59620e-07 1.16790e-06
   480 9.54014e-07 1.16038e-06
   481 9.48354e-07 1.15293e-06
   482 9.42779e-07 1.14580e-06
   483 9.37156e-07 1.13863e-06
   484 9.31668e-07 1.13150e-06
   485 9.26261e-07 1.12443e-06
   486 9.20960e-07 1.11751e-06
   487 9.15563e-07 1.11060e-06
   488 9.10212e-07 1.10361e-06
   489 9.04951e-07 1.09665e-06
   490 8.99802e-07 1.08991e-06
   491 8.94674e-07 1.08329e-06
   492 8.89544e-07 1.07669e-06
   493 8.84485e-07 1.07011e-06
   494 8.79511e-07 1.06373e-06
   495 8.74532e-07 1.05731e-06
   496 8.69658e-07 1.05088e-06
   497 8.64877e-07 1.04463e-06
   498 8.60104e-07 1.03827e-06
   499 8.55399e-07 1.03190e-06
   500 8.50727e-07 1.02573e-06
   501 8.46079e-07 1.01962e-06
   502 8.41486e-07 1.01345e-06
   503 8.36836e-07 1.00750e-06
   504 8.32358e-07 1.00167e-06
   505 8.27839e-07 9.95751e-07
   506 8.23335e-07 9.89948e-07
   507 8.18919e-07 9.84073e-07
   508 8.14545e-07 9.78326e-07
   509 8.10210e-07 9.72671e-07
   510 8.05824e-07 9.67017e-07
   511 8.01536e-07 9.61620e-07
   512 7.97340e-07 9.56083e-07
   513 7.93136e-07 9.50583e-07
   514 7.89114e-07 9.45154e-07
   515 7.84949e-07 9.39716e-07
   516 7.80827e-07 9.34426e-07
   517 7.76816e-07 9.29058e-07
   518 7.72860e-07 9.23654e-07
   519 7.68865e-07 9.18515e-07
   520 7.64959e-07 9.13282e-07
   521 7.61094e-07 9.08146e-07
   522 7.57279e-07 9.03212e-07
   523 7.53384e-07 8.98276e-07
   524 7.49606e-07 8.93295e-07
   525 7.45889e-07 8.88282e-07
   526 7.42207e-07 8.83517e-07
   527 7.38521e-07 8.78745e-07
   528 7.34940e-07 8.74019e-07
   529 7.31329e-07 8.69295e-07
   530 7.27790e-07 8.64661e-07
   531 7.24293e-07 8.60041e-07
   532 7.20891e-07 8.55416e-07
   533 7.17483e-07 8.50880e-07
   534 7.14084e-07 8.46542e-07
   535 7.10683e-07 8.42015e-07
   536 7.07409e-07 8.37614e-07
   537 7.04054e-07 8.33112e-07
   538 7.00835e-07 8.28811e-07
   539 6.97577e-07 8.24547e-07
   540 6.94335e-07 8.20316e-07
   541 6.91136e-07 8.16141e-07
   542 6.88034e-07 8.12076e-07
   543 6.84957e-07 8.07866e-07
   544 6.81921e-07 8.03828e-07
   545 6.78889e-07 7.99850e-07
   546 6.75866e-07 7.95813e-07
   547 6.72852e-07 7.91826e-07
   548 6.69909e-07 7.87906e-07
   549 6.67067e-07 7.84169e-07
   550 6.64166e-07 7.80246e-07
   551 6.61307e-07 7.76528e-07
   552 6.58521e-07 7.72735e-07
   553 6.55672e-07 7.68974e-07
   554 6.52982e-07 7.65313e-07
   555 6.50180e-07 7.61676e-07
   556 6.47478e-07 7.58176e-07
   557 6.44880e-07 7.54613e-07
   558 6.42299e-07 7.50990e-07
   559 6.39683e-07 7.47535e-07
   560 6.37140e-07 7.44095e-07
   561 6.34557e-07 7.40679e-07
   562 6.31996e-07 7.37203e-07
   563 6.29542e-07 7.33795e-07
   564 6.27117e-07 7.30572e-07
   565 6.24692e-07 7.27295e-07
   566 6.22288e-07 7.24131e-07
   567 6.19908e-07 7.20876e-07
   568 6.17547e-07 7.17742e-07
   569 6.15272e-07 7.14668e-07
   570 6.12968e-07 7.11563e-07
   571 6.10727e-07 7.08468e-07
   572 6.08450e-07 7.05455e-07
   573 6.06230e-07 7.02520e-07
   574 6.04102e-07 6.99551e-07
   575 6.01998e-07 6.96567e-07
   576 5.99911e-07 6.93732e-07
   577 5.97781e-07 6.90881e-07
   578 5.95710e-07 6.88009e-07
   579 5.93699e-07 6.85107e-07
   580 5.91769e-07 6.82256e-07
   581 5.89737e-07 6.79567e-07
   582 5.87812e-07 6.76913e-07
   583 5.85905e-07 6.74214e-07
   584 5.84016e-07 6.71630e-07
   585 5.82193e-07 6.69086e-07
   586 5.80410e-07 6.66615e-07
   587 5.78587e-07 6.64065e-07
   588 5.76819e-07 6.61624e-07
   589 5.75123e-07 6.59126e-07
   590 5.73424e-07 6.56724e-07
   591 5.71675e-07 6.54370e-07
   592 5.70014e-07 6.52046e-07
   593 5.68457e-07 6.49753e-07
   594 5.66862e-07 6.47477e-07
   595 5.65398e-07 6.45125e-07
   596 5.63883e-07 6.42925e-07
   597 5.62383e-07 6.40734e-07
   598 5.60904e-07 6.38608e-07
   599 5.59485e-07 6.36530e-07
   600 5.58131e-07 6.34462e-07
   601 5.56801e-07 6.32419e-07
   602 5.55451e-07 6.30505e-07
   603 5.54083e-07 6.28591e-07
   604 5.52836e-07 6.26596e-07
   605 5.51580e-07 6.24707e-07
   606 5.50387e-07 6.22804e-07
   607 5.49187e-07 6.20979e-07
   608 5.48008e-07 6.19210e-07
   609 5.46853e-07 6.17460e-07
   610 5.45769e-07 6.15692e-07
   611 5.44680e-07 6.13985e-07
   612 5.43638e-07 6.12374e-07
   613 5.42617e-07 6.10770e-07
   614 5.41692e-07 6.09080e-07
   615 5.40784e-07 6.07539e-07
   616 5.39857e-07 6.06040e-07
   617 5.38945e-07 6.04540e-07
   618 5.38093e-07 6.03184e-07
   619 5.37218e-07 6.01857e-07
   620 5.36474e-07 6.00475e-07
   621 5.35692e-07 5.99177e-07
   622 5.34899e-07 5.97813e-07
   623 5.34216e-07 5.96564e-07
   624 5.33562e-07 5.95337e-07
   625 5.32957e-07 5.94156e-07
   626 5.32398e-07 5.93068e-07
   627 5.31862e-07 5.91926e-07
   628 5.31294e-07 5.90847e-07
   629 5.30872e-07 5.89806e-07
   630 5.30359e-07 5.88784e-07
   631 5.30064e-07 5.87893e-07
   632 5.29747e-07 5.87020e-07
   633 5.29488e-07 5.86093e-07
   634 5.29176e-07 5.85241e-07
   635 5.28899e-07 5.84467e-07
   636 5.28855e-07 5.83778e-07
   637 5.28814e-07 5.83085e-07
   638 5.28722e-07 5.82484e-07
   639 5.28712e-07 5.81822e-07
   640 5.28708e-07 5.81250e-07
   641 5.28783e-07 5.80748e-07
   642 5.28758e-07 5.80304e-07
   643 5.28952e-07 5.79913e-07
   644 5.29229e-07 5.79599e-07
   645 5.29566e-07 5.79334e-07
   646 5.29791e-07 5.78983e-07
   647 5.30102e-07 5.78724e-07
   648 5.30423e-07 5.78443e-07
   649 5.30891e-07 5.78306e-07
   650 5.31429e-07 5.78318e-07
   651 5.32013e-07 5.78385e-07
   652 5.32607e-07 5.78464e-07
   653 5.33190e-07 5.78500e-07
   654 5.33915e-07 5.78612e-07
   655 5.34841e-07 5.78850e-07
   656 5.35745e-07 5.79135e-07
   657 5.36565e-07 5.79301e-07
   658 5.37461e-07 5.79541e-07
   659 5.38686e-07 5.80057e-07
   660 5.39662e-07 5.80383e-07
   661 5.40855e-07 5.80823e-07
   662 5.42142e-07 5.81342e-07
   663 5.43538e-07 5.82103e-07
   664 5.44880e-07 5.82703e-07
   665 5.46546e-07 5.83607e-07
   666 5.47843e-07 5.84169e-07
   667 5.49664e-07 5.85037e-07
   668 5.51260e-07 5.85642e-07
   669 5.52718e-07 5.86078e-07
   670 5.54103e-07 5.86517e-07
   671 5.55711e-07 5.86868e-07
   672 5.57296e-07 5.87236e-07
   673 5.58723e-07 5.87125e-07
   674 5.59555e-07 5.86382e-07
   675 5.59943e-07 5.84950e-07
   676 5.59649e-07 5.82239e-07
   677 5.57626e-07 5.77488e-07
   678 5.52610e-07 5.69345e-07
   679 5.42596e-07 5.54604e-07
   680 5.11161e-07 5.15235e-07
   681 4.25243e-07 4.21760e-07
   682 2.06015e-06 2.04998e-06
   683 0.00000e+00 0.00000e+00
   684 0.00000e+00 0.00000e+00
   685 0.00000e+00 0.00000e+00
   686 0.00000e+00 0.00000e+00
   687 0.00000e+00 0.00000e+00
   688 0.00000e+00 0.00000e+00
   689 0.00000e+00 0.00000e+00
   690 0.00000e+00 0.00000e+00
   691 0.00000e+00 0.00000e+00
   692 0.00000e+00 0.00000e+00
   693 0.00000e+00 0.00000e+00
   694 0.00000e+00 0.00000e+00
   695 0.00000e+00 0.00000e+00
   696 0.00000e+00 0.00000e+00
   697 0.00000e+00 0.00000e+00
   698 0.00000e+00 0.00000e+00
   699 0.00000e+00 0.00000e+00
   700 0.00000e+00 0.00000e+00
   701 0.00000e+00 0.00000e+00
   702 0.00000e+00 0.00000e+00
   703 0.00000e+00 0.00000e+00
   704 0.00000e+00 0.00000e+00
   705 0.00000e+00 0.00000e+00
   706 0.00000e+00 0.00000e+00
   707 0.00000e+00 0.00000e+00
   708 0.00000e+00 0.00000e+00
   709 0.00000e+00 0.00000e+00
   710 0.00000e+00 0.00000e+00
   711 0.00000e+00 0.00000e+00
   712 0.00000e+00 0.00000e+00
   713 0.00000e+00 0.00000e+00
   714 0.00000e+00 0.00000e+00
   715 0.00000e+00 0.00000e+00
   716 0.00000e+00 0.00000e+00
   717 0.00000e+00 0.00000e+00
   718 0.00000e+00 0.00000e+00
   719 0.00000e+00 0.00000e+00
   720 0.00000e+00 0.00000e+00
   721 0.00000e+00 0.00000e+00
   722 0.00000e+00 0.00000e+00
   723 0.00000e+00 0.00000e+00
   724 0.00000e+00 0.00000e+00
   725 0.00000e+00 0.00000e+00
   726 0.00000e+00 0.00000e+00
   727 0.00000e+00 0.00000e+00
   728 0.00000e+00 0.00000e+00
   729 0.00000e+00 0.00000e+00
   730 0.00000e+00 0.00000e+00
   731 0.00000e+00 0.00000e+00
   732 0.00000e+00 0.00000e+00
   733 0.00000e+00 0.00000e+00
   734 0.00000e+00 0.00000e+00
   735 0.00000e+00 0.00000e+00
   736 0.00000e+00 0.00000e+00
   737 0.00000e+00 0.00000e+00
   738 0.00000e+00 0.00000e+00
   739 0.00000e+00 0.00000e+00
   740 0.00000e+00 0.00000e+00
   741 0.00000e+00 0.00000e+00
   742 0.00000e+00 0.00000e+00
   743 0.00000e+00 0.00000e+00
   744 0.00000e+00 0.00000e+00
   745 0.00000e+00 0.00000e+00
   746 0.00000e+00 0.00000e+00
   747 0.00000e+00 0.00000e+00
   748 0.00000e+00 0.00000e+00
   749 0.00000e+00 0.00000e+00
   750 0.00000e+00 0.00000e+00
   751 0.00000e+00 0.00000e+00
   752 0.00000e+00 0.00000e+00
   753 0.00000e+00 0.00000e+00
   754 0.00000e+00 0.00000e+00
   755 0.00000e+00 0.00000e+00
   756 0.00000e+00 0.00000e+00
   757 0.00000e+00 0.00000e+00
   758 0.00000e+00 0.00000e+00
   759 0.00000e+00 0.00000e+00
   760 0.00000e+00 0.00000e+00
   761 0.00000e+00 0.00000e+00
   762 0.00000e+00 0.00000e+00
   763 0.00000e+00 0.00000e+00
   764 0.00000e+00 0.00000e+00
   765 0.00000e+00 0.00000e+00
   766 0.00000e+00 0.00000e+00
   767 0.00000e+00 0.00000e+00
   768 0.00000e+00 0.00000e+00
   769 0.00000e+00 0.00000e+00
   770 0.00000e+00 0.00000e+00
   771 0.00000e+00 0.00000e+00
   772 0.00000e+00 0.00000e+00
   773 0.00000e+00 0.00000e+00
   774 0.00000e+00 0.00000e+00
   775 0.00000e+00 0.00000e+00
   776 0.00000e+00 0.00000e+00
   777 0.00000e+00 0.00000e+00
   778 0.00000e+00 0.00000e+00
   779 0.00000e+00 0.00000e+00
   780 0.00000e+00 0.00000e+00
   781 0.00000e+00 0.00000e+00
   782 0.00000e+00 0.00000e+00
   783 0.00000e+00 0.00000e+00
   784 0.00000e+00 0.00000e+00
   785 0.00000e+00 0.00000e+00
   786 0.00000e+00 0.00000e+00
   787 0.00000e+00 0.00000e+00
   788 0.00000e+00 0.00000e+00
   789 0.00000e+00 0.00000e+00
   790 0.00000e+00 0.00000e+00
   791 0.00000e+00 0.00000e+00
   792 0.00000e+00 0.00000e+00
   793 0.00000e+00 0.00000e+00
   794 0.00000e+00 0.00000e+00
   795 0.00000e+00 0.00000e+00
   796 0.00000e+00 0.00000e+00
   797 0.00000e+00 0.00000e+00
   798 0.00000e+00 0.00000e+00
   799 0.00000e+00 0.00000e+00
   800 0.00000e+00 0.00000e+00
   801 0.00000e+00 0.00000e+00
   802 0.00000e+00 0.00000e+00
   803 0.00000e+00 0.00000e+00
   804 0.00000e+00 0.00000e+00
   805 0.00000e+00 0.00000e+00
   806 0.00000e+00 0.00000e+00
   807 0.00000e+00 0.00000e+00
   808 0.00000e+00 0.00000e+00
   809 0.00000e+00 0.00000e+00
   810 0.00000e+00 0.00000e+00
   811 0.00000e+00 0.00000e+00
   812 0.00000e+00 0.00000e+00
   813 0.00000e+00 0.00000e+00
   814 0.00000e+00 0.00000e+00
   815 0.00000e+00 0.00000e+00
   816 0.00000e+00 0.00000e+00
   817 0.00000e+00 0.00000e+00
   818 0.00000e+00 0.00000e+00
   819 0.00000e+00 0.00000e+00
   820 0.00000e+00 0.00000e+00
   821 0.00000e+00 0.00000e+00
   822 0.00000e+00 0.00000e+00
   823 0.00000e+00 0.00000e+00
   824 0.00000e+00 0.00000e+00
   825 0.00000e+00 0.00000e+00
   826 0.00000e+00 0.00000e+00
   827 0.00000e+00 0.00000e+00
   828 0.00000e+00 0.00000e+00
   829 0.00000e+00 0.00000e+00
   830 0.00000e+00 0.00000e+00
   831 0.00000e+00 0.00000e+00
   832 0.00000e+00 0.00000e+00
   833 0.00000e+00 0.00000e+00
   834 0.00000e+00 0.00000e+00
   835 0.00000e+00 0.00000e+00
   836 0.00000e+00 0.00000e+00
   837 0.00000e+00 0.00000e+00
   838 0.00000e+00 0.00000e+00
   839 0.00000e+00 0.00000e+00
   840 0.00000e+00 0.00000e+00
   841 0.00000e+00 0.00000e+00
   842 0.00000e+00 0.00000e+00
   843 0.00000e+00 0.00000e+00
   844 0.00000e+00 0.00000e+00
   845 0.00000e+00 0.00000e+00
   846 0.00000e+00 0.00000e+00
   847 0.00000e+00 0.00000e+00
   848 0.00000e+00 0.00000e+00
   849 0.00000e+00 0.00000e+00
   850 0.00000e+00 0.00000e+00
   851 0.00000e+00 0.00000e+00
   852 0.00000e+00 0.00000e+00
   853 0.00000e+00 0.00000e+00
   854 0.00000e+00 0.00000e+00
   855 0.00000e+00 0.00000e+00
   856 0.00000e+00 0.00000e+00
   857 0.00000e+00 0.00000e+00
   858 0.00000e+00 0.00000e+00
   859 0.00000e+00 0.00000e+00
   860 0.00000e+00 0.00000e+00
   861 0.00000e+00 0.00000e+00
   862 0.00000e+00 0.00000e+00
   863 0.00000e+00 0.00000e+00
   864 0.00000e+00 0.00000e+00
   865 0.00000e+00 0.00000e+00
   866 0.00000e+00 0.00000e+00
   867 0.00000e+00 0.00000e+00
   868 0.00000e+00 0.00000e+00
   869 0.00000e+00 0.00000e+00
   870 0.00000e+00 0.00000e+00
   871 0.00000e+00 0.00000e+00
   872 0.00000e+00 0.00000e+00
   873 0.00000e+00 0.00000e+00
   874 0.00000e+00 0.00000e+00
   875 0.00000e+00 0.00000e+00
   876 0.00000e+00 0.00000e+00
   877 0.00000e+00 0.00000e+00
   878 0.00000e+00 0.00000e+00
   879 0.00000e+00 0.00000e+00
   880 0.00000e+00 0.00000e+00
   881 0.00000e+00 0.00000e+00
   882 0.00000e+00 0.00000e+00
   883 0.00000e+00 0.00000e+00
   884 0.00000e+00 0.00000e+00
   885 0.00000e+00 0.00000e+00
   886 0.00000e+00 0.00000e+00
   887 0.00000e+00 0.00000e+00
   888 0.00000e+00 0.00000e+00
   889 0.00000e+00 0.00000e+00
   890 0.00000e+00 0.00000e+00
   891 0.00000e+00 0.00000e+00
   892 0.00000e+00 0.00000e+00
   893 0.00000e+00 0.00000e+00
   894 0.00000e+00 0.00000e+00
   895 0.00000e+00 0.00000e+00
   896 0.00000e+00 0.00000e+00
   897 0.00000e+00 0.00000e+00
   898 0.00000e+00 0.00000e+00
   899 0.00000e+00 0.00000e+00
   900 0.00000e+00 0.00000e+00
   901 0.00000e+00 0.00000e+00
   902 0.00000e+00 0.00000e+00
   903 0.00000e+00 0.00000e+00
   904 0.00000e+00 0.00000e+00
   905 0.00000e+00 0.00000e+00
   906 0.00000e+00 0.00000e+00
   907 0.00000e+00 0.00000e+00
   908 0.00000e+00 0.00000e+00
   909 0.00000e+00 0.00000e+00
   910 0.00000e+00 0.00000e+00
   911 0.00000e+00 0.00000e+00
   912 0.00000e+00 0.00000e+00
   913 0.00000e+00 0.00000e+00
   914 0.00000e+00 0.00000e+00
   915 0.00000e+00 0.00000e+00
   916 0.00000e+00 0.00000e+00
   917 0.00000e+00 0.00000e+00
   918 0.00000e+00 0.00000e+00
   919 0.00000e+00 0.00000e+00
   920 0.00000e+00 0.00000e+00
   921 0.00000e+00 0.00000e+00
   922 0.00000e+00 0.00000e+00
   923 0.00000e+00 0.00000e+00
   924 0.00000e+00 0.00000e+00
   925 0.00000e+00 0.00000e+00
   926 0.00000e+00 0.00000e+00
   927 0.00000e+00 0.00000e+00
   928 0.00000e+00 0.00000e+00
   929 0.00000e+00 0.00000e+00
   930 0.00000e+00 0.00000e+00
   931 0.00000e+00 0.00000e+00
   932 0.00000e+00 0.00000e+00
   933 0.00000e+00 0.00000e+00
   934 0.00000e+00 0.00000e+00
   935 0.00000e+00 0.00000e+00
   936 0.00000e+00 0.00000e+00
   937 0.00000e+00 0.00000e+00
   938 0.00000e+00 0.00000e+00
   939 0.00000e+00 0.00000e+00
   940 0.00000e+00 0.00000e+00
   941 0.00000e+00 0.00000e+00
   942 0.00000e+00 0.00000e+00
   943 0.00000e+00 0.00000e+00
   944 0.00000e+00 0.00000e+00
   945 0.00000e+00 0.00000e+00
   946 0.00000e+00 0.00000e+00
   947 0.00000e+00 0.00000e+00
   948 0.00000e+00 0.00000e+00
   949 0.00000e+00 0.00000e+00
   950 0.00000e+00 0.00000e+00
   951 0.00000e+00 0.00000e+00
   952 0.00000e+00 0.00000e+00
   953 0.00000e+00 0.00000e+00
   954 0.00000e+00 0.00000e+00
   955 0.00000e+00 0.00000e+00
   956 0.00000e+00 0.00000e+00
   957 0.00000e+00 0.00000e+00
   958 0.00000e+00 0.00000e+00
   959 0.00000e+00 0.00000e+00
   960 0.00000e+00 0.00000e+00
   961 0.00000e+00 0.00000e+00
   962 0.00000e+00 0.00000e+00
   963 0.00000e+00 0.00000e+00
   964 0.00000e+00 0.00000e+00
