     0 1.37489e-15 1.18311e-15 0.00000e+00 0.00000e+00
     1 2.50683e+00 2.95154e+00 1.22733e+00 1.57165e+00
     2 5.33555e-01 7.32811e-01 3.43303e-01 4.67777e-01
     3 2.65702e-01 3.50731e-01 1.87527e-01 2.57536e-01
     4 1.78138e-01 2.45755e-01 1.24521e-01 1.72630e-01
     5 1.34823e-01 1.79833e-01 8.98280e-02 1.25528e-01
     6 9.65168e-02 1.40127e-01 6.89331e-02 9.65110e-02
     7 7.99868e-02 1.13408e-01 5.53689e-02 7.70423e-02
     8 6.78768e-02 9.21756e-02 4.55188e-02 6.33653e-02
     9 5.60856e-02 8.00444e-02 3.82405e-02 5.32398e-02
    10 4.81775e-02 7.02210e-02 3.27585e-02 4.53350e-02
    11 4.17943e-02 5.94110e-02 2.84781e-02 3.91718e-02
    12 3.78328e-02 5.34220e-02 2.50167e-02 3.42675e-02
    13 3.34684e-02 4.65038e-02 2.21667e-02 3.02747e-02
    14 2.96469e-02 4.20483e-02 1.98309e-02 2.69963e-02
    15 2.69497e-02 3.75634e-02 1.78800e-02 2.42529e-02
    16 2.47546e-02 3.45956e-02 1.62125e-02 2.19257e-02
    17 2.30469e-02 3.12590e-02 1.47641e-02 1.99312e-02
    18 2.09211e-02 2.86264e-02 1.35086e-02 1.82208e-02
    19 1.92294e-02 2.62675e-02 1.24238e-02 1.67377e-02
    20 1.78319e-02 2.45781e-02 1.14737e-02 1.54342e-02
    21 1.64626e-02 2.27854e-02 1.06376e-02 1.42793e-02
    22 1.53569e-02 2.11957e-02 9.89774e-03 1.32568e-02
    23 1.45381e-02 1.99016e-02 9.23346e-03 1.23436e-02
    24 1.36038e-02 1.86845e-02 8.63483e-03 1.15228e-02
    25 1.27809e-02 1.75072e-02 8.09647e-03 1.07844e-02
    26 1.19964e-02 1.64212e-02 7.61074e-03 1.01192e-02
    27 1.12656e-02 1.54035e-02 7.17192e-03 9.51890e-03
    28 1.07093e-02 1.45785e-02 6.77242e-03 8.97385e-03
    29 1.01655e-02 1.38291e-02 6.40624e-03 8.47554e-03
    30 9.67787e-03 1.31318e-02 6.06995e-03 8.01863e-03
    31 9.17441e-03 1.24710e-02 5.76094e-03 7.59897e-03
    32 8.73511e-03 1.17743e-02 5.47670e-03 7.21420e-03
    33 8.34410e-03 1.13048e-02 5.21396e-03 6.85916e-03
    34 7.98290e-03 1.07269e-02 4.97030e-03 6.53038e-03
    35 7.63735e-03 1.02266e-02 4.74394e-03 6.22674e-03
    36 7.31292e-03 9.84364e-03 4.53339e-03 5.94408e-03
    37 6.98904e-03 9.40429e-03 4.33750e-03 5.68044e-03
    38 6.73064e-03 9.02879e-03 4.15458e-03 5.43468e-03
    39 6.44682e-03 8.63761e-03 3.98346e-03 5.20527e-03
    40 6.21568e-03 8.31145e-03 3.82318e-03 4.99074e-03
    41 5.98066e-03 8.00109e-03 3.67262e-03 4.78937e-03
    42 5.76895e-03 7.67923e-03 3.53107e-03 4.60046e-03
    43 5.55725e-03 7.38507e-03 3.39783e-03 4.42325e-03
    44 5.36204e-03 7.11429e-03 3.27233e-03 4.25660e-03
    45 5.19123e-03 6.89667e-03 3.15376e-03 4.09918e-03
    46 5.01354e-03 6.65252e-03 3.04162e-03 3.95030e-03
    47 4.84613e-03 6.40596e-03 2.93561e-03 3.80990e-03
    48 4.68865e-03 6.20199e-03 2.83525e-03 3.67719e-03
    49 4.53595e-03 5.99662e-03 2.74016e-03 3.55144e-03
    50 4.39103e-03 5.78665e-03 2.64999e-03 3.43242e-03
    51 4.24925e-03 5.61911e-03 2.56445e-03 3.31950e-03
    52 4.12662e-03 5.44112e-03 2.48313e-03 3.21212e-03
    53 4.01424e-03 5.29246e-03 2.40560e-03 3.10990e-03
    54 3.89749e-03 5.13152e-03 2.33166e-03 3.01249e-03
    55 3.78070e-03 4.98079e-03 2.26123e-03 2.91972e-03
    56 3.67502e-03 4.83382e-03 2.19406e-03 2.83130e-03
    57 3.57834e-03 4.70015e-03 2.12987e-03 2.74693e-03
    58 3.48733e-03 4.57837e-03 2.06843e-03 2.66625e-03
    59 3.38584e-03 4.45511e-03 2.00969e-03 2.58905e-03
    60 3.29603e-03 4.33545e-03 1.95354e-03 2.51518e-03
    61 3.21000e-03 4.21207e-03 1.89978e-03 2.44454e-03
    62 3.13164e-03 4.10284e-03 1.84822e-03 2.37694e-03
    63 3.05899e-03 3.99953e-03 1.79870e-03 2.31213e-03
    64 2.98368e-03 3.90125e-03 1.75112e-03 2.24992e-03
    65 2.91139e-03 3.80514e-03 1.70542e-03 2.19018e-03
    66 2.84050e-03 3.70792e-03 1.66151e-03 2.13283e-03
    67 2.77910e-03 3.63091e-03 1.61926e-03 2.07765e-03
    68 2.71598e-03 3.53999e-03 1.57856e-03 2.02454e-03
    69 2.65425e-03 3.45732e-03 1.53936e-03 1.97346e-03
    70 2.60022e-03 3.38497e-03 1.50156e-03 1.92424e-03
    71 2.54182e-03 3.30575e-03 1.46509e-03 1.87679e-03
    72 2.48653e-03 3.23421e-03 1.42993e-03 1.83106e-03
    73 2.42859e-03 3.15929e-03 1.39603e-03 1.78696e-03
    74 2.37895e-03 3.08847e-03 1.36333e-03 1.74446e-03
    75 2.32615e-03 3.02292e-03 1.33175e-03 1.70345e-03
    76 2.27998e-03 2.95947e-03 1.30125e-03 1.66383e-03
    77 2.23448e-03 2.89729e-03 1.27174e-03 1.62555e-03
    78 2.18683e-03 2.83779e-03 1.24322e-03 1.58855e-03
    79 2.14550e-03 2.78306e-03 1.21563e-03 1.55275e-03
    80 2.10438e-03 2.72508e-03 1.18890e-03 1.51811e-03
    81 2.06334e-03 2.66863e-03 1.16301e-03 1.48461e-03
    82 2.02538e-03 2.62132e-03 1.13793e-03 1.45216e-03
    83 1.98664e-03 2.56523e-03 1.11361e-03 1.42072e-03
    84 1.95142e-03 2.52170e-03 1.09003e-03 1.39026e-03
    85 1.91094e-03 2.47218e-03 1.06718e-03 1.36072e-03
    86 1.87696e-03 2.42385e-03 1.04503e-03 1.33208e-03
    87 1.84658e-03 2.38055e-03 1.02351e-03 1.30431e-03
    88 1.81063e-03 2.33540e-03 1.00261e-03 1.27737e-03
    89 1.78156e-03 2.29773e-03 9.82313e-04 1.25119e-03
    90 1.74889e-03 2.25369e-03 9.62590e-04 1.22576e-03
    91 1.71928e-03 2.21193e-03 9.43429e-04 1.20109e-03
    92 1.68816e-03 2.17618e-03 9.24809e-04 1.17711e-03
    93 1.65945e-03 2.13544e-03 9.06714e-04 1.15381e-03
    94 1.63370e-03 2.10190e-03 8.89104e-04 1.13115e-03
    95 1.60515e-03 2.06339e-03 8.71967e-04 1.10911e-03
    96 1.58017e-03 2.03090e-03 8.55291e-04 1.08767e-03
    97 1.55460e-03 1.99693e-03 8.39049e-04 1.06680e-03
    98 1.52802e-03 1.96184e-03 8.23241e-04 1.04650e-03
    99 1.50479e-03 1.93259e-03 8.07846e-04 1.02674e-03
   100 1.48011e-03 1.89925e-03 7.92847e-04 1.00748e-03
   101 1.45845e-03 1.87026e-03 7.78227e-04 9.88727e-04
   102 1.43539e-03 1.83974e-03 7.63972e-04 9.70451e-04
   103 1.41300e-03 1.81002e-03 7.50077e-04 9.52648e-04
   104 1.39224e-03 1.78251e-03 7.36526e-04 9.35293e-04
   105 1.36911e-03 1.75349e-03 7.23314e-04 9.18374e-04
   106 1.35023e-03 1.72904e-03 7.10426e-04 9.01870e-04
   107 1.32988e-03 1.70111e-03 6.97843e-04 8.85766e-04
   108 1.31036e-03 1.67602e-03 6.85563e-04 8.70058e-04
   109 1.29207e-03 1.65154e-03 6.73571e-04 8.54724e-04
   110 1.27322e-03 1.62590e-03 6.61857e-04 8.39759e-04
   111 1.25384e-03 1.60251e-03 6.50422e-04 8.25151e-04
   112 1.23556e-03 1.57850e-03 6.39259e-04 8.10887e-04
   113 1.21888e-03 1.55528e-03 6.28351e-04 7.96959e-04
   114 1.20102e-03 1.53223e-03 6.17691e-04 7.83358e-04
   115 1.18428e-03 1.50918e-03 6.07275e-04 7.70077e-04
   116 1.16896e-03 1.48901e-03 5.97088e-04 7.57098e-04
   117 1.15293e-03 1.46765e-03 5.87122e-04 7.44408e-04
   118 1.13699e-03 1.44773e-03 5.77378e-04 7.32002e-04
   119 1.12129e-03 1.42732e-03 5.67850e-04 7.19872e-04
   120 1.10617e-03 1.40747e-03 5.58530e-04 7.08011e-04
   121 1.09165e-03 1.38865e-03 5.49410e-04 6.96408e-04
   122 1.07699e-03 1.36877e-03 5.40486e-04 6.85061e-04
   123 1.06296e-03 1.35121e-03 5.31752e-04 6.73959e-04
   124 1.04777e-03 1.33229e-03 5.23206e-04 6.63095e-04
   125 1.03533e-03 1.31540e-03 5.14841e-04 6.52462e-04
   126 1.02165e-03 1.29762e-03 5.06645e-04 6.42052e-04
   127 1.00907e-03 1.28123e-03 4.98619e-04 6.31859e-04
   128 9.96476e-04 1.26442e-03 4.90754e-04 6.21876e-04
   129 9.83236e-04 1.24685e-03 4.83051e-04 6.12104e-04
   130 9.71338e-04 1.23199e-03 4.75505e-04 6.02534e-04
   131 9.58512e-04 1.21572e-03 4.68111e-04 5.93155e-04
   132 9.46537e-04 1.19946e-03 4.60867e-04 5.83972e-04
   133 9.34381e-04 1.18446e-03 4.53769e-04 5.74977e-04
   134 9.22762e-04 1.16957e-03 4.46814e-04 5.66160e-04
   135 9.12624e-04 1.15625e-03 4.39991e-04 5.57514e-04
   136 9.00584e-04 1.14077e-03 4.33300e-04 5.49038e-04
   137 8.89941e-04 1.12755e-03 4.26741e-04 5.40729e-04
   138 8.79195e-04 1.11253e-03 4.20308e-04 5.32583e-04
   139 8.68272e-04 1.09934e-03 4.14000e-04 5.24598e-04
   140 8.58831e-04 1.08734e-03 4.07809e-04 5.16761e-04
   141 8.47800e-04 1.07248e-03 4.01736e-04 5.09075e-04
   142 8.38948e-04 1.06079e-03 3.95776e-04 5.01537e-04
   143 8.28407e-04 1.04775e-03 3.89925e-04 4.94138e-04
   144 8.18983e-04 1.03569e-03 3.84185e-04 4.86879e-04
   145 8.08977e-04 1.02313e-03 3.78552e-04 4.79755e-04
   146 7.99532e-04 1.01043e-03 3.73025e-04 4.72767e-04
   147 7.90699e-04 9.99658e-04 3.67598e-04 4.65907e-04
   148 7.81661e-04 9.87557e-04 3.62268e-04 4.59171e-04
   149 7.72469e-04 9.76365e-04 3.57035e-04 4.52558e-04
   150 7.63486e-04 9.64216e-04 3.51898e-04 4.46068e-04
   151 7.54946e-04 9.52882e-04 3.46853e-04 4.39699e-04
   152 7.47272e-04 9.43292e-04 3.41896e-04 4.33441e-04
   153 7.38376e-04 9.31795e-04 3.37025e-04 4.27293e-04
   154 7.30055e-04 9.21320e-04 3.32241e-04 4.21257e-04
   155 7.21864e-04 9.10739e-04 3.27543e-04 4.15328e-04
   156 7.14057e-04 9.00395e-04 3.22926e-04 4.09505e-04
   157 7.06199e-04 8.90666e-04 3.18388e-04 4.03782e-04
   158 6.98313e-04 8.80623e-04 3.13929e-04 3.98159e-04
   159 6.91243e-04 8.71821e-04 3.09546e-04 3.92631e-04
   160 6.83423e-04 8.61771e-04 3.05237e-04 3.87197e-04
   161 6.76069e-04 8.51917e-04 3.01002e-04 3.81858e-04
   162 6.68302e-04 8.42500e-04 2.96839e-04 3.76612e-04
   163 6.61517e-04 8.33165e-04 2.92748e-04 3.71456e-04
   164 6.54395e-04 8.24938e-04 2.88724e-04 3.66386e-04
   165 6.47646e-04 8.15603e-04 2.84766e-04 3.61399e-04
   166 6.40781e-04 8.07055e-04 2.80873e-04 3.56497e-04
   167 6.33804e-04 7.97956e-04 2.77046e-04 3.51677e-04
   168 6.27211e-04 7.89825e-04 2.73282e-04 3.46938e-04
   169 6.21182e-04 7.82012e-04 2.69577e-04 3.42273e-04
   170 6.14190e-04 7.72833e-04 2.65933e-04 3.37687e-04
   171 6.07857e-04 7.64886e-04 2.62349e-04 3.33177e-04
   172 6.01352e-04 7.56398e-04 2.58824e-04 3.28742e-04
   173 5.95234e-04 7.48603e-04 2.55356e-04 3.24380e-04
   174 5.89180e-04 7.41140e-04 2.51942e-04 3.20087e-04
   175 5.82891e-04 7.33085e-04 2.48584e-04 3.15863e-04
   176 5.77179e-04 7.26038e-04 2.45279e-04 3.11706e-04
   177 5.70933e-04 7.18428e-04 2.42027e-04 3.07614e-04
   178 5.65347e-04 7.11363e-04 2.38826e-04 3.03586e-04
   179 5.59285e-04 7.03437e-04 2.35676e-04 2.99623e-04
   180 5.53736e-04 6.96321e-04 2.32575e-04 2.95724e-04
   181 5.48374e-04 6.89788e-04 2.29522e-04 2.91885e-04
   182 5.42500e-04 6.82187e-04 2.26517e-04 2.88105e-04
   183 5.37085e-04 6.75304e-04 2.23560e-04 2.84386e-04
   184 5.31667e-04 6.68334e-04 2.20648e-04 2.80725e-04
   185 5.26607e-04 6.62001e-04 2.17780e-04 2.77120e-04
   186 5.21384e-04 6.55509e-04 2.14955e-04 2.73568e-04
   187 5.15934e-04 6.48172e-04 2.12174e-04 2.70073e-04
   188 5.11088e-04 6.42331e-04 2.09435e-04 2.66632e-04
   189 5.05861e-04 6.35842e-04 2.06738e-04 2.63242e-04
   190 5.01083e-04 6.29672e-04 2.04081e-04 2.59903e-04
   191 4.96178e-04 6.23437e-04 2.01463e-04 2.56614e-04
   192 4.91064e-04 6.16985e-04 1.98886e-04 2.53375e-04
   193 4.86613e-04 6.11460e-04 1.96346e-04 2.50184e-04
   194 4.81605e-04 6.05057e-04 1.93844e-04 2.47041e-04
   195 4.77172e-04 5.99419e-04 1.91380e-04 2.43944e-04
   196 4.72462e-04 5.93503e-04 1.88951e-04 2.40893e-04
   197 4.67441e-04 5.87327e-04 1.86559e-04 2.37889e-04
   198 4.63541e-04 5.82217e-04 1.84203e-04 2.34928e-04
   199 4.58779e-04 5.76263e-04 1.81879e-04 2.32010e-04
   200 4.54428e-04 5.71038e-04 1.79591e-04 2.29134e-04
   201 4.49964e-04 5.65297e-04 1.77335e-04 2.26301e-04
   202 4.45856e-04 5.59944e-04 1.75112e-04 2.23509e-04
   203 4.41759e-04 5.54979e-04 1.72921e-04 2.20756e-04
   204 4.37181e-04 5.49085e-04 1.70761e-04 2.18043e-04
   205 4.33239e-04 5.44290e-04 1.68633e-04 2.15370e-04
   206 4.29077e-04 5.39147e-04 1.66535e-04 2.12734e-04
   207 4.25096e-04 5.34165e-04 1.64467e-04 2.10135e-04
   208 4.21233e-04 5.29109e-04 1.62427e-04 2.07573e-04
   209 4.17004e-04 5.23826e-04 1.60417e-04 2.05048e-04
   210 4.13281e-04 5.19243e-04 1.58436e-04 2.02558e-04
   211 4.09206e-04 5.14097e-04 1.56482e-04 2.00104e-04
   212 4.05473e-04 5.09497e-04 1.54556e-04 1.97684e-04
   213 4.01660e-04 5.04722e-04 1.52657e-04 1.95298e-04
   214 3.97751e-04 4.99943e-04 1.50785e-04 1.92945e-04
   215 3.94216e-04 4.95392e-04 1.48939e-04 1.90625e-04
   216 3.90735e-04 4.90907e-04 1.47118e-04 1.88336e-04
   217 3.87028e-04 4.86325e-04 1.45321e-04 1.86079e-04
   218 3.83333e-04 4.81789e-04 1.43550e-04 1.83854e-04
   219 3.79941e-04 4.77464e-04 1.41804e-04 1.81659e-04
   220 3.76361e-04 4.73016e-04 1.40081e-04 1.79494e-04
   221 3.72808e-04 4.68503e-04 1.38382e-04 1.77359e-04
   222 3.69446e-04 4.64475e-04 1.36707e-04 1.75253e-04
   223 3.65927e-04 4.60054e-04 1.35054e-04 1.73175e-04
   224 3.62785e-04 4.55997e-04 1.33424e-04 1.71126e-04
   225 3.59440e-04 4.51870e-04 1.31815e-04 1.69104e-04
   226 3.56021e-04 4.47778e-04 1.30229e-04 1.67109e-04
   227 3.52974e-04 4.43869e-04 1.28664e-04 1.65141e-04
   228 3.49636e-04 4.39718e-04 1.27120e-04 1.63199e-04
   229 3.46500e-04 4.35827e-04 1.25597e-04 1.61283e-04
   230 3.43211e-04 4.31689e-04 1.24094e-04 1.59393e-04
   231 3.40276e-04 4.27960e-04 1.22611e-04 1.57528e-04
   232 3.37200e-04 4.24202e-04 1.21148e-04 1.55688e-04
   233 3.34134e-04 4.20268e-04 1.19704e-04 1.53872e-04
   234 3.31134e-04 4.16683e-04 1.18280e-04 1.52079e-04
   235 3.27964e-04 4.12698e-04 1.16874e-04 1.50311e-04
   236 3.25173e-04 4.09262e-04 1.15488e-04 1.48566e-04
   237 3.22233e-04 4.05562e-04 1.14119e-04 1.46843e-04
   238 3.19290e-04 4.01890e-04 1.12769e-04 1.45143e-04
   239 3.16602e-04 3.98607e-04 1.11435e-04 1.43465e-04
   240 3.13561e-04 3.94841e-04 1.10120e-04 1.41809e-04
   241 3.10904e-04 3.91601e-04 1.08822e-04 1.40174e-04
   242 3.07848e-04 3.87865e-04 1.07540e-04 1.38560e-04
   243 3.05192e-04 3.84460e-04 1.06276e-04 1.36967e-04
   244 3.02500e-04 3.81168e-04 1.05029e-04 1.35395e-04
   245 2.99743e-04 3.77691e-04 1.03797e-04 1.33843e-04
   246 2.97285e-04 3.74624e-04 1.02581e-04 1.32311e-04
   247 2.94468e-04 3.71044e-04 1.01381e-04 1.30799e-04
   248 2.91943e-04 3.67898e-04 1.00196e-04 1.29306e-04
   249 2.89407e-04 3.64807e-04 9.90265e-05 1.27832e-04
   250 2.86780e-04 3.61443e-04 9.78718e-05 1.26376e-04
   251 2.84427e-04 3.58677e-04 9.67317e-05 1.24939e-04
   252 2.81692e-04 3.55233e-04 9.56062e-05 1.23520e-04
   253 2.79308e-04 3.52280e-04 9.44953e-05 1.22119e-04
   254 2.76853e-04 3.49243e-04 9.33983e-05 1.20735e-04
   255 2.74311e-04 3.46089e-04 9.23155e-05 1.19369e-04
   256 2.72027e-04 3.43204e-04 9.12463e-05 1.18020e-04
   257 2.69465e-04 3.40069e-04 9.01908e-05 1.16688e-04
   258 2.67270e-04 3.37370e-04 8.91486e-05 1.15373e-04
   259 2.64800e-04 3.34338e-04 8.81195e-05 1.14073e-04
   260 2.62509e-04 3.31502e-04 8.71035e-05 1.12791e-04
   261 2.60256e-04 3.28598e-04 8.61001e-05 1.11524e-04
   262 2.57943e-04 3.25759e-04 8.51093e-05 1.10272e-04
   263 2.55775e-04 3.23114e-04 8.41308e-05 1.09037e-04
   264 2.53484e-04 3.20214e-04 8.31644e-05 1.07816e-04
   265 2.51301e-04 3.17557e-04 8.22102e-05 1.06610e-04
   266 2.49040e-04 3.14784e-04 8.12680e-05 1.05419e-04
   267 2.46886e-04 3.12118e-04 8.03375e-05 1.04243e-04
   268 2.44749e-04 3.09489e-04 7.94186e-05 1.03081e-04
   269 2.42513e-04 3.06799e-04 7.85112e-05 1.01934e-04
   270 2.40536e-04 3.04328e-04 7.76150e-05 1.00800e-04
   271 2.38379e-04 3.01664e-04 7.67298e-05 9.96797e-05
   272 2.36291e-04 2.99087e-04 7.58557e-05 9.85734e-05
   273 2.34195e-04 2.96445e-04 7.49924e-05 9.74807e-05
   274 2.32252e-04 2.94053e-04 7.41397e-05 9.64011e-05
   275 2.30321e-04 2.91635e-04 7.32971e-05 9.53343e-05
   276 2.28256e-04 2.89011e-04 7.24648e-05 9.42805e-05
   277 2.26298e-04 2.86642e-04 7.16428e-05 9.32395e-05
   278 2.24274e-04 2.84093e-04 7.08310e-05 9.22112e-05
   279 2.22372e-04 2.81802e-04 7.00291e-05 9.11952e-05
   280 2.20571e-04 2.79557e-04 6.92367e-05 9.01910e-05
   281 2.18538e-04 2.77064e-04 6.84540e-05 8.91988e-05
   282 2.16780e-04 2.74879e-04 6.76808e-05 8.82185e-05
   283 2.14808e-04 2.72452e-04 6.69169e-05 8.72497e-05
   284 2.13030e-04 2.70236e-04 6.61624e-05 8.62926e-05
   285 2.11189e-04 2.67981e-04 6.54168e-05 8.53467e-05
   286 2.09297e-04 2.65644e-04 6.46804e-05 8.44122e-05
   287 2.07652e-04 2.63622e-04 6.39528e-05 8.34885e-05
   288 2.05769e-04 2.61261e-04 6.32338e-05 8.25756e-05
   289 2.04035e-04 2.59110e-04 6.25235e-05 8.16738e-05
   290 2.02222e-04 2.56918e-04 6.18219e-05 8.07826e-05
   291 2.00476e-04 2.54765e-04 6.11288e-05 7.99019e-05
   292 1.98913e-04 2.52847e-04 6.04437e-05 7.90312e-05
   293 1.97057e-04 2.50484e-04 5.97669e-05 7.81708e-05
   294 1.95417e-04 2.48477e-04 5.90983e-05 7.73208e-05
   295 1.93750e-04 2.46386e-04 5.84375e-05 7.64806e-05
   296 1.92067e-04 2.44292e-04 5.77847e-05 7.56504e-05
   297 1.90465e-04 2.42432e-04 5.71396e-05 7.48296e-05
   298 1.88775e-04 2.40239e-04 5.65023e-05 7.40184e-05
   299 1.87254e-04 2.38416e-04 5.58724e-05 7.32166e-05
   300 1.85624e-04 2.36429e-04 5.52499e-05 7.24239e-05
   301 1.84036e-04 2.34425e-04 5.46348e-05 7.16404e-05
   302 1.82493e-04 2.32467e-04 5.40270e-05 7.08662e-05
   303 1.80859e-04 2.30464e-04 5.34264e-05 7.01010e-05
   304 1.79403e-04 2.28683e-04 5.28329e-05 6.93446e-05
   305 1.77870e-04 2.26784e-04 5.22463e-05 6.85967e-05
   306 1.76348e-04 2.24919e-04 5.16665e-05 6.78574e-05
   307 1.74846e-04 2.23067e-04 5.10936e-05 6.71266e-05
   308 1.73328e-04 2.21160e-04 5.05275e-05 6.64043e-05
   309 1.71944e-04 2.19472e-04 4.99679e-05 6.56901e-05
   310 1.70364e-04 2.17496e-04 4.94149e-05 6.49842e-05
   311 1.68948e-04 2.15801e-04 4.88685e-05 6.42865e-05
   312 1.67514e-04 2.14015e-04 4.83284e-05 6.35965e-05
   313 1.66102e-04 2.12251e-04 4.77946e-05 6.29145e-05
   314 1.64691e-04 2.10507e-04 4.72670e-05 6.22403e-05
   315 1.63269e-04 2.08750e-04 4.67457e-05 6.15737e-05
   316 1.61887e-04 2.07045e-04 4.62303e-05 6.09148e-05
   317 1.60547e-04 2.05355e-04 4.57210e-05 6.02633e-05
   318 1.59173e-04 2.03661e-04 4.52175e-05 5.96192e-05
   319 1.57819e-04 2.01978e-04 4.47199e-05 5.89824e-05
   320 1.56477e-04 2.00330e-04 4.42280e-05 5.83528e-05
   321 1.55181e-04 1.98742e-04 4.37418e-05 5.77302e-05
   322 1.53881e-04 1.97135e-04 4.32612e-05 5.71145e-05
   323 1.52567e-04 1.95506e-04 4.27860e-05 5.65058e-05
   324 1.51236e-04 1.93851e-04 4.23165e-05 5.59040e-05
   325 1.50011e-04 1.92296e-04 4.18523e-05 5.53090e-05
   326 1.48722e-04 1.90753e-04 4.13934e-05 5.47206e-05
   327 1.47420e-04 1.89117e-04 4.09399e-05 5.41389e-05
   328 1.46191e-04 1.87653e-04 4.04917e-05 5.35637e-05
   329 1.44919e-04 1.86051e-04 4.00486e-05 5.29949e-05
   330 1.43741e-04 1.84627e-04 3.96106e-05 5.24324e-05
   331 1.42521e-04 1.83089e-04 3.91775e-05 5.18761e-05
   332 1.41292e-04 1.81604e-04 3.87494e-05 5.13260e-05
   333 1.40122e-04 1.80128e-04 3.83262e-05 5.07821e-05
   334 1.38895e-04 1.78621e-04 3.79079e-05 5.02442e-05
   335 1.37762e-04 1.77264e-04 3.74944e-05 4.97123e-05
   336 1.36573e-04 1.75743e-04 3.70855e-05 4.91862e-05
   337 1.35453e-04 1.74349e-04 3.66813e-05 4.86660e-05
   338 1.34355e-04 1.72993e-04 3.62816e-05 4.81514e-05
   339 1.33130e-04 1.71471e-04 3.58865e-05 4.76426e-05
   340 1.32049e-04 1.70122e-04 3.54960e-05 4.71395e-05
   341 1.30900e-04 1.68696e-04 3.51099e-05 4.66420e-05
   342 1.29814e-04 1.67361e-04 3.47282e-05 4.61500e-05
   343 1.28733e-04 1.66042e-04 3.43507e-05 4.56632e-05
   344 1.27613e-04 1.64614e-04 3.39776e-05 4.51819e-05
   345 1.26593e-04 1.63380e-04 3.36086e-05 4.47059e-05
   346 1.25471e-04 1.61985e-04 3.32439e-05 4.42350e-05
   347 1.24443e-04 1.60715e-04 3.28832e-05 4.37694e-05
   348 1.23398e-04 1.59444e-04 3.25266e-05 4.33087e-05
   349 1.22325e-04 1.58102e-04 3.21741e-05 4.28531e-05
   350 1.21348e-04 1.56921e-04 3.18255e-05 4.24025e-05
   351 1.20281e-04 1.55546e-04 3.14808e-05 4.19567e-05
   352 1.19280e-04 1.54344e-04 3.11400e-05 4.15159e-05
   353 1.18258e-04 1.53048e-04 3.08031e-05 4.10799e-05
   354 1.17251e-04 1.51801e-04 3.04700e-05 4.06487e-05
   355 1.16300e-04 1.50663e-04 3.01406e-05 4.02221e-05
   356 1.15286e-04 1.49385e-04 2.98149e-05 3.98001e-05
   357 1.14341e-04 1.48220e-04 2.94928e-05 3.93827e-05
   358 1.13358e-04 1.46960e-04 2.91743e-05 3.89699e-05
   359 1.12423e-04 1.45799e-04 2.88594e-05 3.85615e-05
   360 1.11494e-04 1.44654e-04 2.85480e-05 3.81576e-05
   361 1.10516e-04 1.43437e-04 2.82401e-05 3.77580e-05
   362 1.09627e-04 1.42340e-04 2.79356e-05 3.73627e-05
   363 1.08672e-04 1.41128e-04 2.76345e-05 3.69717e-05
   364 1.07772e-04 1.40026e-04 2.73368e-05 3.65850e-05
   365 1.06830e-04 1.38865e-04 2.70424e-05 3.62024e-05
   366 1.05927e-04 1.37723e-04 2.67514e-05 3.58241e-05
   367 1.05066e-04 1.36653e-04 2.64635e-05 3.54498e-05
   368 1.04166e-04 1.35532e-04 2.61788e-05 3.50795e-05
   369 1.03301e-04 1.34451e-04 2.58973e-05 3.47131e-05
   370 1.02409e-04 1.33343e-04 2.56190e-05 3.43508e-05
   371 1.01561e-04 1.32281e-04 2.53437e-05 3.39923e-05
   372 1.00707e-04 1.31265e-04 2.50715e-05 3.36376e-05
   373 9.98497e-05 1.30153e-04 2.48023e-05 3.32867e-05
   374 9.90194e-05 1.29146e-04 2.45361e-05 3.29396e-05
   375 9.81616e-05 1.28058e-04 2.42728e-05 3.25962e-05
   376 9.73625e-05 1.27068e-04 2.40125e-05 3.22565e-05
   377 9.65387e-05 1.26058e-04 2.37550e-05 3.19203e-05
   378 9.57168e-05 1.25012e-04 2.35003e-05 3.15878e-05
   379 9.49276e-05 1.24051e-04 2.32485e-05 3.12588e-05
   380 9.41145e-05 1.23004e-04 2.29994e-05 3.09333e-05
   381 9.33367e-05 1.22058e-04 2.27531e-05 3.06112e-05
   382 9.25349e-05 1.21036e-04 2.25095e-05 3.02926e-05
   383 9.17678e-05 1.20070e-04 2.22686e-05 2.99775e-05
   384 9.09923e-05 1.19106e-04 2.20303e-05 2.96656e-05
   385 9.02197e-05 1.18142e-04 2.17946e-05 2.93571e-05
   386 8.94732e-05 1.17224e-04 2.15616e-05 2.90519e-05
   387 8.87096e-05 1.16244e-04 2.13311e-05 2.87498e-05
   388 8.79643e-05 1.15339e-04 2.11031e-05 2.84510e-05
   389 8.72152e-05 1.14401e-04 2.08777e-05 2.81553e-05
   390 8.64681e-05 1.13464e-04 2.06547e-05 2.78628e-05
   391 8.57691e-05 1.12604e-04 2.04342e-05 2.75734e-05
   392 8.50287e-05 1.11646e-04 2.02160e-05 2.72870e-05
   393 8.43276e-05 1.10789e-04 2.00003e-05 2.70036e-05
   394 8.36016e-05 1.09870e-04 1.97869e-05 2.67232e-05
   395 8.28874e-05 1.08979e-04 1.95759e-05 2.64459e-05
   396 8.22142e-05 1.08139e-04 1.93672e-05 2.61714e-05
   397 8.15153e-05 1.07245e-04 1.91607e-05 2.58998e-05
   398 8.08353e-05 1.06423e-04 1.89565e-05 2.56310e-05
   399 8.01379e-05 1.05521e-04 1.87545e-05 2.53651e-05
   400 7.94587e-05 1.04678e-04 1.85548e-05 2.51020e-05
   401 7.88015e-05 1.03845e-04 1.83572e-05 2.48417e-05
   402 7.81263e-05 1.02989e-04 1.81618e-05 2.45841e-05
   403 7.74779e-05 1.02210e-04 1.79685e-05 2.43292e-05
   404 7.68129e-05 1.01357e-04 1.77773e-05 2.40770e-05
   405 7.61843e-05 1.00562e-04 1.75882e-05 2.38274e-05
   406 7.55410e-05 9.97644e-05 1.74011e-05 2.35804e-05
   407 7.48953e-05 9.89194e-05 1.72161e-05 2.33360e-05
   408 7.42836e-05 9.81735e-05 1.70330e-05 2.30941e-05
   409 7.36421e-05 9.73727e-05 1.68520e-05 2.28548e-05
   410 7.30284e-05 9.66002e-05 1.66729e-05 2.26180e-05
   411 7.24124e-05 9.58284e-05 1.64957e-05 2.23836e-05
   412 7.18012e-05 9.50435e-05 1.63205e-05 2.21517e-05
   413 7.12051e-05 9.42860e-05 1.61472e-05 2.19222e-05
   414 7.06016e-05 9.35163e-05 1.59757e-05 2.16951e-05
   415 7.00072e-05 9.27870e-05 1.58061e-05 2.14703e-05
   416 6.94098e-05 9.20194e-05 1.56383e-05 2.12480e-05
   417 6.88250e-05 9.13025e-05 1.54724e-05 2.10279e-05
   418 6.82548e-05 9.05629e-05 1.53082e-05 2.08101e-05
   419 6.76797e-05 8.98338e-05 1.51458e-05 2.05946e-05
   420 6.71010e-05 8.91287e-05 1.49851e-05 2.03812e-05
   421 6.65293e-05 8.83868e-05 1.48262e-05 2.01702e-05
   422 6.59772e-05 8.76808e-05 1.46691e-05 1.99613e-05
   423 6.54174e-05 8.69775e-05 1.45136e-05 1.97546e-05
   424 6.48660e-05 8.62771e-05 1.43598e-05 1.95501e-05
   425 6.43176e-05 8.55778e-05 1.42076e-05 1.93477e-05
   426 6.37724e-05 8.49018e-05 1.40571e-05 1.91473e-05
   427 6.32497e-05 8.42267e-05 1.39082e-05 1.89491e-05
   428 6.27101e-05 8.35325e-05 1.37608e-05 1.87528e-05
   429 6.21752e-05 8.28696e-05 1.36151e-05 1.85587e-05
   430 6.16584e-05 8.22108e-05 1.34710e-05 1.83665e-05
   431 6.11427e-05 8.15524e-05 1.33283e-05 1.81763e-05
   432 6.06327e-05 8.09212e-05 1.31872e-05 1.79880e-05
   433 6.01110e-05 8.02418e-05 1.30476e-05 1.78017e-05
   434 5.96012e-05 7.96066e-05 1.29096e-05 1.76174e-05
   435 5.91009e-05 7.89493e-05 1.27730e-05 1.74349e-05
   436 5.86096e-05 7.83409e-05 1.26378e-05 1.72543e-05
   437 5.81136e-05 7.77136e-05 1.25041e-05 1.70756e-05
   438 5.76255e-05 7.70691e-05 1.23719e-05 1.68987e-05
   439 5.71369e-05 7.64619e-05 1.22410e-05 1.67236e-05
   440 5.66534e-05 7.58364e-05 1.21115e-05 1.65503e-05
   441 5.61751e-05 7.52486e-05 1.19835e-05 1.63788e-05
   442 5.57048e-05 7.46399e-05 1.18568e-05 1.62091e-05
   443 5.52398e-05 7.40277e-05 1.17314e-05 1.60411e-05
   444 5.47711e-05 7.34612e-05 1.16074e-05 1.58748e-05
   445 5.43111e-05 7.28422e-05 1.14847e-05 1.57103e-05
   446 5.38504e-05 7.22788e-05 1.13633e-05 1.55474e-05
   447 5.33954e-05 7.16768e-05 1.12432e-05 1.53862e-05
   448 5.29557e-05 7.11031e-05 1.11244e-05 1.52267e-05
   449 5.25012e-05 7.05684e-05 1.10068e-05 1.50687e-05
   450 5.20566e-05 6.99653e-05 1.08905e-05 1.49124e-05
   451 5.16126e-05 6.94062e-05 1.07754e-05 1.47577e-05
   452 5.11790e-05 6.88418e-05 1.06616e-05 1.46046e-05
   453 5.07505e-05 6.83002e-05 1.05490e-05 1.44531e-05
   454 5.03240e-05 6.77579e-05 1.04375e-05 1.43031e-05
   455 4.99056e-05 6.72008e-05 1.03273e-05 1.41546e-05
   456 4.94873e-05 6.66764e-05 1.02182e-05 1.40076e-05
   457 4.90648e-05 6.61333e-05 1.01102e-05 1.38622e-05
   458 4.86448e-05 6.56008e-05 1.00034e-05 1.37182e-05
   459 4.82382e-05 6.50778e-05 9.89779e-06 1.35757e-05
   460 4.78434e-05 6.45510e-05 9.79324e-06 1.34346e-05
   461 4.74336e-05 6.40536e-05 9.68979e-06 1.32950e-05
   462 4.70448e-05 6.35223e-05 9.58743e-06 1.31568e-05
   463 4.66451e-05 6.30177e-05 9.48614e-06 1.30200e-05
   464 4.62528e-05 6.25007e-05 9.38593e-06 1.28846e-05
   465 4.58632e-05 6.20049e-05 9.28677e-06 1.27506e-05
   466 4.54743e-05 6.15141e-05 9.18867e-06 1.26179e-05
   467 4.50982e-05 6.10042e-05 9.09159e-06 1.24866e-05
   468 4.47146e-05 6.05242e-05 8.99554e-06 1.23566e-05
   469 4.43416e-05 6.00365e-05 8.90049e-06 1.22279e-05
   470 4.39577e-05 5.95558e-05 8.80646e-06 1.21006e-05
   471 4.35965e-05 5.90656e-05 8.71342e-06 1.19745e-05
   472 4.32340e-05 5.85949e-05 8.62134e-06 1.18497e-05
   473 4.28692e-05 5.81417e-05 8.53023e-06 1.17262e-05
   474 4.25124e-05 5.76708e-05 8.44007e-06 1.16039e-05
   475 4.21484e-05 5.72022e-05 8.35086e-06 1.14829e-05
   476 4.17959e-05 5.67435e-05 8.26259e-06 1.13631e-05
   477 4.14526e-05 5.62932e-05 8.17524e-06 1.12445e-05
   478 4.10984e-05 5.58507e-05 8.08880e-06 1.11270e-05
   479 4.07591e-05 5.53925e-05 8.00327e-06 1.10108e-05
   480 4.04091e-05 5.49552e-05 7.91863e-06 1.08957e-05
   481 4.00755e-05 5.45062e-05 7.83488e-06 1.07818e-05
   482 3.97362e-05 5.40651e-05 7.75200e-06 1.06691e-05
   483 3.94027e-05 5.36314e-05 7.66999e-06 1.05575e-05
   484 3.90784e-05 5.32017e-05 7.58883e-06 1.04470e-05
   485 3.87434e-05 5.27837e-05 7.50852e-06 1.03376e-05
   486 3.84310e-05 5.23544e-05 7.42904e-06 1.02293e-05
   487 3.80984e-05 5.19369e-05 7.35039e-06 1.01222e-05
   488 3.77767e-05 5.15059e-05 7.27257e-06 1.00161e-05
   489 3.74658e-05 5.10900e-05 7.19555e-06 9.91105e-06
   490 3.71470e-05 5.06988e-05 7.11934e-06 9.80708e-06
   491 3.68472e-05 5.02888e-05 7.04391e-06 9.70413e-06
   492 3.65320e-05 4.98891e-05 6.96926e-06 9.60222e-06
   493 3.62284e-05 4.94818e-05 6.89539e-06 9.50134e-06
   494 3.59304e-05 4.90883e-05 6.82228e-06 9.40147e-06
   495 3.56246e-05 4.86935e-05 6.74993e-06 9.30260e-06
   496 3.53374e-05 4.83000e-05 6.67833e-06 9.20473e-06
   497 3.50305e-05 4.79225e-05 6.60746e-06 9.10782e-06
   498 3.47409e-05 4.75314e-05 6.53734e-06 9.01189e-06
   499 3.44551e-05 4.71490e-05 6.46794e-06 8.91693e-06
   500 3.41623e-05 4.67741e-05 6.39925e-06 8.82291e-06
   501 3.38906e-05 4.63959e-05 6.33127e-06 8.72983e-06
   502 3.35947e-05 4.60383e-05 6.26398e-06 8.63768e-06
   503 3.33260e-05 4.56598e-05 6.19740e-06 8.54644e-06
   504 3.30442e-05 4.53000e-05 6.13149e-06 8.45611e-06
   505 3.27746e-05 4.49310e-05 6.06626e-06 8.36668e-06
   506 3.25062e-05 4.45684e-05 6.00169e-06 8.27816e-06
   507 3.22191e-05 4.42141e-05 5.93779e-06 8.19052e-06
   508 3.19580e-05 4.38557e-05 5.87456e-06 8.10375e-06
   509 3.16851e-05 4.35115e-05 5.81199e-06 8.01784e-06
   510 3.14383e-05 4.31603e-05 5.75004e-06 7.93278e-06
   511 3.11711e-05 4.28157e-05 5.68872e-06 7.84858e-06
   512 3.09095e-05 4.24710e-05 5.62803e-06 7.76521e-06
   513 3.06544e-05 4.21287e-05 5.56797e-06 7.68267e-06
   514 3.03948e-05 4.17964e-05 5.50853e-06 7.60096e-06
   515 3.01580e-05 4.14567e-05 5.44968e-06 7.52005e-06
   516 2.98935e-05 4.11295e-05 5.39144e-06 7.43995e-06
   517 2.96498e-05 4.08002e-05 5.33379e-06 7.36063e-06
   518 2.94087e-05 4.04752e-05 5.27673e-06 7.28211e-06
   519 2.91570e-05 4.01538e-05 5.22026e-06 7.20436e-06
   520 2.89309e-05 3.98323e-05 5.16435e-06 7.12737e-06
   521 2.86756e-05 3.95093e-05 5.10901e-06 7.05116e-06
   522 2.84493e-05 3.91930e-05 5.05424e-06 6.97570e-06
   523 2.82039e-05 3.88825e-05 5.00003e-06 6.90099e-06
   524 2.79816e-05 3.85709e-05 4.94637e-06 6.82701e-06
   525 2.77520e-05 3.82643e-05 4.89324e-06 6.75376e-06
   526 2.75138e-05 3.79592e-05 4.84065e-06 6.68124e-06
   527 2.72997e-05 3.76570e-05 4.78860e-06 6.60943e-06
   528 2.70657e-05 3.73551e-05 4.73707e-06 6.53833e-06
   529 2.68510e-05 3.70599e-05 4.68606e-06 6.46792e-06
   530 2.66364e-05 3.67619e-05 4.63555e-06 6.39822e-06
   531 2.63961e-05 3.64645e-05 4.58557e-06 6.32920e-06
   532 2.62091e-05 3.61803e-05 4.53608e-06 6.26086e-06
   533 2.59672e-05 3.58902e-05 4.48709e-06 6.19319e-06
   534 2.57637e-05 3.56032e-05 4.43861e-06 6.12619e-06
   535 2.55616e-05 3.53191e-05 4.39060e-06 6.05984e-06
   536 2.53452e-05 3.50388e-05 4.34306e-06 5.99415e-06
   537 2.51526e-05 3.47587e-05 4.29600e-06 5.92910e-06
   538 2.49216e-05 3.44810e-05 4.24942e-06 5.86469e-06
   539 2.47376e-05 3.42085e-05 4.20331e-06 5.80092e-06
   540 2.45292e-05 3.39384e-05 4.15766e-06 5.73776e-06
   541 2.43282e-05 3.36727e-05 4.11246e-06 5.67522e-06
   542 2.41445e-05 3.34028e-05 4.06770e-06 5.61328e-06
   543 2.39290e-05 3.31349e-05 4.02340e-06 5.55196e-06
   544 2.37598e-05 3.28724e-05 3.97952e-06 5.49123e-06
   545 2.35519e-05 3.26103e-05 3.93608e-06 5.43110e-06
   546 2.33531e-05 3.23484e-05 3.89309e-06 5.37156e-06
   547 2.31881e-05 3.20967e-05 3.85050e-06 5.31260e-06
   548 2.29639e-05 3.18396e-05 3.80836e-06 5.25421e-06
   549 2.28123e-05 3.15897e-05 3.76663e-06 5.19639e-06
   550 2.26071e-05 3.13382e-05 3.72530e-06 5.13913e-06
   551 2.24261e-05 3.10901e-05 3.68440e-06 5.08243e-06
   552 2.22581e-05 3.08460e-05 3.64389e-06 5.02628e-06
   553 2.20642e-05 3.05998e-05 3.60377e-06 4.97067e-06
   554 2.19106e-05 3.03623e-05 3.56405e-06 4.91560e-06
   555 2.17044e-05 3.01169e-05 3.52472e-06 4.86107e-06
   556 2.15562e-05 2.98807e-05 3.48578e-06 4.80706e-06
   557 2.13737e-05 2.96440e-05 3.44721e-06 4.75358e-06
   558 2.11984e-05 2.94121e-05 3.40903e-06 4.70062e-06
   559 2.10398e-05 2.91841e-05 3.37122e-06 4.64816e-06
   560 2.08531e-05 2.89495e-05 3.33378e-06 4.59621e-06
   561 2.07093e-05 2.87244e-05 3.29671e-06 4.54476e-06
   562 2.05367e-05 2.84999e-05 3.25998e-06 4.49380e-06
   563 2.03659e-05 2.82724e-05 3.22362e-06 4.44334e-06
   564 2.02109e-05 2.80497e-05 3.18762e-06 4.39337e-06
   565 2.00448e-05 2.78301e-05 3.15196e-06 4.34387e-06
   566 1.98992e-05 2.76150e-05 3.11665e-06 4.29485e-06
   567 1.97327e-05 2.73958e-05 3.08167e-06 4.24630e-06
   568 1.95771e-05 2.71796e-05 3.04703e-06 4.19821e-06
   569 1.94172e-05 2.69640e-05 3.01273e-06 4.15059e-06
   570 1.92714e-05 2.67553e-05 2.97877e-06 4.10343e-06
   571 1.91184e-05 2.65471e-05 2.94512e-06 4.05671e-06
   572 1.89608e-05 2.63382e-05 2.91181e-06 4.01044e-06
   573 1.88183e-05 2.61354e-05 2.87881e-06 3.96462e-06
   574 1.86697e-05 2.59312e-05 2.84613e-06 3.91922e-06
   575 1.85346e-05 2.57335e-05 2.81375e-06 3.87426e-06
   576 1.83834e-05 2.55269e-05 2.78167e-06 3.82972e-06
   577 1.82401e-05 2.53303e-05 2.74991e-06 3.78561e-06
   578 1.80998e-05 2.51331e-05 2.71845e-06 3.74192e-06
   579 1.79508e-05 2.49332e-05 2.68729e-06 3.69865e-06
   580 1.78236e-05 2.47426e-05 2.65642e-06 3.65579e-06
   581 1.76723e-05 2.45459e-05 2.62585e-06 3.61334e-06
   582 1.75431e-05 2.43571e-05 2.59557e-06 3.57129e-06
   583 1.74139e-05 2.41731e-05 2.56557e-06 3.52963e-06
   584 1.72572e-05 2.39800e-05 2.53586e-06 3.48837e-06
   585 1.71514e-05 2.38004e-05 2.50642e-06 3.44750e-06
   586 1.70006e-05 2.36102e-05 2.47726e-06 3.40701e-06
   587 1.68806e-05 2.34331e-05 2.44837e-06 3.36691e-06
   588 1.67556e-05 2.32550e-05 2.41975e-06 3.32717e-06
   589 1.66033e-05 2.30670e-05 2.39140e-06 3.28782e-06
   590 1.65062e-05 2.29008e-05 2.36332e-06 3.24883e-06
   591 1.63623e-05 2.27183e-05 2.33549e-06 3.21020e-06
   592 1.62532e-05 2.25489e-05 2.30792e-06 3.17193e-06
   593 1.61216e-05 2.23719e-05 2.28060e-06 3.13403e-06
   594 1.59942e-05 2.21997e-05 2.25354e-06 3.09648e-06
   595 1.59008e-05 2.20425e-05 2.22672e-06 3.05927e-06
   596 1.57514e-05 2.18644e-05 2.20014e-06 3.02240e-06
   597 1.56484e-05 2.17005e-05 2.17382e-06 2.98588e-06
   598 1.55198e-05 2.15312e-05 2.14774e-06 2.94971e-06
   599 1.54140e-05 2.13727e-05 2.12190e-06 2.91387e-06
   600 1.53174e-05 2.12194e-05 2.09627e-06 2.87834e-06
   601 1.51638e-05 2.10425e-05 2.07089e-06 2.84315e-06
   602 1.50735e-05 2.08893e-05 2.04575e-06 2.80830e-06
   603 1.49613e-05 2.07322e-05 2.02083e-06 2.77376e-06
   604 1.48524e-05 2.05783e-05 1.99613e-06 2.73953e-06
   605 1.47599e-05 2.04298e-05 1.97163e-06 2.70561e-06
   606 1.46096e-05 2.02597e-05 1.94738e-06 2.67202e-06
   607 1.45320e-05 2.01180e-05 1.92336e-06 2.63873e-06
   608 1.44200e-05 1.99674e-05 1.89953e-06 2.60573e-06
   609 1.43283e-05 1.98251e-05 1.87591e-06 2.57304e-06
   610 1.42122e-05 1.96706e-05 1.85249e-06 2.54064e-06
   611 1.41009e-05 1.95196e-05 1.82931e-06 2.50854e-06
   612 1.40171e-05 1.93830e-05 1.80632e-06 2.47673e-06
   613 1.39055e-05 1.92371e-05 1.78352e-06 2.44521e-06
   614 1.38147e-05 1.90984e-05 1.76093e-06 2.41396e-06
   615 1.36999e-05 1.89499e-05 1.73854e-06 2.38300e-06
   616 1.36242e-05 1.88199e-05 1.71635e-06 2.35232e-06
   617 1.35365e-05 1.86852e-05 1.69432e-06 2.32190e-06
   618 1.34107e-05 1.85338e-05 1.67250e-06 2.29177e-06
   619 1.33346e-05 1.84075e-05 1.65088e-06 2.26190e-06
   620 1.32258e-05 1.82655e-05 1.62944e-06 2.23230e-06
   621 1.31650e-05 1.81496e-05 1.60817e-06 2.20296e-06
   622 1.30427e-05 1.80024e-05 1.58709e-06 2.17388e-06
   623 1.29620e-05 1.78752e-05 1.56620e-06 2.14506e-06
   624 1.28776e-05 1.77498e-05 1.54548e-06 2.11649e-06
   625 1.27745e-05 1.76149e-05 1.52494e-06 2.08818e-06
   626 1.27172e-05 1.75041e-05 1.50456e-06 2.06010e-06
   627 1.26044e-05 1.73645e-05 1.48436e-06 2.03228e-06
   628 1.25367e-05 1.72488e-05 1.46432e-06 2.00470e-06
   629 1.24610e-05 1.71316e-05 1.44444e-06 1.97734e-06
   630 1.23382e-05 1.69906e-05 1.42474e-06 1.95024e-06
   631 1.22829e-05 1.68845e-05 1.40522e-06 1.92338e-06
   632 1.21936e-05 1.67637e-05 1.38584e-06 1.89674e-06
   633 1.21334e-05 1.66567e-05 1.36661e-06 1.87032e-06
   634 1.20499e-05 1.65380e-05 1.34752e-06 1.84412e-06
   635 1.19475e-05 1.64093e-05 1.32861e-06 1.81816e-06
   636 1.19019e-05 1.63123e-05 1.30984e-06 1.79241e-06
   637 1.17931e-05 1.61831e-05 1.29123e-06 1.76689e-06
   638 1.17564e-05 1.60935e-05 1.27276e-06 1.74157e-06
   639 1.16427e-05 1.59613e-05 1.25444e-06 1.71647e-06
   640 1.15802e-05 1.58585e-05 1.23628e-06 1.69159e-06
   641 1.15506e-05 1.57767e-05 1.21822e-06 1.66690e-06
   642 1.14365e-05 1.56487e-05 1.20031e-06 1.64240e-06
   643 1.13936e-05 1.55587e-05 1.18254e-06 1.61812e-06
   644 1.12893e-05 1.54351e-05 1.16492e-06 1.59403e-06
   645 1.12318e-05 1.53392e-05 1.14744e-06 1.57016e-06
   646 1.12055e-05 1.52642e-05 1.13006e-06 1.54645e-06
   647 1.10881e-05 1.51335e-05 1.11282e-06 1.52295e-06
   648 1.10690e-05 1.50629e-05 1.09571e-06 1.49963e-06
   649 1.09650e-05 1.49429e-05 1.07873e-06 1.47649e-06
   650 1.09255e-05 1.48602e-05 1.06187e-06 1.45355e-06
   651 1.08757e-05 1.47746e-05 1.04512e-06 1.43077e-06
   652 1.07703e-05 1.46543e-05 1.02850e-06 1.40819e-06
   653 1.07685e-05 1.45995e-05 1.01200e-06 1.38577e-06
   654 1.06629e-05 1.44792e-05 9.95602e-07 1.36352e-06
   655 1.06301e-05 1.44081e-05 9.79335e-07 1.34145e-06
   656 1.05755e-05 1.43222e-05 9.63160e-07 1.31954e-06
   657 1.05028e-05 1.42243e-05 9.47106e-07 1.29780e-06
   658 1.05050e-05 1.41780e-05 9.31130e-07 1.27620e-06
   659 1.03899e-05 1.40550e-05 9.15265e-07 1.25476e-06
   660 1.03692e-05 1.39926e-05 8.99526e-07 1.23350e-06
   661 1.03167e-05 1.39125e-05 8.83867e-07 1.21237e-06
   662 1.02689e-05 1.38349e-05 8.68307e-07 1.19140e-06
   663 1.02416e-05 1.37751e-05 8.52827e-07 1.17056e-06
   664 1.01808e-05 1.36893e-05 8.37437e-07 1.14986e-06
   665 1.01392e-05 1.36161e-05 8.22147e-07 1.12932e-06
   666 1.01065e-05 1.35548e-05 8.06937e-07 1.10891e-06
   667 1.00818e-05 1.34970e-05 7.91792e-07 1.08861e-06
   668 1.00425e-05 1.34317e-05 7.76717e-07 1.06844e-06
   669 9.98613e-06 1.33524e-05 7.61736e-07 1.04841e-06
   670 9.98654e-06 1.33170e-05 7.46820e-07 1.02849e-06
   671 9.94731e-06 1.32531e-05 7.31956e-07 1.00867e-06
   672 9.93257e-06 1.32074e-05 7.17153e-07 9.88972e-07
   673 9.88729e-06 1.31411e-05 7.02417e-07 9.69382e-07
   674 9.90348e-06 1.31209e-05 6.87725e-07 9.49886e-07
   675 9.90939e-06 1.30939e-05 6.73038e-07 9.30453e-07
   676 9.88680e-06 1.30491e-05 6.58384e-07 9.11102e-07
   677 9.89440e-06 1.30262e-05 6.43764e-07 8.91830e-07
   678 9.92460e-06 1.30223e-05 6.29137e-07 8.72605e-07
   679 9.96677e-06 1.30343e-05 6.14479e-07 8.53403e-07
   680 1.00175e-05 1.30529e-05 5.99774e-07 8.34208e-07
   681 1.01874e-05 1.31813e-05 5.84929e-07 8.14933e-07
   682 9.59664e-06 1.24965e-05 5.70418e-07 7.96098e-07
   683 8.73809e-06 1.15176e-05 5.56996e-07 7.78515e-07
   684 8.33837e-06 1.10279e-05 5.44506e-07 7.62025e-07
   685 7.97003e-06 1.06022e-05 5.32596e-07 7.46227e-07
   686 7.71045e-06 1.02803e-05 5.21160e-07 7.30997e-07
   687 7.46396e-06 9.98071e-06 5.10109e-07 7.16241e-07
   688 7.24389e-06 9.72234e-06 4.99414e-07 7.01913e-07
   689 7.06417e-06 9.47098e-06 4.89023e-07 6.87975e-07
   690 6.86214e-06 9.25015e-06 4.78925e-07 6.74400e-07
   691 6.65388e-06 8.97480e-06 4.69139e-07 6.61205e-07
   692 6.49837e-06 8.78982e-06 4.59629e-07 6.48360e-07
   693 6.31609e-06 8.55999e-06 4.50378e-07 6.35834e-07
   694 6.16795e-06 8.36392e-06 4.41377e-07 6.23633e-07
   695 6.03807e-06 8.22320e-06 4.32590e-07 6.11691e-07
   696 5.92562e-06 8.05473e-06 4.23990e-07 5.99989e-07
   697 5.76679e-06 7.86374e-06 4.15596e-07 5.88562e-07
   698 5.65357e-06 7.72037e-06 4.07410e-07 5.77391e-07
   699 5.52186e-06 7.53719e-06 3.99411e-07 5.66470e-07
   700 5.42248e-06 7.42991e-06 3.91588e-07 5.55772e-07
   701 5.23936e-06 7.18597e-06 3.83979e-07 5.45340e-07
   702 5.17604e-06 7.10912e-06 3.76555e-07 5.35151e-07
   703 5.10347e-06 7.01059e-06 3.69238e-07 5.25101e-07
   704 4.97024e-06 6.82948e-06 3.62079e-07 5.15265e-07
   705 4.85237e-06 6.69834e-06 3.55107e-07 5.05664e-07
   706 4.73181e-06 6.52375e-06 3.48315e-07 4.96293e-07
   707 4.67612e-06 6.47002e-06 3.41657e-07 4.87098e-07
   708 4.57267e-06 6.31414e-06 3.35121e-07 4.78063e-07
   709 4.50339e-06 6.22525e-06 3.28716e-07 4.69214e-07
   710 4.39530e-06 6.09831e-06 3.22445e-07 4.60530e-07
   711 4.32869e-06 5.99219e-06 3.16306e-07 4.52021e-07
   712 4.26030e-06 5.93147e-06 3.10271e-07 4.43643e-07
   713 4.14414e-06 5.75862e-06 3.04373e-07 4.35439e-07
   714 4.06274e-06 5.65631e-06 2.98622e-07 4.27441e-07
   715 4.02462e-06 5.59408e-06 2.92963e-07 4.19568e-07
   716 3.93906e-06 5.48110e-06 2.87398e-07 4.11829e-07
   717 3.83853e-06 5.36995e-06 2.81971e-07 4.04256e-07
   718 3.76348e-06 5.25459e-06 2.76673e-07 3.96853e-07
   719 3.72636e-06 5.21522e-06 2.71461e-07 3.89567e-07
   720 3.67166e-06 5.13552e-06 2.66320e-07 3.82374e-07
   721 3.55879e-06 4.98328e-06 2.61303e-07 3.75353e-07
   722 3.52025e-06 4.93229e-06 2.56397e-07 3.68481e-07
   723 3.41823e-06 4.79709e-06 2.51595e-07 3.61748e-07
   724 3.43705e-06 4.82683e-06 2.46858e-07 3.55097e-07
   725 3.30574e-06 4.64752e-06 2.42205e-07 3.48559e-07
   726 3.28256e-06 4.61804e-06 2.37665e-07 3.42174e-07
   727 3.16836e-06 4.46030e-06 2.33225e-07 3.35926e-07
   728 3.16493e-06 4.45222e-06 2.28872e-07 3.29801e-07
   729 3.12062e-06 4.40417e-06 2.24558e-07 3.23722e-07
   730 3.05293e-06 4.30338e-06 2.20327e-07 3.17754e-07
   731 2.96821e-06 4.20123e-06 2.16206e-07 3.11934e-07
   732 2.93756e-06 4.14260e-06 2.12169e-07 3.06230e-07
   733 2.88083e-06 4.07578e-06 2.08198e-07 3.00620e-07
   734 2.84863e-06 4.03391e-06 2.04292e-07 2.95092e-07
   735 2.77207e-06 3.92370e-06 2.00466e-07 2.89676e-07
   736 2.74635e-06 3.89850e-06 1.96715e-07 2.84358e-07
   737 2.72321e-06 3.85150e-06 1.93002e-07 2.79096e-07
   738 2.66286e-06 3.78327e-06 1.89350e-07 2.73921e-07
   739 2.55717e-06 3.63425e-06 1.85816e-07 2.68899e-07
   740 2.50747e-06 3.56312e-06 1.82392e-07 2.64033e-07
   741 2.58061e-06 3.67033e-06 1.78957e-07 2.59149e-07
   742 2.44556e-06 3.47609e-06 1.75568e-07 2.54331e-07
   743 2.41982e-06 3.45279e-06 1.72292e-07 2.49666e-07
   744 2.39468e-06 3.41640e-06 1.69054e-07 2.45046e-07
   745 2.33109e-06 3.31648e-06 1.65881e-07 2.40525e-07
   746 2.32694e-06 3.32474e-06 1.62757e-07 2.36071e-07
   747 2.23687e-06 3.19021e-06 1.59700e-07 2.31707e-07
   748 2.22357e-06 3.18359e-06 1.56717e-07 2.27444e-07
   749 2.20298e-06 3.14767e-06 1.53760e-07 2.23215e-07
   750 2.14220e-06 3.06407e-06 1.50861e-07 2.19071e-07
   751 2.12645e-06 3.04510e-06 1.48017e-07 2.15001e-07
   752 2.03585e-06 2.91503e-06 1.45248e-07 2.11036e-07
   753 2.03870e-06 2.93365e-06 1.42541e-07 2.07150e-07
   754 2.07646e-06 2.96232e-06 1.39810e-07 2.03237e-07
   755 1.96690e-06 2.82398e-06 1.37132e-07 1.99404e-07
   756 1.92080e-06 2.76481e-06 1.34559e-07 1.95705e-07
   757 1.86963e-06 2.68818e-06 1.32054e-07 1.92101e-07
   758 1.94359e-06 2.78056e-06 1.29537e-07 1.88492e-07
   759 1.81839e-06 2.61772e-06 1.27058e-07 1.84934e-07
   760 1.81985e-06 2.62638e-06 1.24663e-07 1.81482e-07
   761 1.76418e-06 2.54325e-06 1.22307e-07 1.78083e-07
   762 1.77247e-06 2.54381e-06 1.19985e-07 1.74743e-07
   763 1.72520e-06 2.48758e-06 1.17691e-07 1.71444e-07
   764 1.68092e-06 2.42203e-06 1.15461e-07 1.68229e-07
   765 1.67366e-06 2.41950e-06 1.13267e-07 1.65063e-07
   766 1.63145e-06 2.35587e-06 1.11108e-07 1.61944e-07
   767 1.62357e-06 2.34256e-06 1.08985e-07 1.58879e-07
   768 1.58292e-06 2.28535e-06 1.06896e-07 1.55864e-07
   769 1.57465e-06 2.27338e-06 1.04841e-07 1.52898e-07
   770 1.54204e-06 2.23268e-06 1.02816e-07 1.49970e-07
   771 1.48912e-06 2.15427e-06 1.00850e-07 1.47124e-07
   772 1.49339e-06 2.16292e-06 9.89168e-08 1.44326e-07
   773 1.44647e-06 2.09557e-06 9.70141e-08 1.41570e-07
   774 1.44049e-06 2.08357e-06 9.51479e-08 1.38868e-07
   775 1.41066e-06 2.04387e-06 9.33074e-08 1.36204e-07
   776 1.38460e-06 2.00725e-06 9.15052e-08 1.33592e-07
   777 1.37523e-06 1.99763e-06 8.97281e-08 1.31013e-07
   778 1.34156e-06 1.94393e-06 8.79811e-08 1.28479e-07
   779 1.31151e-06 1.90577e-06 8.62772e-08 1.26006e-07
   780 1.28679e-06 1.87176e-06 8.46107e-08 1.23583e-07
   781 1.28591e-06 1.86471e-06 8.29625e-08 1.21190e-07
   782 1.26682e-06 1.84482e-06 8.13293e-08 1.18816e-07
   783 1.21896e-06 1.77044e-06 7.97412e-08 1.16507e-07
   784 1.22022e-06 1.77627e-06 7.81847e-08 1.14243e-07
   785 1.18922e-06 1.73091e-06 7.66491e-08 1.12008e-07
   786 1.16651e-06 1.69690e-06 7.51496e-08 1.09826e-07
   787 1.17596e-06 1.71544e-06 7.36604e-08 1.07657e-07
   788 1.10742e-06 1.61079e-06 7.22110e-08 1.05546e-07
   789 1.12568e-06 1.64205e-06 7.07951e-08 1.03483e-07
   790 1.08899e-06 1.58559e-06 6.93926e-08 1.01439e-07
   791 1.09923e-06 1.60271e-06 6.80086e-08 9.94228e-08
   792 1.05020e-06 1.53586e-06 6.66511e-08 9.74404e-08
   793 1.03543e-06 1.50925e-06 6.53352e-08 9.55192e-08
   794 1.04737e-06 1.53030e-06 6.40228e-08 9.36040e-08
   795 9.97824e-07 1.45514e-06 6.27360e-08 9.17256e-08
   796 9.92019e-07 1.45046e-06 6.14853e-08 8.98993e-08
   797 9.72232e-07 1.42116e-06 6.02523e-08 8.80967e-08
   798 9.46821e-07 1.38273e-06 5.90492e-08 8.63390e-08
   799 9.68302e-07 1.41668e-06 5.78501e-08 8.45861e-08
   800 9.12024e-07 1.33303e-06 5.66745e-08 8.28670e-08
   801 9.16214e-07 1.34334e-06 5.55325e-08 8.11953e-08
   802 8.96520e-07 1.30938e-06 5.44017e-08 7.95405e-08
   803 8.70420e-07 1.27528e-06 5.33008e-08 7.79301e-08
   804 8.82702e-07 1.29242e-06 5.22099e-08 7.63323e-08
   805 8.30817e-07 1.21385e-06 5.11452e-08 7.47751e-08
   806 8.57343e-07 1.25917e-06 5.00974e-08 7.32401e-08
   807 8.19365e-07 1.19863e-06 4.90580e-08 7.17166e-08
   808 8.06341e-07 1.18334e-06 4.80514e-08 7.02417e-08
   809 8.07318e-07 1.18142e-06 4.70535e-08 6.87793e-08
   810 7.65682e-07 1.12159e-06 4.60821e-08 6.73571e-08
   811 7.83801e-07 1.15293e-06 4.51263e-08 6.59541e-08
   812 7.60830e-07 1.11240e-06 4.41746e-08 6.45584e-08
   813 7.29941e-07 1.07541e-06 4.32573e-08 6.32122e-08
   814 7.37285e-07 1.07945e-06 4.23555e-08 6.18877e-08
   815 7.08266e-07 1.03603e-06 4.14683e-08 6.05893e-08
   816 7.22998e-07 1.06637e-06 4.05908e-08 5.93004e-08
   817 6.86443e-07 1.00453e-06 3.97279e-08 5.80326e-08
   818 6.87018e-07 1.01327e-06 3.88878e-08 5.67984e-08
   819 6.71715e-07 9.83487e-07 3.80578e-08 5.55788e-08
   820 6.62508e-07 9.73608e-07 3.72438e-08 5.43846e-08
   821 6.44528e-07 9.47549e-07 3.64473e-08 5.32140e-08
   822 6.25200e-07 9.16643e-07 3.56745e-08 5.20794e-08
   823 6.46762e-07 9.52739e-07 3.49014e-08 5.09432e-08
   824 6.15203e-07 9.02658e-07 3.41353e-08 4.98169e-08
   825 6.06608e-07 8.93835e-07 3.33944e-08 4.87275e-08
   826 5.98282e-07 8.78329e-07 3.26646e-08 4.76541e-08
   827 5.62688e-07 8.26273e-07 3.19625e-08 4.66232e-08
   828 6.01597e-07 8.84985e-07 3.12593e-08 4.55896e-08
   829 5.53994e-07 8.14813e-07 3.05623e-08 4.45644e-08
   830 5.57932e-07 8.21133e-07 2.98921e-08 4.35783e-08
   831 5.46221e-07 8.03944e-07 2.92273e-08 4.26000e-08
   832 5.27431e-07 7.74483e-07 2.85817e-08 4.16509e-08
   833 5.43235e-07 7.99659e-07 2.79388e-08 4.07056e-08
   834 5.01647e-07 7.37345e-07 2.73123e-08 3.97841e-08
   835 5.23326e-07 7.71440e-07 2.66983e-08 3.88803e-08
   836 4.96625e-07 7.28758e-07 2.60881e-08 3.79827e-08
   837 4.89163e-07 7.20652e-07 2.54989e-08 3.71164e-08
   838 4.85272e-07 7.13698e-07 2.49171e-08 3.62601e-08
   839 4.61611e-07 6.78212e-07 2.43526e-08 3.54303e-08
   840 4.78954e-07 7.06241e-07 2.37925e-08 3.46059e-08
   841 4.54807e-07 6.68402e-07 2.32372e-08 3.37884e-08
   842 4.57732e-07 6.75277e-07 2.26950e-08 3.29900e-08
   843 4.30111e-07 6.31813e-07 2.21682e-08 3.22145e-08
   844 4.30155e-07 6.32061e-07 2.16583e-08 3.14653e-08
   845 4.34771e-07 6.41193e-07 2.11462e-08 3.07115e-08
   846 4.16175e-07 6.10684e-07 2.06431e-08 2.99713e-08
   847 4.14816e-07 6.11674e-07 2.01522e-08 2.92493e-08
   848 4.00941e-07 5.89181e-07 1.96710e-08 2.85409e-08
   849 3.98885e-07 5.86135e-07 1.91997e-08 2.78483e-08
   850 3.92222e-07 5.77260e-07 1.87340e-08 2.71636e-08
   851 3.73991e-07 5.48679e-07 1.82837e-08 2.65018e-08
   852 3.86511e-07 5.69431e-07 1.78371e-08 2.58453e-08
   853 3.63304e-07 5.33167e-07 1.73975e-08 2.51989e-08
   854 3.68447e-07 5.42738e-07 1.69688e-08 2.45686e-08
   855 3.53500e-07 5.19140e-07 1.65465e-08 2.39474e-08
   856 3.40360e-07 4.98402e-07 1.61410e-08 2.33527e-08
   857 3.54276e-07 5.22750e-07 1.57355e-08 2.27567e-08
   858 3.31199e-07 4.84875e-07 1.53360e-08 2.21695e-08
   859 3.34684e-07 4.92645e-07 1.49482e-08 2.16002e-08
   860 3.20486e-07 4.70850e-07 1.45671e-08 2.10397e-08
   861 3.23823e-07 4.74693e-07 1.41927e-08 2.04903e-08
   862 3.09348e-07 4.55001e-07 1.38253e-08 1.99508e-08
   863 3.02090e-07 4.41880e-07 1.34708e-08 1.94309e-08
   864 3.03741e-07 4.47265e-07 1.31200e-08 1.89161e-08
   865 2.90436e-07 4.25902e-07 1.27765e-08 1.84112e-08
   866 2.98381e-07 4.38038e-07 1.24363e-08 1.79121e-08
   867 2.79717e-07 4.10391e-07 1.21028e-08 1.74227e-08
   868 2.69484e-07 3.93826e-07 1.17863e-08 1.69592e-08
   869 2.79486e-07 4.10996e-07 1.14703e-08 1.64960e-08
   870 2.66433e-07 3.89127e-07 1.11565e-08 1.60360e-08
   871 2.68395e-07 3.94565e-07 1.08493e-08 1.55859e-08
   872 2.50947e-07 3.67303e-07 1.05514e-08 1.51490e-08
   873 2.46940e-07 3.61012e-07 1.02661e-08 1.47316e-08
   874 2.57949e-07 3.78192e-07 9.97716e-09 1.43086e-08
   875 2.34675e-07 3.42146e-07 9.69571e-09 1.38970e-08
   876 2.47248e-07 3.62910e-07 9.42054e-09 1.34945e-08
   877 2.30217e-07 3.36309e-07 9.14829e-09 1.30958e-08
   878 2.25105e-07 3.29855e-07 8.88886e-09 1.27163e-08
   879 2.29062e-07 3.34378e-07 8.63038e-09 1.23382e-08
   880 2.11720e-07 3.08525e-07 8.37994e-09 1.19729e-08
   881 2.21237e-07 3.23753e-07 8.13410e-09 1.16139e-08
   882 2.06961e-07 3.01212e-07 7.89131e-09 1.12596e-08
   883 2.09052e-07 3.05923e-07 7.65560e-09 1.09156e-08
   884 2.05632e-07 2.99204e-07 7.42093e-09 1.05732e-08
   885 1.81897e-07 2.64693e-07 7.20215e-09 1.02548e-08
   886 2.07217e-07 3.02678e-07 6.98273e-09 9.93491e-09
   887 1.83077e-07 2.66297e-07 6.76288e-09 9.61444e-09
   888 1.94521e-07 2.83318e-07 6.55022e-09 9.30490e-09
   889 1.78376e-07 2.59106e-07 6.34050e-09 8.99985e-09
   890 1.76634e-07 2.57322e-07 6.14095e-09 8.70956e-09
   891 1.77576e-07 2.58048e-07 5.94207e-09 8.42020e-09
   892 1.65661e-07 2.39821e-07 5.74964e-09 8.14109e-09
   893 1.75333e-07 2.54863e-07 5.55866e-09 7.86405e-09
   894 1.51539e-07 2.20004e-07 5.37607e-09 7.59878e-09
   895 1.67485e-07 2.42627e-07 5.19789e-09 7.34040e-09
   896 1.53316e-07 2.22570e-07 5.01889e-09 7.08081e-09
   897 1.47388e-07 2.12083e-07 4.85120e-09 6.83845e-09
   898 1.56990e-07 2.28025e-07 4.68169e-09 6.59337e-09
   899 1.42582e-07 2.05444e-07 4.51512e-09 6.35238e-09
   900 1.47056e-07 2.13284e-07 4.35413e-09 6.11965e-09
   901 1.36760e-07 1.96968e-07 4.19661e-09 5.89197e-09
   902 1.31095e-07 1.89109e-07 4.04807e-09 5.67788e-09
   903 1.35902e-07 1.96112e-07 3.90017e-09 5.46448e-09
   904 1.25734e-07 1.79978e-07 3.75545e-09 5.25647e-09
   905 1.33878e-07 1.93842e-07 3.61199e-09 5.04993e-09
   906 1.20464e-07 1.72432e-07 3.47168e-09 4.84792e-09
   907 1.21344e-07 1.74937e-07 3.33831e-09 4.65632e-09
   908 1.19389e-07 1.70887e-07 3.20567e-09 4.46579e-09
   909 1.03985e-07 1.48770e-07 3.08292e-09 4.29014e-09
   910 1.23254e-07 1.76990e-07 2.95830e-09 4.11150e-09
   911 1.01305e-07 1.44734e-07 2.83538e-09 3.93543e-09
   912 1.14617e-07 1.63937e-07 2.71709e-09 3.76633e-09
   913 9.94131e-08 1.41932e-07 2.60001e-09 3.59902e-09
   914 9.62903e-08 1.36074e-07 2.49291e-09 3.44688e-09
   915 1.03633e-07 1.48797e-07 2.38365e-09 3.29123e-09
   916 9.19795e-08 1.29957e-07 2.27694e-09 3.13921e-09
   917 9.74682e-08 1.39449e-07 2.17361e-09 2.99230e-09
   918 8.99495e-08 1.26934e-07 2.07153e-09 2.84723e-09
   919 8.44553e-08 1.20112e-07 1.97662e-09 2.71278e-09
   920 8.99182e-08 1.26961e-07 1.88183e-09 2.57847e-09
   921 7.24452e-08 1.02160e-07 1.79398e-09 2.45450e-09
   922 9.33931e-08 1.32056e-07 1.70448e-09 2.32811e-09
   923 6.99584e-08 9.85822e-08 1.61655e-09 2.20399e-09
   924 8.05913e-08 1.13615e-07 1.53518e-09 2.08930e-09
   925 7.22027e-08 1.01286e-07 1.45263e-09 1.97320e-09
   926 6.36738e-08 8.85054e-08 1.37931e-09 1.87081e-09
   927 7.83895e-08 1.10526e-07 1.30292e-09 1.76384e-09
   928 6.17360e-08 8.58349e-08 1.22774e-09 1.65855e-09
   929 7.02074e-08 9.82879e-08 1.15679e-09 1.55956e-09
   930 6.01192e-08 8.36050e-08 1.08682e-09 1.46192e-09
   931 5.87015e-08 8.12322e-08 1.02298e-09 1.37335e-09
   932 6.05170e-08 8.44319e-08 9.58993e-10 1.28444e-09
   933 5.11846e-08 6.97735e-08 8.99237e-10 1.20201e-09
   934 5.99938e-08 8.38305e-08 8.39812e-10 1.11996e-09
   935 5.19365e-08 7.05582e-08 7.80031e-10 1.03757e-09
   936 4.90540e-08 6.81622e-08 7.26067e-10 9.63430e-10
   937 5.22686e-08 7.10621e-08 6.71990e-10 8.89110e-10
   938 3.39707e-08 4.62969e-08 6.26692e-10 8.27456e-10
   939 5.61360e-08 7.70878e-08 5.79672e-10 7.63110e-10
   940 3.54059e-08 4.75582e-08 5.31795e-10 6.98030e-10
   941 4.73646e-08 6.48167e-08 4.88100e-10 6.38761e-10
   942 3.63215e-08 4.84206e-08 4.43914e-10 5.79044e-10
   943 3.06505e-08 4.15127e-08 4.08471e-10 5.31429e-10
   944 4.46025e-08 5.95893e-08 3.69051e-10 4.78425e-10
   945 2.36451e-08 3.16049e-08 3.34088e-10 4.31705e-10
   946 4.44692e-08 5.91918e-08 2.99219e-10 3.85204e-10
   947 2.12321e-08 2.81482e-08 2.66012e-10 3.41081e-10
   948 3.23586e-08 4.30676e-08 2.38143e-10 3.04057e-10
   949 2.49699e-08 3.24628e-08 2.08090e-10 2.64503e-10
   950 1.76763e-08 2.31297e-08 1.85855e-10 2.35507e-10
   951 3.26293e-08 4.24471e-08 1.60191e-10 2.02034e-10
   952 1.53258e-08 1.98315e-08 1.36125e-10 1.70800e-10
   953 2.74193e-08 3.52655e-08 1.14298e-10 1.42649e-10
   954 1.26568e-08 1.61770e-08 9.42710e-11 1.16961e-10
   955 1.19719e-08 1.52239e-08 8.13731e-11 1.00518e-10
   956 2.10315e-08 2.65464e-08 6.45455e-11 7.92059e-11
   957 9.36863e-09 1.17172e-08 4.94665e-11 6.02484e-11
   958 1.60831e-08 1.99161e-08 3.64893e-11 4.41055e-11
   959 6.86522e-09 8.40862e-09 2.51930e-11 3.01828e-11
   960 1.11565e-08 1.35050e-08 1.59823e-11 1.89727e-11
   961 4.09718e-09 4.88268e-09 8.64542e-12 1.01492e-11
   962 3.25118e-09 3.83517e-09 4.84108e-12 5.63768e-12
   963 3.45264e-09 4.00161e-09 1.35961e-12 1.56722e-12
   964 3.14641e-10 3.58440e-10 0.00000e+00 0.00000e+00
