1.000000e-04 5.390027e-01 4.807834e-01 9.549173e-05 2.607974e-04 9.248510e-04 6.579961e-04 4.774587e-05 1.815335e-04 9.876215e-03 1.093462e-02 1.386049e-02 1.419095e-02 
1.140625e-04 5.390066e-01 4.806200e-01 1.236674e-04 3.373226e-04 1.197521e-03 8.527824e-04 6.183368e-05 2.352468e-04 1.125017e-02 1.244398e-02 1.577965e-02 1.615353e-02 
1.301025e-04 5.390457e-01 4.806536e-01 1.603143e-04 4.376177e-04 1.553476e-03 1.106080e-03 8.015717e-05 3.050963e-04 1.281081e-02 1.417402e-02 1.796695e-02 1.840010e-02 
1.483982e-04 5.390069e-01 4.805522e-01 2.076466e-04 5.669285e-04 2.012358e-03 1.432689e-03 1.038233e-04 3.951840e-04 1.457721e-02 1.613884e-02 2.044848e-02 2.094710e-02 
1.692667e-04 5.390887e-01 4.804880e-01 2.686065e-04 7.333626e-04 2.605010e-03 1.855348e-03 1.343032e-04 5.117245e-04 1.659215e-02 1.835746e-02 2.327128e-02 2.382489e-02 
1.930698e-04 5.389703e-01 4.804721e-01 3.471068e-04 9.486408e-04 3.370435e-03 2.401119e-03 1.735534e-04 6.621244e-04 1.887575e-02 2.088635e-02 2.647371e-02 2.710778e-02 
2.202202e-04 5.391045e-01 4.803678e-01 4.489518e-04 1.226711e-03 4.360398e-03 3.107092e-03 2.244759e-04 8.567227e-04 2.147096e-02 2.376058e-02 3.011144e-02 3.083170e-02 
2.511886e-04 5.390893e-01 4.801797e-01 5.790660e-04 1.582310e-03 5.629184e-03 4.012844e-03 2.895330e-04 1.106331e-03 2.440306e-02 2.700932e-02 3.421220e-02 3.504707e-02 
2.865120e-04 5.390691e-01 4.801085e-01 7.462271e-04 2.039878e-03 7.258511e-03 5.175772e-03 3.731135e-04 1.426737e-03 2.772423e-02 3.066949e-02 3.885332e-02 3.980766e-02 
3.268028e-04 5.391913e-01 4.800145e-01 9.592124e-04 2.621689e-03 9.336897e-03 6.660476e-03 4.796062e-04 1.835809e-03 3.146195e-02 3.480828e-02 4.408889e-02 4.516814e-02 
3.727594e-04 5.391836e-01 4.798779e-01 1.231699e-03 3.367767e-03 1.200066e-02 8.564573e-03 6.158494e-04 2.360239e-03 3.569412e-02 3.947208e-02 5.000467e-02 5.122040e-02 
4.251786e-04 5.391450e-01 4.796743e-01 1.577555e-03 4.318145e-03 1.540134e-02 1.099628e-02 7.887776e-04 3.029609e-03 4.045380e-02 4.474082e-02 5.666073e-02 5.805178e-02 
4.849693e-04 5.392848e-01 4.796459e-01 2.016807e-03 5.520654e-03 1.971028e-02 1.408071e-02 1.008404e-03 3.878657e-03 4.579305e-02 5.066371e-02 6.413941e-02 6.571523e-02 
5.531681e-04 5.393324e-01 4.792109e-01 2.569152e-03 7.029955e-03 2.513883e-02 1.797876e-02 1.284576e-03 4.951024e-03 5.179268e-02 5.729097e-02 7.251354e-02 7.428931e-02 
6.309573e-04 5.393803e-01 4.790184e-01 3.260185e-03 8.924122e-03 3.195280e-02 2.286641e-02 1.630092e-03 6.295394e-03 5.849356e-02 6.469404e-02 8.187923e-02 8.386964e-02 
7.196857e-04 5.395265e-01 4.787532e-01 4.122811e-03 1.127528e-02 4.043495e-02 2.896534e-02 2.061405e-03 7.972965e-03 6.595253e-02 7.292248e-02 9.227430e-02 9.452107e-02 
8.208914e-04 5.396481e-01 4.785745e-01 5.190831e-03 1.419639e-02 5.097032e-02 3.653659e-02 2.595416e-03 1.005556e-02 7.421243e-02 8.207220e-02 1.037814e-01 1.063738e-01 
9.363292e-04 5.399171e-01 4.782399e-01 6.500972e-03 1.773179e-02 6.381132e-02 4.580519e-02 3.250486e-03 1.260614e-02 8.333296e-02 9.210883e-02 1.164314e-01 1.193752e-01 
1.068000e-03 5.400845e-01 4.780420e-01 8.085493e-03 2.200433e-02 7.929216e-02 5.695777e-02 4.042747e-03 1.567701e-02 9.320999e-02 1.030850e-01 1.302207e-01 1.335398e-01 
1.218188e-03 5.405656e-01 4.779736e-01 9.983051e-03 2.705355e-02 9.768664e-02 7.026363e-02 4.991525e-03 1.934387e-02 1.038847e-01 1.148763e-01 1.450366e-01 1.487793e-01 
1.389495e-03 5.412015e-01 4.783201e-01 1.221100e-02 3.295405e-02 1.190928e-01 8.568963e-02 6.105502e-03 2.360377e-02 1.152482e-01 1.274948e-01 1.608937e-01 1.650577e-01 
1.584893e-03 5.420185e-01 4.788405e-01 1.478633e-02 3.963772e-02 1.432091e-01 1.030132e-01 7.393165e-03 2.840604e-02 1.271236e-01 1.407133e-01 1.774803e-01 1.821075e-01 
1.807769e-03 5.431568e-01 4.797598e-01 1.776703e-02 4.724558e-02 1.704432e-01 1.225148e-01 8.883513e-03 3.383237e-02 1.395169e-01 1.545189e-01 1.948053e-01 1.999556e-01 
2.061986e-03 5.444939e-01 4.810542e-01 2.114067e-02 5.567861e-02 2.005588e-01 1.440270e-01 1.057034e-02 3.984188e-02 1.522617e-01 1.687737e-01 2.126892e-01 2.183615e-01 
2.351953e-03 5.462117e-01 4.828042e-01 2.496000e-02 6.507525e-02 2.333257e-01 1.670751e-01 1.248000e-02 4.633115e-02 1.652210e-01 1.833319e-01 2.309608e-01 2.372305e-01 
2.682696e-03 5.478825e-01 4.847707e-01 2.922177e-02 7.542214e-02 2.690400e-01 1.920340e-01 1.461089e-02 5.338969e-02 1.783531e-01 1.982308e-01 2.496393e-01 2.565120e-01 
3.059950e-03 5.496006e-01 4.870289e-01 3.393956e-02 8.672730e-02 3.075327e-01 2.186953e-01 1.696978e-02 6.097426e-02 1.916770e-01 2.133865e-01 2.687324e-01 2.760750e-01 
3.490255e-03 5.513035e-01 4.893114e-01 3.913811e-02 9.913112e-02 3.490324e-01 2.471260e-01 1.956905e-02 6.910419e-02 2.051240e-01 2.288121e-01 2.882133e-01 2.959506e-01 
3.981072e-03 5.528587e-01 4.917862e-01 4.491429e-02 1.127003e-01 3.936638e-01 2.773208e-01 2.245715e-02 7.780023e-02 2.188453e-01 2.445752e-01 3.081184e-01 3.164119e-01 
4.540910e-03 5.543003e-01 4.941368e-01 5.123398e-02 1.276362e-01 4.423117e-01 3.099806e-01 2.561699e-02 8.722914e-02 2.327831e-01 2.607739e-01 3.285286e-01 3.373648e-01 
5.179475e-03 5.556441e-01 4.965507e-01 5.811609e-02 1.437482e-01 4.940108e-01 3.443334e-01 2.905804e-02 9.720126e-02 2.469340e-01 2.772541e-01 3.494321e-01 3.586429e-01 
5.907838e-03 5.566749e-01 4.987321e-01 6.566245e-02 1.613508e-01 5.497709e-01 3.809529e-01 3.283123e-02 1.078925e-01 2.614182e-01 2.941609e-01 3.708868e-01 3.805435e-01 
6.738627e-03 5.576073e-01 5.010786e-01 7.394636e-02 1.806529e-01 6.099958e-01 4.200013e-01 3.697318e-02 1.193523e-01 2.762799e-01 3.116306e-01 3.931307e-01 4.031628e-01 
7.686246e-03 5.586357e-01 5.034018e-01 8.307877e-02 2.015230e-01 6.745130e-01 4.616091e-01 4.153939e-02 1.316407e-01 2.915025e-01 3.295976e-01 4.161215e-01 4.262925e-01 
8.767124e-03 5.594173e-01 5.057802e-01 9.300079e-02 2.241614e-01 7.437500e-01 5.057278e-01 4.650040e-02 1.447427e-01 3.070903e-01 3.481151e-01 4.398704e-01 4.501251e-01 
1.000000e-02 5.602560e-01 5.080992e-01 1.039336e-01 2.486797e-01 8.174348e-01 5.521120e-01 5.196681e-02 1.586371e-01 3.231121e-01 3.671835e-01 4.642879e-01 4.747798e-01 
1.140625e-02 5.610097e-01 5.105211e-01 1.157980e-01 2.752351e-01 8.960838e-01 6.008418e-01 5.789900e-02 1.733447e-01 3.394805e-01 3.867657e-01 4.895721e-01 5.000274e-01 
1.301025e-02 5.617729e-01 5.129195e-01 1.288477e-01 3.038481e-01 9.801866e-01 6.526180e-01 6.442387e-02 1.891099e-01 3.564024e-01 4.071130e-01 5.158093e-01 5.262392e-01 
1.483982e-02 5.627682e-01 5.156030e-01 1.430762e-01 3.344687e-01 1.068679e+00 7.061282e-01 7.153812e-02 2.055985e-01 3.736726e-01 4.276981e-01 5.428077e-01 5.527355e-01 
1.692667e-02 5.637080e-01 5.185882e-01 1.587680e-01 3.676757e-01 1.162546e+00 7.615827e-01 7.938400e-02 2.229730e-01 3.913720e-01 4.489900e-01 5.705611e-01 5.804200e-01 
1.930698e-02 5.648576e-01 5.213931e-01 1.758208e-01 4.029903e-01 1.262547e+00 8.207988e-01 8.791041e-02 2.416087e-01 4.097354e-01 4.709374e-01 5.991382e-01 6.089957e-01 
2.202202e-02 5.660944e-01 5.246162e-01 1.944636e-01 4.402830e-01 1.366100e+00 8.807922e-01 9.723181e-02 2.608991e-01 4.284439e-01 4.931207e-01 6.283169e-01 6.381262e-01 
2.511886e-02 5.673653e-01 5.279351e-01 2.147693e-01 4.805428e-01 1.476608e+00 9.435810e-01 1.073846e-01 2.813609e-01 4.477112e-01 5.159395e-01 6.584064e-01 6.682536e-01 
2.865120e-02 5.689583e-01 5.314682e-01 2.371263e-01 5.227018e-01 1.591737e+00 1.009089e+00 1.185631e-01 3.030455e-01 4.677173e-01 5.390465e-01 6.890951e-01 6.991485e-01 
3.268028e-02 5.707639e-01 5.353375e-01 2.617410e-01 5.686121e-01 1.715317e+00 1.077992e+00 1.308705e-01 3.262152e-01 4.883948e-01 5.629722e-01 7.205936e-01 7.316438e-01 
3.727594e-02 5.726181e-01 5.391719e-01 2.885959e-01 6.168600e-01 1.844686e+00 1.149659e+00 1.442980e-01 3.507431e-01 5.098223e-01 5.872301e-01 7.526554e-01 7.650315e-01 
4.251786e-02 5.748007e-01 5.435914e-01 3.182122e-01 6.685130e-01 1.980622e+00 1.223295e+00 1.591061e-01 3.765844e-01 5.319307e-01 6.119415e-01 7.854847e-01 7.995768e-01 
4.849693e-02 5.771301e-01 5.480678e-01 3.509747e-01 7.246421e-01 2.127822e+00 1.302639e+00 1.754874e-01 4.047555e-01 5.553167e-01 6.374083e-01 8.193978e-01 8.358890e-01 
5.531681e-02 5.797352e-01 5.527062e-01 3.869654e-01 7.847216e-01 2.284216e+00 1.385712e+00 1.934827e-01 4.348359e-01 5.796849e-01 6.635379e-01 8.540947e-01 8.737639e-01 
6.309573e-02 5.825802e-01 5.574189e-01 4.271673e-01 8.504928e-01 2.454785e+00 1.475736e+00 2.135836e-01 4.678624e-01 6.059598e-01 6.904515e-01 8.902987e-01 9.137788e-01 
7.196857e-02 5.855082e-01 5.621259e-01 4.712126e-01 9.210973e-01 2.636288e+00 1.570022e+00 2.356063e-01 5.031480e-01 6.337237e-01 7.176073e-01 9.278157e-01 9.549429e-01 
8.208914e-02 5.888659e-01 5.666825e-01 5.202557e-01 9.975299e-01 2.832252e+00 1.671007e+00 2.601278e-01 5.416462e-01 6.635116e-01 7.452563e-01 9.665918e-01 9.979819e-01 
9.363292e-02 5.927628e-01 5.713475e-01 5.750286e-01 1.080404e+00 3.043841e+00 1.779359e+00 2.875143e-01 5.837427e-01 6.953361e-01 7.733137e-01 1.006550e+00 1.042888e+00 
1.068000e-01 5.966383e-01 5.758571e-01 6.353398e-01 1.170483e+00 3.274515e+00 1.898138e+00 3.176699e-01 6.300454e-01 7.296328e-01 8.016927e-01 1.048504e+00 1.089558e+00 
1.218188e-01 6.007984e-01 5.803520e-01 7.013211e-01 1.267485e+00 3.520611e+00 2.023160e+00 3.506605e-01 6.797306e-01 7.657420e-01 8.302989e-01 1.091864e+00 1.137667e+00 
1.389495e-01 6.048532e-01 5.852315e-01 7.740081e-01 1.373204e+00 3.785071e+00 2.153591e+00 3.870040e-01 7.330227e-01 8.043757e-01 8.590842e-01 1.137330e+00 1.187993e+00 
1.584893e-01 6.091908e-01 5.898115e-01 8.523850e-01 1.485032e+00 4.067113e+00 2.294394e+00 4.261925e-01 7.906267e-01 8.449856e-01 8.879184e-01 1.184806e+00 1.238538e+00 
1.807769e-01 6.133463e-01 5.939190e-01 9.365456e-01 1.604921e+00 4.371627e+00 2.447977e+00 4.682728e-01 8.532609e-01 8.881522e-01 9.171370e-01 1.234942e+00 1.290084e+00 
2.061986e-01 6.172104e-01 5.975748e-01 1.025964e+00 1.731797e+00 4.695011e+00 2.611133e+00 5.129820e-01 9.201281e-01 9.341291e-01 9.454297e-01 1.287964e+00 1.340980e+00 
2.351953e-01 6.200612e-01 6.011496e-01 1.118076e+00 1.866064e+00 5.031386e+00 2.775883e+00 5.590380e-01 9.885347e-01 9.825696e-01 9.710408e-01 1.342681e+00 1.391203e+00 
2.682696e-01 6.223916e-01 6.042768e-01 1.209511e+00 2.000209e+00 5.363024e+00 2.934563e+00 6.047555e-01 1.055295e+00 1.032205e+00 9.921849e-01 1.397678e+00 1.437081e+00 
3.059950e-01 6.240946e-01 6.074253e-01 1.297211e+00 2.130550e+00 5.679002e+00 3.077942e+00 6.486056e-01 1.117434e+00 1.081912e+00 1.008230e+00 1.450687e+00 1.478964e+00 
3.490255e-01 6.253730e-01 6.107419e-01 1.378751e+00 2.251456e+00 5.960908e+00 3.196443e+00 6.893756e-01 1.171784e+00 1.128805e+00 1.019005e+00 1.499039e+00 1.515258e+00 
3.981072e-01 6.260324e-01 6.145299e-01 1.449637e+00 2.357380e+00 6.196800e+00 3.281958e+00 7.248187e-01 1.215898e+00 1.170010e+00 1.024677e+00 1.543719e+00 1.541353e+00 
4.540910e-01 6.267824e-01 6.183132e-01 1.507999e+00 2.444601e+00 6.384826e+00 3.347505e+00 7.539996e-01 1.250938e+00 1.203845e+00 1.028019e+00 1.583363e+00 1.558928e+00 
5.179475e-01 6.280575e-01 6.211398e-01 1.547078e+00 2.499827e+00 6.499302e+00 3.385117e+00 7.735390e-01 1.272474e+00 1.225661e+00 1.028694e+00 1.614052e+00 1.562878e+00 
5.907838e-01 6.287915e-01 6.211593e-01 1.549112e+00 2.502067e+00 6.506099e+00 3.392122e+00 7.745560e-01 1.274112e+00 1.230049e+00 1.024579e+00 1.626708e+00 1.549913e+00 
6.738627e-01 6.289111e-01 6.189751e-01 1.510604e+00 2.439297e+00 6.378578e+00 3.359982e+00 7.553022e-01 1.252599e+00 1.214376e+00 1.014747e+00 1.612536e+00 1.523818e+00 
7.686246e-01 6.289397e-01 6.176560e-01 1.435722e+00 2.319271e+00 6.085710e+00 3.221407e+00 7.178608e-01 1.196926e+00 1.172500e+00 9.976202e-01 1.562976e+00 1.487758e+00 
8.767124e-01 6.252025e-01 6.124048e-01 1.320296e+00 2.150819e+00 5.675017e+00 3.029840e+00 6.601478e-01 1.115088e+00 1.103457e+00 9.767182e-01 1.479771e+00 1.442031e+00 
