1.000000e-04 5.399011e-01 4.815461e-01 9.293205e-05 2.497167e-04 8.913206e-04 6.366387e-04 4.646603e-05 1.758199e-04 9.761091e-03 1.079484e-02 1.371636e-02 1.398175e-02 
1.140625e-04 5.400072e-01 4.815674e-01 1.204516e-04 3.238237e-04 1.156155e-03 8.258629e-04 6.022582e-05 2.280502e-04 1.111484e-02 1.229371e-02 1.561618e-02 1.592536e-02 
1.301025e-04 5.399595e-01 4.814813e-01 1.560069e-04 4.196035e-04 1.498777e-03 1.071006e-03 7.800347e-05 2.956895e-04 1.265806e-02 1.400037e-02 1.778520e-02 1.813315e-02 
1.483982e-04 5.399949e-01 4.814014e-01 2.021296e-04 5.435429e-04 1.940656e-03 1.386305e-03 1.010648e-04 3.827722e-04 1.440566e-02 1.593688e-02 2.024552e-02 2.063623e-02 
1.692667e-04 5.400166e-01 4.813591e-01 2.615421e-04 7.032635e-04 2.512373e-03 1.795378e-03 1.307711e-04 4.956837e-04 1.639548e-02 1.813354e-02 2.303316e-02 2.348441e-02 
1.930698e-04 5.399696e-01 4.813350e-01 3.382646e-04 9.098150e-04 3.251660e-03 2.324346e-03 1.691323e-04 6.416538e-04 1.865694e-02 2.063251e-02 2.621079e-02 2.671984e-02 
2.202202e-04 5.399874e-01 4.812417e-01 4.369288e-04 1.175573e-03 4.203144e-03 3.005412e-03 2.184644e-04 8.295513e-04 2.121331e-02 2.345906e-02 2.980361e-02 3.037392e-02 
2.511886e-04 5.399749e-01 4.810259e-01 5.642490e-04 1.518801e-03 5.434263e-03 3.887381e-03 2.821245e-04 1.072772e-03 2.411989e-02 2.667601e-02 3.387360e-02 3.454206e-02 
2.865120e-04 5.400166e-01 4.809908e-01 7.265874e-04 1.955888e-03 7.003284e-03 5.010920e-03 3.632937e-04 1.382679e-03 2.739332e-02 3.029694e-02 3.846875e-02 3.922267e-02 
3.268028e-04 5.400377e-01 4.809121e-01 9.347581e-04 2.516271e-03 9.013509e-03 6.451729e-03 4.673790e-04 1.780145e-03 3.111064e-02 3.438383e-02 4.365913e-02 4.453172e-02 
3.727594e-04 5.400003e-01 4.806111e-01 1.200193e-03 3.232191e-03 1.158611e-02 8.296392e-03 6.000967e-04 2.288576e-03 3.528731e-02 3.901292e-02 4.953796e-02 5.049607e-02 
4.251786e-04 5.401477e-01 4.804644e-01 1.537779e-03 4.142076e-03 1.486548e-02 1.065301e-02 7.688897e-04 2.937820e-03 3.999345e-02 4.420913e-02 5.611492e-02 5.722560e-02 
4.849693e-04 5.401745e-01 4.802133e-01 1.964941e-03 5.292183e-03 1.901429e-02 1.363458e-02 9.824707e-04 3.759338e-03 4.529424e-02 5.005569e-02 6.352613e-02 6.479115e-02 
5.531681e-04 5.401499e-01 4.799573e-01 2.505544e-03 6.749224e-03 2.427706e-02 1.741912e-02 1.252772e-03 4.802041e-03 5.123113e-02 5.661267e-02 7.183730e-02 7.326401e-02 
6.309573e-04 5.402282e-01 4.796321e-01 3.183016e-03 8.577035e-03 3.091438e-02 2.220902e-02 1.591508e-03 6.119647e-03 5.789262e-02 6.394631e-02 8.113642e-02 8.273521e-02 
7.196857e-04 5.403592e-01 4.793556e-01 4.021425e-03 1.083097e-02 3.911371e-02 2.813032e-02 2.010712e-03 7.749771e-03 6.525898e-02 7.209113e-02 9.142622e-02 9.323837e-02 
8.208914e-04 5.404663e-01 4.790393e-01 5.065040e-03 1.362644e-02 4.929657e-02 3.548982e-02 2.532520e-03 9.775339e-03 7.345990e-02 8.113481e-02 1.028468e-01 1.049296e-01 
9.363292e-04 5.405825e-01 4.786825e-01 6.339040e-03 1.703337e-02 6.175062e-02 4.451364e-02 3.169520e-03 1.225811e-02 8.247046e-02 9.106857e-02 1.153976e-01 1.177453e-01 
1.068000e-03 5.408396e-01 4.784446e-01 7.892447e-03 2.116045e-02 7.686622e-02 5.546737e-02 3.946223e-03 1.527503e-02 9.230106e-02 1.019181e-01 1.290631e-01 1.317509e-01 
1.218188e-03 5.412243e-01 4.783048e-01 9.742503e-03 2.603182e-02 9.466179e-02 6.834295e-02 4.871252e-03 1.882742e-02 1.028536e-01 1.135814e-01 1.437914e-01 1.467604e-01 
1.389495e-03 5.418606e-01 4.784470e-01 1.192346e-02 3.169830e-02 1.154571e-01 8.343269e-02 5.961732e-03 2.299463e-02 1.141398e-01 1.260591e-01 1.595037e-01 1.628294e-01 
1.584893e-03 5.427225e-01 4.788287e-01 1.444737e-02 3.816965e-02 1.391256e-01 1.005824e-01 7.223686e-03 2.774290e-02 1.259815e-01 1.391360e-01 1.760061e-01 1.796499e-01 
1.807769e-03 5.436999e-01 4.794690e-01 1.734144e-02 4.548120e-02 1.658559e-01 1.199521e-01 8.670722e-03 3.311783e-02 1.383120e-01 1.528387e-01 1.932110e-01 1.972850e-01 
2.061986e-03 5.450463e-01 4.805961e-01 2.062760e-02 5.362017e-02 1.951218e-01 1.409313e-01 1.031380e-02 3.897776e-02 1.509402e-01 1.668678e-01 2.109050e-01 2.153605e-01 
2.351953e-03 5.466190e-01 4.821333e-01 2.434386e-02 6.262184e-02 2.272645e-01 1.638864e-01 1.217193e-02 4.541944e-02 1.638774e-01 1.813192e-01 2.290878e-01 2.340006e-01 
2.682696e-03 5.482788e-01 4.838085e-01 2.849821e-02 7.267580e-02 2.625880e-01 1.888720e-01 1.424910e-02 5.246071e-02 1.771013e-01 1.961159e-01 2.477808e-01 2.530827e-01 
3.059950e-03 5.501411e-01 4.857606e-01 3.309895e-02 8.352997e-02 3.004062e-01 2.154820e-01 1.654947e-02 6.000113e-02 1.904128e-01 2.111046e-01 2.665803e-01 2.725020e-01 
3.490255e-03 5.517611e-01 4.879531e-01 3.817182e-02 9.547690e-02 3.410648e-01 2.436652e-01 1.908591e-02 6.803937e-02 2.038926e-01 2.263261e-01 2.858277e-01 2.922399e-01 
3.981072e-03 5.535643e-01 4.902081e-01 4.376601e-02 1.084777e-01 3.849644e-01 2.739346e-01 2.188301e-02 7.670825e-02 2.175764e-01 2.419102e-01 3.054839e-01 3.123802e-01 
4.540910e-03 5.549087e-01 4.923323e-01 4.990429e-02 1.228494e-01 4.326728e-01 3.064233e-01 2.495214e-02 8.604974e-02 2.315745e-01 2.579071e-01 3.256417e-01 3.331730e-01 
5.179475e-03 5.563310e-01 4.945368e-01 5.666885e-02 1.385782e-01 4.842178e-01 3.411858e-01 2.833443e-02 9.609425e-02 2.459328e-01 2.742717e-01 3.463411e-01 3.545651e-01 
5.907838e-03 5.574022e-01 4.966028e-01 6.406714e-02 1.557527e-01 5.398425e-01 3.784104e-01 3.203357e-02 1.068928e-01 2.605860e-01 2.911068e-01 3.676253e-01 3.765315e-01 
6.738627e-03 5.583891e-01 4.987463e-01 7.217362e-02 1.745036e-01 5.993085e-01 4.175097e-01 3.608681e-02 1.183158e-01 2.755243e-01 3.084164e-01 3.895981e-01 3.990807e-01 
7.686246e-03 5.592302e-01 5.007454e-01 8.108066e-02 1.950697e-01 6.640658e-01 4.599759e-01 4.054033e-02 1.307594e-01 2.910343e-01 3.263560e-01 4.123475e-01 4.225831e-01 
8.767124e-03 5.599978e-01 5.028899e-01 9.080385e-02 2.174190e-01 7.330637e-01 5.043901e-01 4.540192e-02 1.438687e-01 3.067348e-01 3.447346e-01 4.354353e-01 4.468341e-01 
1.000000e-02 5.606855e-01 5.050713e-01 1.014687e-01 2.419063e-01 8.078124e-01 5.520628e-01 5.073437e-02 1.580122e-01 3.230136e-01 3.638058e-01 4.596560e-01 4.719199e-01 
1.140625e-02 5.613184e-01 5.073390e-01 1.131195e-01 2.684363e-01 8.873050e-01 6.018658e-01 5.655974e-02 1.729387e-01 3.395735e-01 3.834660e-01 4.844526e-01 4.978804e-01 
1.301025e-02 5.619235e-01 5.097058e-01 1.259757e-01 2.975715e-01 9.731839e-01 6.548601e-01 6.298786e-02 1.889377e-01 3.566454e-01 4.038022e-01 5.101699e-01 5.248099e-01 
1.483982e-02 5.626261e-01 5.123453e-01 1.400747e-01 3.290577e-01 1.064525e+00 7.103541e-01 7.003736e-02 2.058648e-01 3.741531e-01 4.249021e-01 5.367404e-01 5.528050e-01 
1.692667e-02 5.632184e-01 5.148883e-01 1.554905e-01 3.629423e-01 1.161425e+00 7.684242e-01 7.774526e-02 2.237679e-01 3.920266e-01 4.466259e-01 5.641268e-01 5.816007e-01 
1.930698e-02 5.639099e-01 5.177162e-01 1.722973e-01 3.993943e-01 1.263895e+00 8.284738e-01 8.614866e-02 2.425473e-01 4.103201e-01 4.690729e-01 5.922955e-01 6.114590e-01 
2.202202e-02 5.647028e-01 5.207328e-01 1.907764e-01 4.387458e-01 1.372600e+00 8.908514e-01 9.538822e-02 2.623371e-01 4.289615e-01 4.923384e-01 6.212714e-01 6.424778e-01 
2.511886e-02 5.655362e-01 5.239238e-01 2.109963e-01 4.810635e-01 1.487435e+00 9.553898e-01 1.054981e-01 2.831297e-01 4.479750e-01 5.162359e-01 6.509783e-01 6.744760e-01 
2.865120e-02 5.664094e-01 5.271681e-01 2.330544e-01 5.258538e-01 1.606997e+00 1.021388e+00 1.165272e-01 3.048250e-01 4.674059e-01 5.407829e-01 6.813692e-01 7.075544e-01 
3.268028e-02 5.675674e-01 5.308727e-01 2.574079e-01 5.743764e-01 1.735043e+00 1.090767e+00 1.287039e-01 3.279907e-01 4.873573e-01 5.662583e-01 7.128736e-01 7.418171e-01 
3.727594e-02 5.687326e-01 5.346470e-01 2.838127e-01 6.250868e-01 1.866636e+00 1.160481e+00 1.419063e-01 3.518593e-01 5.075687e-01 5.920880e-01 7.445736e-01 7.770464e-01 
4.251786e-02 5.701617e-01 5.386786e-01 3.128423e-01 6.784083e-01 2.005104e+00 1.233917e+00 1.564212e-01 3.774129e-01 5.281401e-01 6.188769e-01 7.768727e-01 8.134899e-01 
4.849693e-02 5.717154e-01 5.429894e-01 3.448416e-01 7.360312e-01 2.154408e+00 1.312865e+00 1.724208e-01 4.051977e-01 5.491829e-01 6.469397e-01 8.103684e-01 8.512983e-01 
5.531681e-02 5.734446e-01 5.475361e-01 3.798943e-01 7.974937e-01 2.311749e+00 1.394358e+00 1.899471e-01 4.345840e-01 5.706401e-01 6.758544e-01 8.448872e-01 8.900739e-01 
6.309573e-02 5.755024e-01 5.524317e-01 4.185042e-01 8.625957e-01 2.478462e+00 1.480518e+00 2.092521e-01 4.662374e-01 5.927153e-01 7.057315e-01 8.804291e-01 9.298976e-01 
7.196857e-02 5.777028e-01 5.571976e-01 4.605326e-01 9.321283e-01 2.654816e+00 1.570105e+00 2.302663e-01 4.998420e-01 6.151054e-01 7.365808e-01 9.171144e-01 9.704505e-01 
8.208914e-02 5.800612e-01 5.621633e-01 5.066278e-01 1.006742e+00 2.842947e+00 1.664597e+00 2.533139e-01 5.359926e-01 6.379224e-01 7.689031e-01 9.547291e-01 1.012744e+00 
9.363292e-02 5.824016e-01 5.676154e-01 5.569359e-01 1.087677e+00 3.042165e+00 1.760177e+00 2.784680e-01 5.738483e-01 6.605171e-01 8.025312e-01 9.939614e-01 1.055798e+00 
1.068000e-01 5.848454e-01 5.733735e-01 6.123729e-01 1.176083e+00 3.255590e+00 1.857880e+00 3.061865e-01 6.140024e-01 6.833399e-01 8.376308e-01 1.034459e+00 1.100654e+00 
1.218188e-01 5.872969e-01 5.795186e-01 6.727500e-01 1.273190e+00 3.485796e+00 1.958663e+00 3.363750e-01 6.567199e-01 7.063329e-01 8.745786e-01 1.076558e+00 1.147518e+00 
1.389495e-01 5.893089e-01 5.855080e-01 7.391655e-01 1.380274e+00 3.740481e+00 2.070648e+00 3.695828e-01 7.041372e-01 7.301415e-01 9.141581e-01 1.121472e+00 1.196774e+00 
1.584893e-01 5.910785e-01 5.909035e-01 8.106185e-01 1.496056e+00 4.017388e+00 2.194313e+00 4.053093e-01 7.559447e-01 7.547181e-01 9.559878e-01 1.169289e+00 1.247155e+00 
1.807769e-01 5.926738e-01 5.958821e-01 8.861009e-01 1.620399e+00 4.308530e+00 2.318961e+00 4.430505e-01 8.092626e-01 7.783074e-01 9.991218e-01 1.219306e+00 1.296637e+00 
2.061986e-01 5.937394e-01 6.007000e-01 9.659419e-01 1.754440e+00 4.616750e+00 2.445135e+00 4.829710e-01 8.645220e-01 8.010258e-01 1.043525e+00 1.271366e+00 1.345598e+00 
2.351953e-01 5.940629e-01 6.052063e-01 1.049718e+00 1.897637e+00 4.940702e+00 2.572691e+00 5.248590e-01 9.213421e-01 8.231917e-01 1.088601e+00 1.325857e+00 1.393490e+00 
2.682696e-01 5.942940e-01 6.094475e-01 1.137650e+00 2.048927e+00 5.280865e+00 2.703689e+00 5.688252e-01 9.805865e-01 8.448472e-01 1.134299e+00 1.383350e+00 1.438723e+00 
3.059950e-01 5.947022e-01 6.135345e-01 1.225948e+00 2.201436e+00 5.625583e+00 2.832973e+00 6.129742e-01 1.039911e+00 8.655972e-01 1.178682e+00 1.442549e+00 1.478805e+00 
3.490255e-01 5.947847e-01 6.176839e-01 1.312843e+00 2.355715e+00 5.969772e+00 2.954525e+00 6.564217e-01 1.097094e+00 8.856571e-01 1.220434e+00 1.502589e+00 1.514180e+00 
3.981072e-01 5.945629e-01 6.215555e-01 1.390861e+00 2.503310e+00 6.298247e+00 3.068638e+00 6.954306e-01 1.149489e+00 9.036407e-01 1.259149e+00 1.559339e+00 1.546088e+00 
4.540910e-01 5.940710e-01 6.237989e-01 1.451491e+00 2.623582e+00 6.568912e+00 3.164886e+00 7.257453e-01 1.191956e+00 9.177327e-01 1.290595e+00 1.607801e+00 1.568440e+00 
5.179475e-01 5.931866e-01 6.245206e-01 1.489470e+00 2.702624e+00 6.755693e+00 3.240531e+00 7.447349e-01 1.222060e+00 9.277809e-01 1.312700e+00 1.643210e+00 1.581845e+00 
5.907838e-01 5.932275e-01 6.236280e-01 1.497146e+00 2.716566e+00 6.800995e+00 3.272582e+00 7.485731e-01 1.231270e+00 9.307572e-01 1.320139e+00 1.657039e+00 1.581554e+00 
6.738627e-01 5.939790e-01 6.218652e-01 1.465869e+00 2.642357e+00 6.645044e+00 3.229229e+00 7.329346e-01 1.210782e+00 9.238426e-01 1.305322e+00 1.639830e+00 1.562183e+00 
7.686246e-01 5.957437e-01 6.203297e-01 1.394152e+00 2.493844e+00 6.298410e+00 3.089488e+00 6.970761e-01 1.155806e+00 9.048508e-01 1.263582e+00 1.585217e+00 1.523615e+00 
8.767124e-01 5.954660e-01 6.162007e-01 1.274195e+00 2.287574e+00 5.805151e+00 2.870590e+00 6.370974e-01 1.066575e+00 8.699679e-01 1.196075e+00 1.493008e+00 1.464163e+00 
