1.000000e-04 5.385654e-01 4.800212e-01 8.666233e-05 2.354531e-04 8.445349e-04 6.050768e-04 4.333117e-05 1.666670e-04 9.529080e-03 1.054842e-02 1.333487e-02 1.370682e-02 
1.140625e-04 5.385582e-01 4.798958e-01 1.123470e-04 3.050869e-04 1.094398e-03 7.840778e-04 5.617351e-05 2.159802e-04 1.085227e-02 1.201272e-02 1.518709e-02 1.560775e-02 
1.301025e-04 5.386474e-01 4.800107e-01 1.456788e-04 3.958096e-04 1.419897e-03 1.017262e-03 7.283939e-05 2.801909e-04 1.235431e-02 1.368008e-02 1.729394e-02 1.777020e-02 
1.483982e-04 5.385660e-01 4.798700e-01 1.884470e-04 5.119839e-04 1.837923e-03 1.317514e-03 9.422348e-05 3.628560e-04 1.406461e-02 1.556922e-02 1.968301e-02 2.022469e-02 
1.692667e-04 5.386062e-01 4.797669e-01 2.442796e-04 6.634683e-04 2.381118e-03 1.706376e-03 1.221398e-04 4.699784e-04 1.600529e-02 1.772448e-02 2.240693e-02 2.301451e-02 
1.930698e-04 5.387432e-01 4.798231e-01 3.156419e-04 8.574079e-04 3.079625e-03 2.208012e-03 1.578210e-04 6.080481e-04 1.821065e-02 2.016105e-02 2.548182e-02 2.618614e-02 
2.202202e-04 5.387057e-01 4.797487e-01 4.075755e-04 1.107898e-03 3.982053e-03 2.856634e-03 2.037878e-04 7.864868e-04 2.071115e-02 2.292230e-02 2.896773e-02 2.977939e-02 
2.511886e-04 5.388520e-01 4.797503e-01 5.261884e-04 1.429456e-03 5.140506e-03 3.688715e-03 2.630942e-04 1.015577e-03 2.354166e-02 2.604682e-02 3.291711e-02 3.383972e-02 
2.865120e-04 5.388239e-01 4.794611e-01 6.783327e-04 1.843453e-03 6.632142e-03 4.760003e-03 3.391664e-04 1.310328e-03 2.674597e-02 2.959957e-02 3.740277e-02 3.844040e-02 
3.268028e-04 5.387779e-01 4.793383e-01 8.728704e-04 2.372769e-03 8.539487e-03 6.130693e-03 4.364352e-04 1.687413e-03 3.036787e-02 3.360407e-02 4.245117e-02 4.364809e-02 
3.727594e-04 5.389323e-01 4.793274e-01 1.121364e-03 3.046413e-03 1.097660e-02 7.885202e-03 5.606818e-04 2.170291e-03 3.445502e-02 3.811725e-02 4.815616e-02 4.950303e-02 
4.251786e-04 5.390372e-01 4.791313e-01 1.436213e-03 3.902740e-03 1.407855e-02 1.012080e-02 7.181063e-04 2.784804e-03 3.904229e-02 4.319596e-02 5.453836e-02 5.610098e-02 
4.849693e-04 5.390320e-01 4.788926e-01 1.838153e-03 4.995070e-03 1.804013e-02 1.297830e-02 9.190764e-04 3.570259e-03 4.423703e-02 4.892290e-02 6.177302e-02 6.353615e-02 
5.531681e-04 5.391416e-01 4.787123e-01 2.343775e-03 6.370937e-03 2.302986e-02 1.657300e-02 1.171888e-03 4.558740e-03 5.003753e-02 5.533429e-02 6.987553e-02 7.182916e-02 
6.309573e-04 5.392154e-01 4.784131e-01 2.975761e-03 8.081607e-03 2.927543e-02 2.109702e-02 1.487880e-03 5.801325e-03 5.652519e-02 6.247939e-02 7.886361e-02 8.111656e-02 
7.196857e-04 5.392897e-01 4.782068e-01 3.765045e-03 1.021803e-02 3.706547e-02 2.672945e-02 1.882523e-03 7.349264e-03 6.373356e-02 7.045471e-02 8.891809e-02 9.143456e-02 
8.208914e-04 5.394785e-01 4.779193e-01 4.746608e-03 1.286669e-02 4.678077e-02 3.377875e-02 2.373304e-03 9.285258e-03 7.178093e-02 7.932328e-02 1.000615e-01 1.029376e-01 
9.363292e-04 5.398486e-01 4.777338e-01 5.944482e-03 1.606031e-02 5.849709e-02 4.228946e-02 2.972241e-03 1.162618e-02 8.056834e-02 8.898643e-02 1.122291e-01 1.154673e-01 
1.068000e-03 5.401706e-01 4.775766e-01 7.411301e-03 1.996563e-02 7.286717e-02 5.273562e-02 3.705650e-03 1.449896e-02 9.020048e-02 9.964072e-02 1.255788e-01 1.292518e-01 
1.218188e-03 5.406204e-01 4.776229e-01 9.150886e-03 2.453898e-02 8.972641e-02 6.501204e-02 4.575443e-03 1.788036e-02 1.005311e-01 1.110191e-01 1.398744e-01 1.439927e-01 
1.389495e-03 5.412641e-01 4.777588e-01 1.121450e-02 2.989634e-02 1.094582e-01 7.936429e-02 5.607249e-03 2.184123e-02 1.115937e-01 1.232396e-01 1.552233e-01 1.597767e-01 
1.584893e-03 5.422590e-01 4.784541e-01 1.360025e-02 3.596853e-02 1.317562e-01 9.555035e-02 6.800127e-03 2.632415e-02 1.231635e-01 1.360074e-01 1.712043e-01 1.763692e-01 
1.807769e-03 5.435097e-01 4.792765e-01 1.634525e-02 4.282624e-02 1.569687e-01 1.138866e-01 8.172624e-03 3.141419e-02 1.352528e-01 1.493730e-01 1.879333e-01 1.936634e-01 
2.061986e-03 5.450179e-01 4.806037e-01 1.948172e-02 5.051156e-02 1.848454e-01 1.339933e-01 9.740861e-03 3.702817e-02 1.476840e-01 1.631361e-01 2.051946e-01 2.115535e-01 
2.351953e-03 5.467052e-01 4.823481e-01 2.299527e-02 5.889086e-02 2.150271e-01 1.556682e-01 1.149764e-02 4.311539e-02 1.602993e-01 1.771756e-01 2.227983e-01 2.297710e-01 
2.682696e-03 5.487257e-01 4.843140e-01 2.695117e-02 6.818268e-02 2.479706e-01 1.791374e-01 1.347558e-02 4.974200e-02 1.731609e-01 1.915314e-01 2.407594e-01 2.484628e-01 
3.059950e-03 5.506441e-01 4.865139e-01 3.132724e-02 7.829962e-02 2.833788e-01 2.041259e-01 1.566362e-02 5.684270e-02 1.861682e-01 2.060926e-01 2.590610e-01 2.674506e-01 
3.490255e-03 5.524440e-01 4.888111e-01 3.615109e-02 8.927599e-02 3.214645e-01 2.309162e-01 1.807554e-02 6.448827e-02 1.993342e-01 2.209113e-01 2.776697e-01 2.867378e-01 
3.981072e-03 5.542907e-01 4.912250e-01 4.147408e-02 1.013032e-01 3.625345e-01 2.594372e-01 2.073704e-02 7.267439e-02 2.127369e-01 2.360209e-01 2.966878e-01 3.064949e-01 
4.540910e-03 5.560004e-01 4.936784e-01 4.732462e-02 1.143739e-01 4.067065e-01 2.899673e-01 2.366231e-02 8.147847e-02 2.263998e-01 2.514209e-01 3.158977e-01 3.269096e-01 
5.179475e-03 5.575345e-01 4.961904e-01 5.377619e-02 1.287395e-01 4.543205e-01 3.224183e-01 2.688810e-02 9.089984e-02 2.403648e-01 2.672310e-01 3.359228e-01 3.476590e-01 
5.907838e-03 5.588297e-01 4.984247e-01 6.081842e-02 1.443994e-01 5.062023e-01 3.577749e-01 3.040921e-02 1.011658e-01 2.546531e-01 2.835883e-01 3.564671e-01 3.691147e-01 
6.738627e-03 5.601549e-01 5.009089e-01 6.857127e-02 1.613755e-01 5.610304e-01 3.944241e-01 3.428563e-02 1.119288e-01 2.692365e-01 3.002224e-01 3.774329e-01 3.911605e-01 
7.686246e-03 5.611657e-01 5.030246e-01 7.697734e-02 1.798201e-01 6.205643e-01 4.342132e-01 3.848867e-02 1.236111e-01 2.843141e-01 3.174086e-01 3.990600e-01 4.139871e-01 
8.767124e-03 5.622066e-01 5.054284e-01 8.631673e-02 2.001015e-01 6.847633e-01 4.765367e-01 4.315836e-02 1.361505e-01 2.998338e-01 3.351795e-01 4.215387e-01 4.376157e-01 
1.000000e-02 5.631738e-01 5.077134e-01 9.653683e-02 2.221808e-01 7.540200e-01 5.218324e-01 4.826842e-02 1.496186e-01 3.158827e-01 3.536593e-01 4.448549e-01 4.621968e-01 
1.140625e-02 5.640244e-01 5.101870e-01 1.077767e-01 2.461269e-01 8.279742e-01 5.695456e-01 5.388837e-02 1.639461e-01 3.322316e-01 3.726817e-01 4.687078e-01 4.876401e-01 
1.301025e-02 5.647795e-01 5.125541e-01 1.200894e-01 2.721521e-01 9.070106e-01 6.198842e-01 6.004472e-02 1.791805e-01 3.492214e-01 3.922912e-01 4.935062e-01 5.139825e-01 
1.483982e-02 5.656824e-01 5.150695e-01 1.337046e-01 3.009066e-01 9.938052e-01 6.748080e-01 6.685228e-02 1.958565e-01 3.667732e-01 4.129928e-01 5.194068e-01 5.416706e-01 
1.692667e-02 5.668701e-01 5.179163e-01 1.487033e-01 3.313562e-01 1.083556e+00 7.303912e-01 7.435164e-02 2.130883e-01 3.847261e-01 4.339793e-01 5.459703e-01 5.698297e-01 
1.930698e-02 5.676995e-01 5.208206e-01 1.651185e-01 3.647839e-01 1.180855e+00 7.898127e-01 8.255924e-02 2.316284e-01 4.031818e-01 4.558557e-01 5.734203e-01 5.993738e-01 
2.202202e-02 5.688453e-01 5.237836e-01 1.832100e-01 4.010303e-01 1.285267e+00 8.527566e-01 9.160500e-02 2.514768e-01 4.224266e-01 4.786434e-01 6.019872e-01 6.302125e-01 
2.511886e-02 5.701369e-01 5.270021e-01 2.031361e-01 4.398984e-01 1.395246e+00 9.180256e-01 1.015680e-01 2.723981e-01 4.420874e-01 5.018781e-01 6.311950e-01 6.618707e-01 
2.865120e-02 5.714740e-01 5.304214e-01 2.250953e-01 4.822384e-01 1.512821e+00 9.861275e-01 1.125477e-01 2.945800e-01 4.623674e-01 5.260512e-01 6.615269e-01 6.949193e-01 
3.268028e-02 5.729573e-01 5.341427e-01 2.493704e-01 5.282004e-01 1.638331e+00 1.057417e+00 1.246852e-01 3.182221e-01 4.833233e-01 5.509722e-01 6.929455e-01 7.291474e-01 
3.727594e-02 5.745661e-01 5.381439e-01 2.759646e-01 5.773057e-01 1.769605e+00 1.129825e+00 1.379823e-01 3.428279e-01 5.047688e-01 5.763797e-01 7.252811e-01 7.641670e-01 
4.251786e-02 5.762392e-01 5.423512e-01 3.051953e-01 6.302546e-01 1.908508e+00 1.204452e+00 1.525977e-01 3.687924e-01 5.269201e-01 6.022576e-01 7.584233e-01 8.004046e-01 
4.849693e-02 5.781115e-01 5.468980e-01 3.371699e-01 6.870551e-01 2.055182e+00 1.281276e+00 1.685850e-01 3.961482e-01 5.498661e-01 6.286130e-01 7.929116e-01 8.374446e-01 
5.531681e-02 5.800133e-01 5.516964e-01 3.721326e-01 7.479768e-01 2.210536e+00 1.361003e+00 1.860663e-01 4.251640e-01 5.734104e-01 6.555132e-01 8.282452e-01 8.754978e-01 
6.309573e-02 5.822331e-01 5.567835e-01 4.107591e-01 8.135799e-01 2.376128e+00 1.444394e+00 2.053795e-01 4.562492e-01 5.977487e-01 6.833362e-01 8.648798e-01 9.147941e-01 
7.196857e-02 5.847618e-01 5.619102e-01 4.530216e-01 8.839116e-01 2.552155e+00 1.531940e+00 2.265108e-01 4.894541e-01 6.228830e-01 7.117438e-01 9.026889e-01 9.548932e-01 
8.208914e-02 5.874469e-01 5.670973e-01 5.001576e-01 9.605857e-01 2.742489e+00 1.625343e+00 2.500788e-01 5.255953e-01 6.496558e-01 7.411586e-01 9.425943e-01 9.966375e-01 
9.363292e-02 5.903451e-01 5.721455e-01 5.519113e-01 1.043341e+00 2.947847e+00 1.725751e+00 2.759556e-01 5.648718e-01 6.778749e-01 7.714939e-01 9.839139e-01 1.040133e+00 
1.068000e-01 5.935741e-01 5.771547e-01 6.094132e-01 1.132835e+00 3.170101e+00 1.834481e+00 3.047066e-01 6.080339e-01 7.084192e-01 8.026207e-01 1.027023e+00 1.085897e+00 
1.218188e-01 5.967514e-01 5.822215e-01 6.731006e-01 1.230829e+00 3.411797e+00 1.951358e+00 3.365503e-01 6.551336e-01 7.408315e-01 8.349716e-01 1.072797e+00 1.133595e+00 
1.389495e-01 6.001666e-01 5.867165e-01 7.439960e-01 1.337710e+00 3.676839e+00 2.080657e+00 3.719980e-01 7.074429e-01 7.762251e-01 8.683194e-01 1.121148e+00 1.183632e+00 
1.584893e-01 6.040724e-01 5.913052e-01 8.212479e-01 1.453393e+00 3.963626e+00 2.219497e+00 4.106239e-01 7.641527e-01 8.137888e-01 9.022822e-01 1.171497e+00 1.235311e+00 
1.807769e-01 6.078835e-01 5.957879e-01 9.047205e-01 1.578791e+00 4.273212e+00 2.367082e+00 4.523602e-01 8.250848e-01 8.532434e-01 9.364993e-01 1.223673e+00 1.288345e+00 
2.061986e-01 6.113765e-01 6.004082e-01 9.942792e-01 1.714110e+00 4.605629e+00 2.523692e+00 4.971396e-01 8.901182e-01 8.941102e-01 9.710134e-01 1.278380e+00 1.341889e+00 
2.351953e-01 6.147776e-01 6.044207e-01 1.089344e+00 1.856997e+00 4.962551e+00 2.697349e+00 5.446722e-01 9.609300e-01 9.367927e-01 1.006345e+00 1.336125e+00 1.395207e+00 
2.682696e-01 6.184155e-01 6.076701e-01 1.190815e+00 2.007754e+00 5.342740e+00 2.886056e+00 5.954074e-01 1.037448e+00 9.808572e-01 1.042702e+00 1.396850e+00 1.447771e+00 
3.059950e-01 6.211713e-01 6.111597e-01 1.297325e+00 2.168313e+00 5.742476e+00 3.079781e+00 6.486627e-01 1.116985e+00 1.025502e+00 1.078190e+00 1.459728e+00 1.499078e+00 
3.490255e-01 6.229492e-01 6.145790e-01 1.401694e+00 2.328644e+00 6.136253e+00 3.265722e+00 7.008469e-01 1.193925e+00 1.069443e+00 1.109964e+00 1.523574e+00 1.544632e+00 
3.981072e-01 6.229710e-01 6.166524e-01 1.491661e+00 2.472654e+00 6.494981e+00 3.437884e+00 7.458305e-01 1.263074e+00 1.110788e+00 1.135171e+00 1.583536e+00 1.581022e+00 
4.540910e-01 6.219285e-01 6.171681e-01 1.555478e+00 2.578816e+00 6.763651e+00 3.568556e+00 7.777388e-01 1.314521e+00 1.145619e+00 1.149306e+00 1.630637e+00 1.604708e+00 
5.179475e-01 6.208526e-01 6.164471e-01 1.586912e+00 2.633414e+00 6.907653e+00 3.643760e+00 7.934560e-01 1.342001e+00 1.170784e+00 1.150926e+00 1.660235e+00 1.613363e+00 
5.907838e-01 6.207628e-01 6.150242e-01 1.580457e+00 2.620372e+00 6.888132e+00 3.646960e+00 7.902287e-01 1.339391e+00 1.183016e+00 1.136831e+00 1.665152e+00 1.604020e+00 
6.738627e-01 6.214703e-01 6.143401e-01 1.534660e+00 2.537241e+00 6.670087e+00 3.537012e+00 7.673301e-01 1.298979e+00 1.173451e+00 1.108627e+00 1.642033e+00 1.572467e+00 
7.686246e-01 6.219560e-01 6.141552e-01 1.445776e+00 2.387722e+00 6.276539e+00 3.330202e+00 7.228878e-01 1.223171e+00 1.132995e+00 1.074400e+00 1.583611e+00 1.524970e+00 
8.767124e-01 6.200849e-01 6.107013e-01 1.328841e+00 2.204330e+00 5.824772e+00 3.112980e+00 6.644206e-01 1.135332e+00 1.061699e+00 1.048338e+00 1.496277e+00 1.472173e+00 
