1.000000e-04 5.380394e-01 4.811419e-01 9.439021e-05 2.586768e-04 9.125512e-04 6.472286e-04 4.719510e-05 1.786562e-04 9.844588e-03 1.094666e-02 1.386069e-02 1.419784e-02 
1.140625e-04 5.380745e-01 4.810993e-01 1.223438e-04 3.354558e-04 1.183790e-03 8.397439e-04 6.117189e-05 2.317703e-04 1.121432e-02 1.246732e-02 1.579211e-02 1.616479e-02 
1.301025e-04 5.381891e-01 4.811051e-01 1.585809e-04 4.347381e-04 1.534457e-03 1.088586e-03 7.929047e-05 3.004618e-04 1.276700e-02 1.419662e-02 1.797657e-02 1.840736e-02 
1.483982e-04 5.381251e-01 4.809963e-01 2.054116e-04 5.630308e-04 1.988212e-03 1.410983e-03 1.027058e-04 3.894075e-04 1.453898e-02 1.616146e-02 2.047158e-02 2.095267e-02 
1.692667e-04 5.381738e-01 4.809544e-01 2.657342e-04 7.282239e-04 2.571681e-03 1.825105e-03 1.328671e-04 5.037054e-04 1.654239e-02 1.839172e-02 2.329069e-02 2.384148e-02 
1.930698e-04 5.381474e-01 4.809465e-01 3.433498e-04 9.417659e-04 3.324634e-03 2.359213e-03 1.716749e-04 6.510813e-04 1.881173e-02 2.091444e-02 2.648134e-02 2.711847e-02 
2.202202e-04 5.382163e-01 4.809357e-01 4.439380e-04 1.218034e-03 4.303199e-03 3.054633e-03 2.219690e-04 8.428548e-04 2.139830e-02 2.378626e-02 3.011797e-02 3.084126e-02 
2.511886e-04 5.382789e-01 4.808053e-01 5.726944e-04 1.570570e-03 5.554690e-03 3.945907e-03 2.863472e-04 1.088612e-03 2.432623e-02 2.703026e-02 3.422749e-02 3.504789e-02 
2.865120e-04 5.381729e-01 4.805776e-01 7.374092e-04 2.024901e-03 7.165950e-03 5.092202e-03 3.687046e-04 1.404489e-03 2.762891e-02 3.070897e-02 3.887480e-02 3.981014e-02 
3.268028e-04 5.384010e-01 4.805329e-01 9.497503e-04 2.605965e-03 9.227447e-03 6.559022e-03 4.748751e-04 1.809041e-03 3.137287e-02 3.486521e-02 4.413224e-02 4.519121e-02 
3.727594e-04 5.383323e-01 4.805033e-01 1.218795e-03 3.344346e-03 1.184596e-02 8.422692e-03 6.093974e-04 2.322898e-03 3.557317e-02 3.953135e-02 5.004448e-02 5.123277e-02 
4.251786e-04 5.384435e-01 4.802940e-01 1.562592e-03 4.292678e-03 1.522182e-02 1.082905e-02 7.812960e-04 2.985454e-03 4.033011e-02 4.482216e-02 5.672849e-02 5.807010e-02 
4.849693e-04 5.385539e-01 4.801505e-01 1.995555e-03 5.477781e-03 1.944285e-02 1.384045e-02 9.977777e-04 3.815487e-03 4.564651e-02 5.071221e-02 6.417393e-02 6.570771e-02 
5.531681e-04 5.384795e-01 4.799258e-01 2.543928e-03 6.989110e-03 2.483614e-02 1.769145e-02 1.271964e-03 4.875592e-03 5.162796e-02 5.736240e-02 7.255716e-02 7.432007e-02 
6.309573e-04 5.386776e-01 4.796461e-01 3.227016e-03 8.860803e-03 3.152176e-02 2.247213e-02 1.613508e-03 6.192209e-03 5.828934e-02 6.474029e-02 8.188484e-02 8.386002e-02 
7.196857e-04 5.388514e-01 4.794385e-01 4.081506e-03 1.118849e-02 3.987816e-02 2.846165e-02 2.040753e-03 7.841567e-03 6.571913e-02 7.298739e-02 9.228124e-02 9.452644e-02 
8.208914e-04 5.389708e-01 4.791648e-01 5.139796e-03 1.407491e-02 5.025572e-02 3.590028e-02 2.569898e-03 9.889657e-03 7.395823e-02 8.213223e-02 1.037999e-01 1.063473e-01 
9.363292e-04 5.391282e-01 4.788710e-01 6.430183e-03 1.757603e-02 6.285359e-02 4.494783e-02 3.215092e-03 1.238224e-02 8.298872e-02 9.215953e-02 1.164191e-01 1.192986e-01 
1.068000e-03 5.393957e-01 4.786923e-01 8.005139e-03 2.184159e-02 7.818645e-02 5.594331e-02 4.002570e-03 1.541241e-02 9.286265e-02 1.031252e-01 1.302309e-01 1.334460e-01 
1.218188e-03 5.399726e-01 4.786509e-01 9.880581e-03 2.682906e-02 9.628847e-02 6.900322e-02 4.940290e-03 1.901561e-02 1.034989e-01 1.149017e-01 1.450508e-01 1.486388e-01 
1.389495e-03 5.406174e-01 4.789677e-01 1.209054e-02 3.264433e-02 1.171687e-01 8.397125e-02 6.045272e-03 2.315879e-02 1.147542e-01 1.274266e-01 1.607865e-01 1.648105e-01 
1.584893e-03 5.416447e-01 4.796215e-01 1.465471e-02 3.929844e-02 1.410667e-01 1.010863e-01 7.327353e-03 2.790839e-02 1.266100e-01 1.406583e-01 1.773829e-01 1.818755e-01 
1.807769e-03 5.428854e-01 4.806506e-01 1.759886e-02 4.674333e-02 1.676230e-01 1.200467e-01 8.799429e-03 3.319577e-02 1.389017e-01 1.543404e-01 1.945992e-01 1.995531e-01 
2.061986e-03 5.443724e-01 4.820313e-01 2.094844e-02 5.510412e-02 1.971409e-01 1.409796e-01 1.047422e-02 3.906061e-02 1.515428e-01 1.685383e-01 2.124042e-01 2.178754e-01 
2.351953e-03 5.462067e-01 4.838025e-01 2.473647e-02 6.429439e-02 2.293120e-01 1.636971e-01 1.236823e-02 4.546362e-02 1.644576e-01 1.830303e-01 2.306610e-01 2.365687e-01 
2.682696e-03 5.481934e-01 4.860075e-01 2.896383e-02 7.438147e-02 2.637671e-01 1.876120e-01 1.448192e-02 5.226481e-02 1.774313e-01 1.977494e-01 2.491513e-01 2.556025e-01 
3.059950e-03 5.502236e-01 4.882845e-01 3.365911e-02 8.537169e-02 3.011899e-01 2.135834e-01 1.682956e-02 5.967572e-02 1.906709e-01 2.127399e-01 2.680236e-01 2.750179e-01 
3.490255e-03 5.520518e-01 4.907187e-01 3.885424e-02 9.756620e-02 3.416110e-01 2.410164e-01 1.942712e-02 6.756739e-02 2.040325e-01 2.280353e-01 2.873330e-01 2.948338e-01 
3.981072e-03 5.538888e-01 4.932017e-01 4.460628e-02 1.107145e-01 3.849544e-01 2.704322e-01 2.230314e-02 7.607264e-02 2.176688e-01 2.436265e-01 3.070230e-01 3.150698e-01 
4.540910e-03 5.556287e-01 4.957385e-01 5.089053e-02 1.251138e-01 4.316392e-01 3.016937e-01 2.544527e-02 8.515796e-02 2.314650e-01 2.595324e-01 3.271706e-01 3.356631e-01 
5.179475e-03 5.572190e-01 4.983024e-01 5.781170e-02 1.408851e-01 4.820853e-01 3.351146e-01 2.890585e-02 9.492788e-02 2.456153e-01 2.759144e-01 3.479125e-01 3.569651e-01 
5.907838e-03 5.585272e-01 5.007583e-01 6.538737e-02 1.579687e-01 5.360426e-01 3.704596e-01 3.269369e-02 1.053239e-01 2.600359e-01 2.926994e-01 3.690907e-01 3.788902e-01 
6.738627e-03 5.598548e-01 5.033221e-01 7.370963e-02 1.765870e-01 5.943722e-01 4.084608e-01 3.685481e-02 1.165520e-01 2.748854e-01 3.098882e-01 3.910833e-01 4.012369e-01 
7.686246e-03 5.610942e-01 5.057875e-01 8.286209e-02 1.969585e-01 6.568412e-01 4.485041e-01 4.143105e-02 1.284852e-01 2.900770e-01 3.277150e-01 4.138360e-01 4.243916e-01 
8.767124e-03 5.620440e-01 5.081718e-01 9.291419e-02 2.192150e-01 7.247923e-01 4.918245e-01 4.645709e-02 1.414410e-01 3.057737e-01 3.462152e-01 4.374138e-01 4.484539e-01 
1.000000e-02 5.630049e-01 5.107548e-01 1.038783e-01 2.432317e-01 7.970487e-01 5.373354e-01 5.193917e-02 1.551588e-01 3.218558e-01 3.651801e-01 4.616519e-01 4.732271e-01 
1.140625e-02 5.640446e-01 5.132650e-01 1.159066e-01 2.690842e-01 8.741813e-01 5.855684e-01 5.795330e-02 1.698157e-01 3.384764e-01 3.845989e-01 4.868307e-01 4.984891e-01 
1.301025e-02 5.651033e-01 5.160356e-01 1.292969e-01 2.975277e-01 9.578279e-01 6.371159e-01 6.464846e-02 1.856419e-01 3.556215e-01 4.049012e-01 5.128982e-01 5.250980e-01 
1.483982e-02 5.659138e-01 5.186985e-01 1.437990e-01 3.279592e-01 1.046403e+00 6.911955e-01 7.189948e-02 2.023681e-01 3.732236e-01 4.256617e-01 5.400863e-01 5.519911e-01 
1.692667e-02 5.669510e-01 5.217075e-01 1.598254e-01 3.610599e-01 1.141198e+00 7.480264e-01 7.991271e-02 2.201740e-01 3.915317e-01 4.470382e-01 5.681164e-01 5.801423e-01 
1.930698e-02 5.680462e-01 5.247326e-01 1.773291e-01 3.965052e-01 1.241328e+00 8.074215e-01 8.866454e-02 2.390115e-01 4.102482e-01 4.690357e-01 5.973095e-01 6.086864e-01 
2.202202e-02 5.693487e-01 5.279172e-01 1.965875e-01 4.346837e-01 1.347840e+00 8.696180e-01 9.829376e-02 2.590162e-01 4.295835e-01 4.916248e-01 6.275560e-01 6.380776e-01 
2.511886e-02 5.706267e-01 5.312095e-01 2.176527e-01 4.755865e-01 1.461383e+00 9.354555e-01 1.088264e-01 2.804168e-01 4.496208e-01 5.148805e-01 6.586920e-01 6.685895e-01 
2.865120e-02 5.720615e-01 5.347769e-01 2.406555e-01 5.190146e-01 1.579845e+00 1.002723e+00 1.203278e-01 3.027307e-01 4.700849e-01 5.385334e-01 6.905189e-01 6.997727e-01 
3.268028e-02 5.736206e-01 5.384194e-01 2.659424e-01 5.653983e-01 1.705512e+00 1.073654e+00 1.329712e-01 3.266078e-01 4.912684e-01 5.627704e-01 7.233554e-01 7.318813e-01 
3.727594e-02 5.756562e-01 5.424003e-01 2.935610e-01 6.144448e-01 1.837454e+00 1.147600e+00 1.467805e-01 3.518793e-01 5.131805e-01 5.875528e-01 7.573099e-01 7.646299e-01 
4.251786e-02 5.774057e-01 5.465336e-01 3.237666e-01 6.673633e-01 1.977411e+00 1.223756e+00 1.618833e-01 3.785363e-01 5.358673e-01 6.128922e-01 7.919996e-01 7.989663e-01 
4.849693e-02 5.796149e-01 5.509278e-01 3.566166e-01 7.229798e-01 2.122879e+00 1.301704e+00 1.783083e-01 4.064341e-01 5.592242e-01 6.384765e-01 8.272538e-01 8.340372e-01 
5.531681e-02 5.820781e-01 5.554497e-01 3.921543e-01 7.816743e-01 2.273592e+00 1.380076e+00 1.960772e-01 4.352983e-01 5.833457e-01 6.639299e-01 8.628982e-01 8.698295e-01 
6.309573e-02 5.848268e-01 5.598931e-01 4.308325e-01 8.442623e-01 2.434829e+00 1.464047e+00 2.154162e-01 4.665071e-01 6.086136e-01 6.897615e-01 8.987136e-01 9.073483e-01 
7.196857e-02 5.878122e-01 5.647663e-01 4.730247e-01 9.109866e-01 2.604604e+00 1.550409e+00 2.365123e-01 4.994481e-01 6.348808e-01 7.156924e-01 9.350850e-01 9.460713e-01 
8.208914e-02 5.909417e-01 5.696535e-01 5.190309e-01 9.826822e-01 2.784062e+00 1.639051e+00 2.595154e-01 5.342483e-01 6.622278e-01 7.420036e-01 9.722691e-01 9.863108e-01 
9.363292e-02 5.942356e-01 5.745828e-01 5.694994e-01 1.059424e+00 2.974705e+00 1.732579e+00 2.847497e-01 5.716400e-01 6.910502e-01 7.686584e-01 1.010676e+00 1.027734e+00 
1.068000e-01 5.976164e-01 5.792841e-01 6.254215e-01 1.143329e+00 3.182453e+00 1.833990e+00 3.127108e-01 6.126950e-01 7.215282e-01 7.963984e-01 1.050267e+00 1.071645e+00 
1.218188e-01 6.014226e-01 5.839234e-01 6.876758e-01 1.234935e+00 3.410564e+00 1.946383e+00 3.438379e-01 6.583475e-01 7.539235e-01 8.255943e-01 1.091323e+00 1.118356e+00 
1.389495e-01 6.051465e-01 5.883993e-01 7.556346e-01 1.335003e+00 3.660709e+00 2.070285e+00 3.778173e-01 7.085101e-01 7.875463e-01 8.565548e-01 1.134233e+00 1.167368e+00 
1.584893e-01 6.082811e-01 5.926940e-01 8.291122e-01 1.444651e+00 3.933231e+00 2.203842e+00 4.145561e-01 7.628111e-01 8.229577e-01 8.883918e-01 1.178895e+00 1.218903e+00 
1.807769e-01 6.110418e-01 5.966329e-01 9.074027e-01 1.562316e+00 4.224359e+00 2.344816e+00 4.537013e-01 8.205727e-01 8.597783e-01 9.206427e-01 1.225350e+00 1.271480e+00 
2.061986e-01 6.131292e-01 6.005315e-01 9.907921e-01 1.689311e+00 4.537982e+00 2.493896e+00 4.953961e-01 8.820298e-01 8.981317e-01 9.537478e-01 1.276155e+00 1.323809e+00 
2.351953e-01 6.149897e-01 6.042680e-01 1.078989e+00 1.823847e+00 4.870190e+00 2.649416e+00 5.394945e-01 9.468308e-01 9.382054e-01 9.871608e-01 1.330321e+00 1.375632e+00 
2.682696e-01 6.169203e-01 6.077813e-01 1.172480e+00 1.966213e+00 5.219369e+00 2.809823e+00 5.862402e-01 1.014729e+00 9.813492e-01 1.019132e+00 1.388703e+00 1.425538e+00 
3.059950e-01 6.191770e-01 6.113846e-01 1.267128e+00 2.106327e+00 5.559435e+00 2.963291e+00 6.335640e-01 1.081483e+00 1.024892e+00 1.047226e+00 1.446563e+00 1.471000e+00 
3.490255e-01 6.220486e-01 6.147599e-01 1.358912e+00 2.235856e+00 5.871408e+00 3.103235e+00 6.794561e-01 1.144748e+00 1.066044e+00 1.071453e+00 1.500383e+00 1.510326e+00 
3.981072e-01 6.259480e-01 6.192166e-01 1.446145e+00 2.351998e+00 6.143601e+00 3.216964e+00 7.230725e-01 1.201348e+00 1.103457e+00 1.090939e+00 1.550107e+00 1.541843e+00 
4.540910e-01 6.297260e-01 6.235968e-01 1.518765e+00 2.443123e+00 6.361770e+00 3.310977e+00 7.593823e-01 1.248548e+00 1.133253e+00 1.105073e+00 1.593185e+00 1.560838e+00 
5.179475e-01 6.324231e-01 6.274265e-01 1.567951e+00 2.502877e+00 6.501916e+00 3.368223e+00 7.839755e-01 1.278996e+00 1.152452e+00 1.112972e+00 1.625404e+00 1.567536e+00 
5.907838e-01 6.338386e-01 6.279406e-01 1.579097e+00 2.510961e+00 6.516139e+00 3.370894e+00 7.895487e-01 1.283534e+00 1.157995e+00 1.110567e+00 1.635801e+00 1.560788e+00 
6.738627e-01 6.334521e-01 6.262262e-01 1.548000e+00 2.458108e+00 6.391008e+00 3.321136e+00 7.739998e-01 1.261077e+00 1.144677e+00 1.098736e+00 1.619600e+00 1.539468e+00 
7.686246e-01 6.319779e-01 6.236496e-01 1.464785e+00 2.333664e+00 6.093082e+00 3.189241e+00 7.323923e-01 1.202815e+00 1.108875e+00 1.072181e+00 1.566698e+00 1.502423e+00 
8.767124e-01 6.273291e-01 6.181012e-01 1.332357e+00 2.151915e+00 5.646118e+00 2.977494e+00 6.661785e-01 1.110157e+00 1.049126e+00 1.033912e+00 1.482596e+00 1.447492e+00 
