1.000000e-04 5.457874e-01 4.807782e-01 8.090871e-05 2.135421e-04 7.760721e-04 5.604926e-04 4.045435e-05 1.545587e-04 9.331048e-03 9.991079e-03 1.278286e-02 1.313015e-02 
1.140625e-04 5.458800e-01 4.806597e-01 1.049270e-04 2.765068e-04 1.005255e-03 7.262987e-04 5.246352e-05 2.003057e-04 1.062849e-02 1.137895e-02 1.456398e-02 1.494738e-02 
1.301025e-04 5.458837e-01 4.808626e-01 1.361142e-04 3.589637e-04 1.304477e-03 9.422416e-04 6.805708e-05 2.598548e-04 1.210313e-02 1.295939e-02 1.658649e-02 1.702435e-02 
1.483982e-04 5.457572e-01 4.805925e-01 1.762779e-04 4.650263e-04 1.691729e-03 1.222606e-03 8.813893e-05 3.370958e-04 1.378389e-02 1.475631e-02 1.888319e-02 1.938632e-02 
1.692667e-04 5.459547e-01 4.805924e-01 2.282167e-04 6.022928e-04 2.190459e-03 1.583020e-03 1.141083e-04 4.364435e-04 1.569266e-02 1.679543e-02 2.150155e-02 2.206080e-02 
1.930698e-04 5.459609e-01 4.806081e-01 2.955105e-04 7.785677e-04 2.834664e-03 2.049581e-03 1.477553e-04 5.651132e-04 1.785672e-02 1.911048e-02 2.445330e-02 2.510907e-02 
2.202202e-04 5.459628e-01 4.805563e-01 3.817494e-04 1.006475e-03 3.665414e-03 2.650728e-03 1.908747e-04 7.307464e-04 2.031054e-02 2.173731e-02 2.781627e-02 2.855609e-02 
2.511886e-04 5.461158e-01 4.805746e-01 4.932315e-04 1.299939e-03 4.738198e-03 3.428676e-03 2.466157e-04 9.451142e-04 2.309435e-02 2.471169e-02 3.161943e-02 3.246373e-02 
2.865120e-04 5.460882e-01 4.804583e-01 6.361596e-04 1.676607e-03 6.110707e-03 4.421071e-03 3.180798e-04 1.218694e-03 2.624691e-02 2.808043e-02 3.593847e-02 3.688440e-02 
3.268028e-04 5.462920e-01 4.804522e-01 8.199289e-04 2.158720e-03 7.878183e-03 5.703985e-03 4.099644e-04 1.572188e-03 2.980867e-02 3.189694e-02 4.079966e-02 4.189955e-02 
3.727594e-04 5.463522e-01 4.803910e-01 1.054138e-03 2.774281e-03 1.012861e-02 7.335038e-03 5.270691e-04 2.021768e-03 3.383494e-02 3.619589e-02 4.630309e-02 4.754028e-02 
4.251786e-04 5.463951e-01 4.802408e-01 1.353204e-03 3.561341e-03 1.301623e-02 9.432983e-03 6.766021e-04 2.599427e-03 3.837902e-02 4.104054e-02 5.249526e-02 5.391335e-02 
4.849693e-04 5.465084e-01 4.801828e-01 1.736360e-03 4.566299e-03 1.669633e-02 1.209994e-02 8.681799e-04 3.334545e-03 4.350541e-02 4.652021e-02 5.948576e-02 6.111695e-02 
5.531681e-04 5.467080e-01 4.801210e-01 2.216487e-03 5.820405e-03 2.131032e-02 1.545861e-02 1.108243e-03 4.259918e-03 4.922565e-02 5.262966e-02 6.729456e-02 6.912762e-02 
6.309573e-04 5.468588e-01 4.799519e-01 2.825882e-03 7.406907e-03 2.715444e-02 1.971524e-02 1.412941e-03 5.432572e-03 5.567401e-02 5.950910e-02 7.607867e-02 7.814804e-02 
7.196857e-04 5.470803e-01 4.798996e-01 3.585009e-03 9.380294e-03 3.441695e-02 2.499287e-02 1.792505e-03 6.888248e-03 6.281894e-02 6.713051e-02 8.581823e-02 8.814918e-02 
8.208914e-04 5.474083e-01 4.798251e-01 4.536407e-03 1.184037e-02 4.351474e-02 3.163832e-02 2.268203e-03 8.719497e-03 7.083316e-02 7.565460e-02 9.669822e-02 9.934656e-02 
9.363292e-04 5.476655e-01 4.798507e-01 5.707106e-03 1.483478e-02 5.466186e-02 3.979455e-02 2.853553e-03 1.096939e-02 7.964494e-02 8.503752e-02 1.086554e-01 1.116665e-01 
1.068000e-03 5.481511e-01 4.798697e-01 7.149050e-03 1.850941e-02 6.824624e-02 4.970634e-02 3.574525e-03 1.370761e-02 8.928075e-02 9.533173e-02 1.217844e-01 1.251319e-01 
1.218188e-03 5.486885e-01 4.799593e-01 8.876101e-03 2.284625e-02 8.432242e-02 6.145567e-02 4.438050e-03 1.695835e-02 9.970403e-02 1.064198e-01 1.358941e-01 1.397156e-01 
1.389495e-03 5.495257e-01 4.804793e-01 1.093305e-02 2.792342e-02 1.032179e-01 7.528667e-02 5.466524e-03 2.079299e-02 1.108573e-01 1.183043e-01 1.510384e-01 1.552902e-01 
1.584893e-03 5.507974e-01 4.812977e-01 1.334819e-02 3.377105e-02 1.247516e-01 9.097247e-02 6.674094e-03 2.516226e-02 1.226571e-01 1.308405e-01 1.670556e-01 1.717423e-01 
1.807769e-03 5.521205e-01 4.824984e-01 1.615688e-02 4.040109e-02 1.492102e-01 1.087924e-01 8.078439e-03 3.014453e-02 1.349743e-01 1.440007e-01 1.837686e-01 1.890673e-01 
2.061986e-03 5.536960e-01 4.839248e-01 1.937229e-02 4.782239e-02 1.762385e-01 1.283654e-01 9.686143e-03 3.564818e-02 1.476889e-01 1.575398e-01 2.010698e-01 2.068890e-01 
2.351953e-03 5.554902e-01 4.858597e-01 2.301916e-02 5.604860e-02 2.058306e-01 1.496349e-01 1.150958e-02 4.167017e-02 1.607160e-01 1.714998e-01 2.189450e-01 2.252233e-01 
2.682696e-03 5.576164e-01 4.881765e-01 2.710542e-02 6.506985e-02 2.379136e-01 1.725432e-01 1.355271e-02 4.819831e-02 1.738881e-01 1.856561e-01 2.369291e-01 2.439927e-01 
3.059950e-03 5.597828e-01 4.907259e-01 3.165341e-02 7.491186e-02 2.722360e-01 1.967809e-01 1.582671e-02 5.516327e-02 1.872322e-01 2.000274e-01 2.553384e-01 2.629866e-01 
3.490255e-03 5.617712e-01 4.932754e-01 3.674256e-02 8.575545e-02 3.095814e-01 2.229267e-01 1.837128e-02 6.272430e-02 2.008274e-01 2.147624e-01 2.741969e-01 2.824896e-01 
3.981072e-03 5.637341e-01 4.959783e-01 4.228927e-02 9.744783e-02 3.491670e-01 2.503391e-01 2.114463e-02 7.070762e-02 2.144618e-01 2.296078e-01 2.931681e-01 3.022410e-01 
4.540910e-03 5.657364e-01 4.988769e-01 4.842971e-02 1.102300e-01 3.915850e-01 2.793620e-01 2.421485e-02 7.923042e-02 2.283848e-01 2.447077e-01 3.125748e-01 3.224359e-01 
5.179475e-03 5.674018e-01 5.015307e-01 5.516449e-02 1.241591e-01 4.375591e-01 3.106661e-01 2.758224e-02 8.845246e-02 2.425556e-01 2.602657e-01 3.325440e-01 3.431044e-01 
5.907838e-03 5.689679e-01 5.042822e-01 6.257233e-02 1.393861e-01 4.871346e-01 3.441397e-01 3.128617e-02 9.837215e-02 2.570819e-01 2.763005e-01 3.529621e-01 3.645918e-01 
6.738627e-03 5.705258e-01 5.069700e-01 7.068706e-02 1.559097e-01 5.399928e-01 3.792856e-01 3.534353e-02 1.088791e-01 2.718565e-01 2.926120e-01 3.738386e-01 3.865028e-01 
7.686246e-03 5.718684e-01 5.097206e-01 7.962838e-02 1.740380e-01 5.972707e-01 4.171455e-01 3.981419e-02 1.202536e-01 2.870642e-01 3.095895e-01 3.956042e-01 4.091714e-01 
8.767124e-03 5.730725e-01 5.124457e-01 8.936192e-02 1.934843e-01 6.579017e-01 4.566780e-01 4.468096e-02 1.322452e-01 3.025348e-01 3.269459e-01 4.177111e-01 4.325119e-01 
1.000000e-02 5.740776e-01 5.150792e-01 1.001294e-01 2.151307e-01 7.246202e-01 4.997829e-01 5.006469e-02 1.453608e-01 3.186533e-01 3.450669e-01 4.408275e-01 4.569687e-01 
1.140625e-02 5.753883e-01 5.179121e-01 1.120277e-01 2.385158e-01 7.958244e-01 5.453705e-01 5.601386e-02 1.593801e-01 3.353022e-01 3.637082e-01 4.645996e-01 4.822788e-01 
1.301025e-02 5.765879e-01 5.209128e-01 1.250268e-01 2.639408e-01 8.718336e-01 5.932163e-01 6.251341e-02 1.742337e-01 3.521629e-01 3.830180e-01 4.890574e-01 5.084177e-01 
1.483982e-02 5.775516e-01 5.237672e-01 1.394391e-01 2.918971e-01 9.548963e-01 6.451747e-01 6.971954e-02 1.904686e-01 3.698166e-01 4.032195e-01 5.147529e-01 5.357251e-01 
1.692667e-02 5.787677e-01 5.266456e-01 1.552808e-01 3.222208e-01 1.043815e+00 7.001481e-01 7.764041e-02 2.078138e-01 3.880377e-01 4.241656e-01 5.414673e-01 5.639189e-01 
1.930698e-02 5.799495e-01 5.297469e-01 1.727091e-01 3.550654e-01 1.139088e+00 7.583793e-01 8.635457e-02 2.263864e-01 4.067562e-01 4.459365e-01 5.691571e-01 5.931857e-01 
2.202202e-02 5.810145e-01 5.327870e-01 1.919358e-01 3.910763e-01 1.242116e+00 8.205135e-01 9.596788e-02 2.463918e-01 4.260729e-01 4.686616e-01 5.979701e-01 6.237284e-01 
2.511886e-02 5.822151e-01 5.360342e-01 2.131128e-01 4.302319e-01 1.353486e+00 8.871455e-01 1.065564e-01 2.680214e-01 4.461613e-01 4.924073e-01 6.282127e-01 6.554341e-01 
2.865120e-02 5.831669e-01 5.393230e-01 2.364386e-01 4.731492e-01 1.473205e+00 9.570402e-01 1.182193e-01 2.910726e-01 4.669165e-01 5.171990e-01 6.597145e-01 6.886722e-01 
3.268028e-02 5.843892e-01 5.427334e-01 2.623185e-01 5.198117e-01 1.602803e+00 1.032189e+00 1.311593e-01 3.161152e-01 4.886270e-01 5.430968e-01 6.926315e-01 7.233886e-01 
3.727594e-02 5.855001e-01 5.460898e-01 2.904291e-01 5.705153e-01 1.740918e+00 1.110560e+00 1.452146e-01 3.425669e-01 5.107875e-01 5.699810e-01 7.270041e-01 7.590501e-01 
4.251786e-02 5.865522e-01 5.496518e-01 3.219382e-01 6.268276e-01 1.892867e+00 1.195314e+00 1.609691e-01 3.715776e-01 5.339650e-01 5.985296e-01 7.631119e-01 7.970516e-01 
4.849693e-02 5.874832e-01 5.532543e-01 3.565358e-01 6.889763e-01 2.058107e+00 1.285602e+00 1.782679e-01 4.028252e-01 5.579337e-01 6.285351e-01 8.013604e-01 8.365036e-01 
5.531681e-02 5.885182e-01 5.568721e-01 3.946091e-01 7.570650e-01 2.238044e+00 1.382932e+00 1.973045e-01 4.368140e-01 5.828054e-01 6.600941e-01 8.412052e-01 8.779701e-01 
6.309573e-02 5.894291e-01 5.604889e-01 4.370848e-01 8.331211e-01 2.435770e+00 1.487521e+00 2.185424e-01 4.738599e-01 6.085177e-01 6.937796e-01 8.833465e-01 9.217822e-01 
7.196857e-02 5.905692e-01 5.642522e-01 4.843109e-01 9.172000e-01 2.652470e+00 1.600330e+00 2.421554e-01 5.143510e-01 6.356147e-01 7.291731e-01 9.278653e-01 9.677849e-01 
8.208914e-02 5.915059e-01 5.680058e-01 5.367707e-01 1.010417e+00 2.890512e+00 1.722335e+00 2.683854e-01 5.586698e-01 6.636738e-01 7.667150e-01 9.747466e-01 1.016143e+00 
9.363292e-02 5.925384e-01 5.716472e-01 5.945588e-01 1.113272e+00 3.152016e+00 1.855216e+00 2.972794e-01 6.071606e-01 6.926464e-01 8.067399e-01 1.023990e+00 1.067127e+00 
1.068000e-01 5.934128e-01 5.752493e-01 6.591325e-01 1.228111e+00 3.440640e+00 1.999114e+00 3.295663e-01 6.603491e-01 7.232311e-01 8.489798e-01 1.076682e+00 1.120563e+00 
1.218188e-01 5.941305e-01 5.790191e-01 7.299685e-01 1.355128e+00 3.755694e+00 2.152570e+00 3.649842e-01 7.178323e-01 7.547460e-01 8.933715e-01 1.132413e+00 1.176050e+00 
1.389495e-01 5.947949e-01 5.826868e-01 8.082804e-01 1.495344e+00 4.101414e+00 2.319698e+00 4.041402e-01 7.809643e-01 7.878068e-01 9.400772e-01 1.192548e+00 1.232919e+00 
1.584893e-01 5.952232e-01 5.861672e-01 8.937770e-01 1.649253e+00 4.478414e+00 2.498826e+00 4.468885e-01 8.492336e-01 8.224489e-01 9.883802e-01 1.256132e+00 1.291310e+00 
1.807769e-01 5.955838e-01 5.898689e-01 9.863661e-01 1.816095e+00 4.887247e+00 2.691163e+00 4.931831e-01 9.228537e-01 8.579760e-01 1.038648e+00 1.322970e+00 1.350940e+00 
2.061986e-01 5.956636e-01 5.933141e-01 1.084143e+00 1.992648e+00 5.316134e+00 2.887408e+00 5.420716e-01 9.991649e-01 8.938022e-01 1.089047e+00 1.391119e+00 1.410570e+00 
2.351953e-01 5.958727e-01 5.970329e-01 1.186628e+00 2.176645e+00 5.754600e+00 3.079685e+00 5.933142e-01 1.076275e+00 9.292045e-01 1.138274e+00 1.459208e+00 1.468964e+00 
2.682696e-01 5.966676e-01 6.016716e-01 1.290494e+00 2.356580e+00 6.173393e+00 3.253973e+00 6.452468e-01 1.150538e+00 9.620798e-01 1.184686e+00 1.524262e+00 1.523092e+00 
3.059950e-01 5.982631e-01 6.072090e-01 1.387993e+00 2.517931e+00 6.536274e+00 3.391042e+00 6.939965e-01 1.215139e+00 9.895565e-01 1.225217e+00 1.582674e+00 1.567878e+00 
3.490255e-01 6.009388e-01 6.128888e-01 1.472385e+00 2.643260e+00 6.812719e+00 3.486190e+00 7.361927e-01 1.266439e+00 1.010592e+00 1.256818e+00 1.629210e+00 1.600626e+00 
3.981072e-01 6.045639e-01 6.179453e-01 1.536698e+00 2.724587e+00 6.984313e+00 3.537194e+00 7.683489e-01 1.300887e+00 1.025154e+00 1.276585e+00 1.659741e+00 1.621115e+00 
4.540910e-01 6.091243e-01 6.208966e-01 1.575901e+00 2.752426e+00 7.040605e+00 3.552701e+00 7.879504e-01 1.318209e+00 1.035173e+00 1.282188e+00 1.672266e+00 1.628766e+00 
5.179475e-01 6.126311e-01 6.231925e-01 1.582985e+00 2.730458e+00 6.984741e+00 3.523708e+00 7.914926e-01 1.314897e+00 1.037811e+00 1.273701e+00 1.664620e+00 1.625117e+00 
5.907838e-01 6.149978e-01 6.239607e-01 1.557110e+00 2.667628e+00 6.845725e+00 3.474613e+00 7.785550e-01 1.294679e+00 1.034783e+00 1.254761e+00 1.641414e+00 1.613103e+00 
6.738627e-01 6.164147e-01 6.222329e-01 1.497412e+00 2.560565e+00 6.605851e+00 3.394954e+00 7.487060e-01 1.255115e+00 1.025130e+00 1.224457e+00 1.607109e+00 1.585181e+00 
7.686246e-01 6.140856e-01 6.170321e-01 1.403712e+00 2.418367e+00 6.284168e+00 3.271903e+00 7.018558e-01 1.195392e+00 1.000872e+00 1.185978e+00 1.558684e+00 1.539971e+00 
8.767124e-01 6.087374e-01 6.104900e-01 1.309578e+00 2.286710e+00 5.962593e+00 3.116328e+00 6.547888e-01 1.129429e+00 9.614090e-01 1.152109e+00 1.502623e+00 1.491198e+00 
