1.000000e-04 5.380926e-01 4.789865e-01 9.140614e-05 2.489882e-04 8.995945e-04 6.476069e-04 4.570307e-05 1.780651e-04 9.832726e-03 1.078317e-02 1.377031e-02 1.396973e-02 
1.140625e-04 5.381523e-01 4.789579e-01 1.184040e-04 3.224357e-04 1.164661e-03 8.383571e-04 5.920201e-05 2.305424e-04 1.119325e-02 1.227484e-02 1.567602e-02 1.590180e-02 
1.301025e-04 5.381788e-01 4.789363e-01 1.534964e-04 4.181806e-04 1.511295e-03 1.088060e-03 7.674822e-05 2.991708e-04 1.274771e-02 1.397965e-02 1.785405e-02 1.810650e-02 
1.483982e-04 5.382059e-01 4.789227e-01 1.987269e-04 5.416153e-04 1.957312e-03 1.409272e-03 9.936344e-05 3.874723e-04 1.451356e-02 1.591165e-02 2.031579e-02 2.061908e-02 
1.692667e-04 5.381510e-01 4.788809e-01 2.574471e-04 7.019108e-04 2.537444e-03 1.827463e-03 1.287235e-04 5.023636e-04 1.651979e-02 1.811820e-02 2.312996e-02 2.347057e-02 
1.930698e-04 5.382678e-01 4.787846e-01 3.330538e-04 9.076815e-04 3.281207e-03 2.362483e-03 1.665269e-04 6.495259e-04 1.879341e-02 2.061156e-02 2.631794e-02 2.669428e-02 
2.202202e-04 5.382387e-01 4.787258e-01 4.300476e-04 1.171725e-03 4.240210e-03 3.055347e-03 2.150238e-04 8.398243e-04 2.137169e-02 2.343343e-02 2.991040e-02 3.035744e-02 
2.511886e-04 5.382994e-01 4.786139e-01 5.554982e-04 1.515456e-03 5.485832e-03 3.953938e-03 2.777491e-04 1.086610e-03 2.430373e-02 2.664317e-02 3.401393e-02 3.450784e-02 
2.865120e-04 5.381996e-01 4.784353e-01 7.156103e-04 1.951670e-03 7.074421e-03 5.102717e-03 3.578051e-04 1.402039e-03 2.761203e-02 3.027327e-02 3.864269e-02 3.919727e-02 
3.268028e-04 5.383125e-01 4.783771e-01 9.207602e-04 2.509083e-03 9.100636e-03 6.566508e-03 4.603801e-04 1.804140e-03 3.134974e-02 3.435909e-02 4.386122e-02 4.448986e-02 
3.727594e-04 5.384194e-01 4.782301e-01 1.182773e-03 3.223928e-03 1.170443e-02 8.450308e-03 5.913865e-04 2.321280e-03 3.556278e-02 3.897477e-02 4.973844e-02 5.046521e-02 
4.251786e-04 5.383943e-01 4.780118e-01 1.515437e-03 4.130898e-03 1.500849e-02 1.084059e-02 7.577184e-04 2.977390e-03 4.031737e-02 4.417808e-02 5.636435e-02 5.720639e-02 
4.849693e-04 5.384640e-01 4.778444e-01 1.939204e-03 5.287021e-03 1.923026e-02 1.389599e-02 9.696022e-04 3.816102e-03 4.567448e-02 5.003065e-02 6.383960e-02 6.477721e-02 
5.531681e-04 5.385063e-01 4.776092e-01 2.471864e-03 6.744085e-03 2.456190e-02 1.776212e-02 1.235932e-03 4.876245e-03 5.168177e-02 5.659811e-02 7.219485e-02 7.327816e-02 
6.309573e-04 5.386903e-01 4.774035e-01 3.143779e-03 8.563683e-03 3.123590e-02 2.261259e-02 1.571889e-03 6.207245e-03 5.836871e-02 6.393337e-02 8.152030e-02 8.274187e-02 
7.196857e-04 5.386960e-01 4.770054e-01 3.974675e-03 1.082551e-02 3.955636e-02 2.866184e-02 1.987337e-03 7.865896e-03 6.583180e-02 7.208682e-02 9.190407e-02 9.327361e-02 
8.208914e-04 5.387832e-01 4.766961e-01 5.013944e-03 1.362605e-02 4.989746e-02 3.620193e-02 2.506972e-03 9.933817e-03 7.414963e-02 8.116824e-02 1.034414e-01 1.050105e-01 
9.363292e-04 5.390688e-01 4.763859e-01 6.281804e-03 1.704355e-02 6.254051e-02 4.542825e-02 3.140902e-03 1.246476e-02 8.326369e-02 9.111818e-02 1.160349e-01 1.179014e-01 
1.068000e-03 5.393927e-01 4.762302e-01 7.828303e-03 2.117309e-02 7.787740e-02 5.664614e-02 3.914151e-03 1.554344e-02 9.324234e-02 1.020272e-01 1.298836e-01 1.319647e-01 
1.218188e-03 5.399047e-01 4.762321e-01 9.681304e-03 2.608254e-02 9.609752e-02 6.996918e-02 4.840652e-03 1.920407e-02 1.039919e-01 1.137637e-01 1.447986e-01 1.470862e-01 
1.389495e-03 5.405707e-01 4.763808e-01 1.186920e-02 3.176563e-02 1.172650e-01 8.547510e-02 5.934598e-03 2.347418e-02 1.154588e-01 1.262884e-01 1.606749e-01 1.632434e-01 
1.584893e-03 5.414809e-01 4.768933e-01 1.441151e-02 3.830141e-02 1.414457e-01 1.031201e-01 7.205757e-03 2.834577e-02 1.275110e-01 1.394966e-01 1.773846e-01 1.802919e-01 
1.807769e-03 5.425941e-01 4.776858e-01 1.733751e-02 4.563920e-02 1.685853e-01 1.229444e-01 8.668754e-03 3.383884e-02 1.400948e-01 1.532624e-01 1.948564e-01 1.980331e-01 
2.061986e-03 5.441642e-01 4.789021e-01 2.067470e-02 5.384278e-02 1.986487e-01 1.447829e-01 1.033735e-02 3.991843e-02 1.530394e-01 1.674945e-01 2.128609e-01 2.163922e-01 
2.351953e-03 5.457419e-01 4.805389e-01 2.446025e-02 6.294723e-02 2.316378e-01 1.685951e-01 1.223012e-02 4.658535e-02 1.663109e-01 1.820717e-01 2.314109e-01 2.352327e-01 
2.682696e-03 5.477634e-01 4.824712e-01 2.869418e-02 7.296660e-02 2.676812e-01 1.944947e-01 1.434709e-02 5.386729e-02 1.798179e-01 1.970160e-01 2.504031e-01 2.544630e-01 
3.059950e-03 5.495693e-01 4.844605e-01 3.336115e-02 8.383325e-02 3.061522e-01 2.219232e-01 1.668057e-02 6.162344e-02 1.933890e-01 2.120859e-01 2.695434e-01 2.739529e-01 
3.490255e-03 5.514476e-01 4.866840e-01 3.857143e-02 9.587718e-02 3.482574e-01 2.516725e-01 1.928572e-02 7.007254e-02 2.073123e-01 2.276491e-01 2.893205e-01 2.940494e-01 
3.981072e-03 5.532341e-01 4.890732e-01 4.427913e-02 1.087434e-01 3.926563e-01 2.828337e-01 2.213957e-02 7.898407e-02 2.212980e-01 2.432471e-01 3.092420e-01 3.142664e-01 
4.540910e-03 5.548688e-01 4.913890e-01 5.054800e-02 1.229412e-01 4.409694e-01 3.164117e-01 2.527400e-02 8.862396e-02 2.355715e-01 2.593236e-01 3.296675e-01 3.351528e-01 
5.179475e-03 5.565066e-01 4.938019e-01 5.749213e-02 1.383787e-01 4.930003e-01 3.523366e-01 2.874607e-02 9.899849e-02 2.502258e-01 2.758386e-01 3.508893e-01 3.564612e-01 
5.907838e-03 5.576778e-01 4.959951e-01 6.503775e-02 1.552916e-01 5.492329e-01 3.908225e-01 3.251887e-02 1.101346e-01 2.652041e-01 2.927197e-01 3.725093e-01 3.784798e-01 
6.738627e-03 5.589007e-01 4.981819e-01 7.334529e-02 1.737013e-01 6.097123e-01 4.318562e-01 3.667264e-02 1.220784e-01 2.805664e-01 3.101508e-01 3.948599e-01 4.011196e-01 
7.686246e-03 5.598800e-01 5.003681e-01 8.241042e-02 1.937128e-01 6.744948e-01 4.753451e-01 4.120521e-02 1.348049e-01 2.963573e-01 3.280997e-01 4.178856e-01 4.245700e-01 
8.767124e-03 5.608611e-01 5.026566e-01 9.236754e-02 2.156188e-01 7.445611e-01 5.218866e-01 4.618377e-02 1.484986e-01 3.125557e-01 3.466785e-01 4.416561e-01 4.488627e-01 
1.000000e-02 5.616458e-01 5.047745e-01 1.032169e-01 2.391098e-01 8.185182e-01 5.705544e-01 5.160847e-02 1.629270e-01 3.290837e-01 3.656225e-01 4.660522e-01 4.736262e-01 
1.140625e-02 5.624039e-01 5.070954e-01 1.152815e-01 2.651032e-01 8.985378e-01 6.221215e-01 5.764076e-02 1.783715e-01 3.461608e-01 3.853323e-01 4.913364e-01 4.996050e-01 
1.301025e-02 5.631782e-01 5.095694e-01 1.283959e-01 2.931338e-01 9.836508e-01 6.762574e-01 6.419797e-02 1.947067e-01 3.636840e-01 4.056436e-01 5.174035e-01 5.264623e-01 
1.483982e-02 5.638192e-01 5.120231e-01 1.427353e-01 3.232178e-01 1.073599e+00 7.328145e-01 7.136763e-02 2.119542e-01 3.816279e-01 4.263839e-01 5.440124e-01 5.541520e-01 
1.692667e-02 5.645904e-01 5.147669e-01 1.584859e-01 3.560412e-01 1.169453e+00 7.917623e-01 7.924293e-02 2.301476e-01 4.000346e-01 4.480166e-01 5.717238e-01 5.829507e-01 
1.930698e-02 5.655004e-01 5.176916e-01 1.756917e-01 3.910130e-01 1.270194e+00 8.527964e-01 8.784583e-02 2.492483e-01 4.188124e-01 4.698975e-01 5.998694e-01 6.124273e-01 
2.202202e-02 5.664379e-01 5.208123e-01 1.944938e-01 4.288427e-01 1.376587e+00 9.156230e-01 9.724689e-02 2.692433e-01 4.380540e-01 4.924590e-01 6.289919e-01 6.428695e-01 
2.511886e-02 5.675603e-01 5.242843e-01 2.150952e-01 4.694795e-01 1.488999e+00 9.808452e-01 1.075476e-01 2.903060e-01 4.577694e-01 5.155055e-01 6.586680e-01 6.743987e-01 
2.865120e-02 5.686229e-01 5.277767e-01 2.378294e-01 5.135761e-01 1.609360e+00 1.049566e+00 1.189147e-01 3.128249e-01 4.782566e-01 5.393232e-01 6.894251e-01 7.071766e-01 
3.268028e-02 5.698050e-01 5.315438e-01 2.625808e-01 5.609790e-01 1.736297e+00 1.120181e+00 1.312904e-01 3.363911e-01 4.991737e-01 5.637485e-01 7.209119e-01 7.410859e-01 
3.727594e-02 5.710989e-01 5.352509e-01 2.897755e-01 6.121513e-01 1.872205e+00 1.194944e+00 1.448878e-01 3.616421e-01 5.205863e-01 5.892636e-01 7.535369e-01 7.761164e-01 
4.251786e-02 5.724985e-01 5.391431e-01 3.195017e-01 6.674943e-01 2.016586e+00 1.272191e+00 1.597509e-01 3.882894e-01 5.425426e-01 6.155058e-01 7.869068e-01 8.125695e-01 
4.849693e-02 5.741030e-01 5.433082e-01 3.521654e-01 7.266962e-01 2.169601e+00 1.352723e+00 1.760827e-01 4.166418e-01 5.651079e-01 6.425210e-01 8.208615e-01 8.505504e-01 
5.531681e-02 5.757411e-01 5.475530e-01 3.879989e-01 7.904510e-01 2.333198e+00 1.437851e+00 1.939995e-01 4.470881e-01 5.883246e-01 6.705738e-01 8.561554e-01 8.896820e-01 
6.309573e-02 5.775238e-01 5.517293e-01 4.273941e-01 8.596055e-01 2.511536e+00 1.531183e+00 2.136970e-01 4.805518e-01 6.125868e-01 6.999930e-01 8.926212e-01 9.309459e-01 
7.196857e-02 5.795931e-01 5.560974e-01 4.702737e-01 9.323324e-01 2.698717e+00 1.628412e+00 2.351369e-01 5.160870e-01 6.375934e-01 7.297778e-01 9.298909e-01 9.727805e-01 
8.208914e-02 5.820811e-01 5.606472e-01 5.175542e-01 1.009506e+00 2.897157e+00 1.730887e+00 2.587771e-01 5.543319e-01 6.635067e-01 7.605341e-01 9.678618e-01 1.016406e+00 
9.363292e-02 5.845222e-01 5.649015e-01 5.689801e-01 1.091987e+00 3.110001e+00 1.841555e+00 2.844901e-01 5.957898e-01 6.903225e-01 7.924897e-01 1.007361e+00 1.061141e+00 
1.068000e-01 5.872538e-01 5.691642e-01 6.252520e-01 1.180690e+00 3.335816e+00 1.956940e+00 3.126260e-01 6.398733e-01 7.182229e-01 8.253776e-01 1.048913e+00 1.106749e+00 
1.218188e-01 5.904156e-01 5.735708e-01 6.870852e-01 1.275642e+00 3.575804e+00 2.078089e+00 3.435426e-01 6.871275e-01 7.469030e-01 8.596138e-01 1.092165e+00 1.153535e+00 
1.389495e-01 5.935483e-01 5.782107e-01 7.529893e-01 1.376560e+00 3.825695e+00 2.199409e+00 3.764947e-01 7.359718e-01 7.757612e-01 8.937339e-01 1.136541e+00 1.199859e+00 
1.584893e-01 5.965484e-01 5.831980e-01 8.239337e-01 1.484484e+00 4.089329e+00 2.323002e+00 4.119669e-01 7.872670e-01 8.049839e-01 9.281172e-01 1.182016e+00 1.246656e+00 
1.807769e-01 5.993741e-01 5.883234e-01 9.002545e-01 1.600473e+00 4.369078e+00 2.451221e+00 4.501273e-01 8.415380e-01 8.345720e-01 9.631658e-01 1.228556e+00 1.294334e+00 
2.061986e-01 6.017806e-01 5.932202e-01 9.800550e-01 1.724098e+00 4.661273e+00 2.579710e+00 4.900275e-01 8.973296e-01 8.645434e-01 9.980851e-01 1.276925e+00 1.341192e+00 
2.351953e-01 6.039704e-01 5.980623e-01 1.063821e+00 1.856817e+00 4.968824e+00 2.707750e+00 5.319105e-01 9.546802e-01 8.937460e-01 1.034891e+00 1.328612e+00 1.387174e+00 
2.682696e-01 6.059609e-01 6.020498e-01 1.151128e+00 1.994568e+00 5.293831e+00 2.848993e+00 5.755640e-01 1.016027e+00 9.227254e-01 1.073723e+00 1.384019e+00 1.431171e+00 
3.059950e-01 6.074412e-01 6.056381e-01 1.237145e+00 2.129857e+00 5.612961e+00 2.986078e+00 6.185724e-01 1.075938e+00 9.485133e-01 1.112440e+00 1.439773e+00 1.470340e+00 
3.490255e-01 6.076799e-01 6.081768e-01 1.316568e+00 2.259010e+00 5.921153e+00 3.121189e+00 6.582841e-01 1.133169e+00 9.701173e-01 1.150715e+00 1.494278e+00 1.504195e+00 
3.981072e-01 6.070702e-01 6.090613e-01 1.381612e+00 2.372051e+00 6.194338e+00 3.245051e+00 6.908058e-01 1.182749e+00 9.856855e-01 1.186124e+00 1.542450e+00 1.531234e+00 
4.540910e-01 6.058389e-01 6.090888e-01 1.430758e+00 2.467028e+00 6.425613e+00 3.349378e+00 7.153788e-01 1.222600e+00 9.947009e-01 1.219378e+00 1.585307e+00 1.551268e+00 
5.179475e-01 6.039151e-01 6.093149e-01 1.463701e+00 2.538814e+00 6.593591e+00 3.418034e+00 7.318505e-01 1.248978e+00 9.962212e-01 1.247167e+00 1.621292e+00 1.560798e+00 
5.907838e-01 6.012047e-01 6.094091e-01 1.474264e+00 2.579757e+00 6.672803e+00 3.433404e+00 7.371322e-01 1.256142e+00 9.902660e-01 1.264836e+00 1.645140e+00 1.559022e+00 
6.738627e-01 6.002255e-01 6.100953e-01 1.451752e+00 2.550424e+00 6.580984e+00 3.371199e+00 7.258762e-01 1.234793e+00 9.744758e-01 1.262804e+00 1.637138e+00 1.544738e+00 
7.686246e-01 6.017029e-01 6.087861e-01 1.379136e+00 2.418222e+00 6.266568e+00 3.236116e+00 6.895682e-01 1.180073e+00 9.506805e-01 1.227760e+00 1.585408e+00 1.508288e+00 
8.767124e-01 6.020229e-01 6.032274e-01 1.258637e+00 2.198797e+00 5.762604e+00 3.033445e+00 6.293187e-01 1.094017e+00 9.235601e-01 1.153126e+00 1.490083e+00 1.448886e+00 
