1.000000e-04 5.480059e-01 4.818494e-01 8.247136e-05 2.148685e-04 7.842923e-04 5.678873e-04 4.123568e-05 1.567120e-04 9.356800e-03 1.008604e-02 1.282890e-02 1.322663e-02 
1.140625e-04 5.479741e-01 4.817521e-01 1.071062e-04 2.788785e-04 1.018019e-03 7.372548e-04 5.355310e-05 2.034545e-04 1.066082e-02 1.149151e-02 1.461863e-02 1.506647e-02 
1.301025e-04 5.480053e-01 4.818099e-01 1.387117e-04 3.614595e-04 1.319286e-03 9.551793e-04 6.935586e-05 2.635887e-04 1.213509e-02 1.308455e-02 1.663844e-02 1.715698e-02 
1.483982e-04 5.481990e-01 4.819096e-01 1.797174e-04 4.680225e-04 1.709379e-03 1.238228e-03 8.985868e-05 3.416832e-04 1.381632e-02 1.489313e-02 1.894212e-02 1.952869e-02 
1.692667e-04 5.481521e-01 4.817209e-01 2.328097e-04 6.063705e-04 2.215650e-03 1.605273e-03 1.164049e-04 4.429092e-04 1.573075e-02 1.695684e-02 2.156655e-02 2.223032e-02 
1.930698e-04 5.481127e-01 4.817117e-01 3.012068e-04 7.847247e-04 2.867874e-03 2.077942e-03 1.506034e-04 5.733184e-04 1.790067e-02 1.929679e-02 2.453358e-02 2.530430e-02 
2.202202e-04 5.481443e-01 4.816590e-01 3.891316e-04 1.013324e-03 3.704500e-03 2.684802e-03 1.945658e-04 7.407346e-04 2.035572e-02 2.193549e-02 2.789304e-02 2.876504e-02 
2.511886e-04 5.482433e-01 4.816596e-01 5.029738e-04 1.310637e-03 4.793182e-03 3.474599e-03 2.514869e-04 9.584976e-04 2.315303e-02 2.494955e-02 3.172871e-02 3.271121e-02 
2.865120e-04 5.482193e-01 4.814687e-01 6.479983e-04 1.687964e-03 6.177733e-03 4.480163e-03 3.239991e-04 1.235743e-03 2.630121e-02 2.834579e-02 3.603596e-02 3.715835e-02 
3.268028e-04 5.484388e-01 4.815397e-01 8.348472e-04 2.172506e-03 7.954828e-03 5.770194e-03 4.174236e-04 1.591686e-03 2.986004e-02 3.218083e-02 4.090576e-02 4.218486e-02 
3.727594e-04 5.484538e-01 4.813488e-01 1.073021e-03 2.792365e-03 1.023487e-02 7.428521e-03 5.365104e-04 2.048678e-03 3.389166e-02 3.651494e-02 4.640547e-02 4.787745e-02 
4.251786e-04 5.485060e-01 4.812639e-01 1.377097e-03 3.582442e-03 1.314323e-02 9.546031e-03 6.885484e-04 2.632278e-03 3.843709e-02 4.140492e-02 5.261282e-02 5.428184e-02 
4.849693e-04 5.485989e-01 4.810895e-01 1.764040e-03 4.584826e-03 1.684266e-02 1.223972e-02 8.820198e-04 3.374830e-03 4.355209e-02 4.690931e-02 5.957978e-02 6.150817e-02 
5.531681e-04 5.487748e-01 4.809621e-01 2.252024e-03 5.847232e-03 2.149646e-02 1.562913e-02 1.126012e-03 4.309318e-03 4.928190e-02 5.306589e-02 6.740630e-02 6.956765e-02 
6.309573e-04 5.489204e-01 4.809594e-01 2.867565e-03 7.437809e-03 2.738477e-02 1.992327e-02 1.433782e-03 5.493213e-03 5.570513e-02 5.996768e-02 7.617241e-02 7.860462e-02 
7.196857e-04 5.491103e-01 4.806816e-01 3.638613e-03 9.420564e-03 3.476242e-02 2.532888e-02 1.819307e-03 6.981822e-03 6.288655e-02 6.769771e-02 8.592840e-02 8.873737e-02 
8.208914e-04 5.492915e-01 4.806134e-01 4.597732e-03 1.187757e-02 4.387156e-02 3.198144e-02 2.298866e-03 8.817157e-03 7.082702e-02 7.623583e-02 9.671845e-02 9.993431e-02 
9.363292e-04 5.495454e-01 4.804503e-01 5.781598e-03 1.488179e-02 5.509431e-02 4.021683e-02 2.890799e-03 1.108857e-02 7.963135e-02 8.567251e-02 1.086513e-01 1.123122e-01 
1.068000e-03 5.499871e-01 4.805223e-01 7.232346e-03 1.854484e-02 6.873160e-02 5.020662e-02 3.616173e-03 1.384746e-02 8.922217e-02 9.598393e-02 1.216851e-01 1.258188e-01 
1.218188e-03 5.505538e-01 4.806646e-01 8.957665e-03 2.282723e-02 8.471398e-02 6.191174e-02 4.478832e-03 1.708784e-02 9.952913e-02 1.070692e-01 1.356779e-01 1.403328e-01 
1.389495e-03 5.513369e-01 4.812460e-01 1.101814e-02 2.788984e-02 1.036290e-01 7.578415e-02 5.509072e-03 2.093293e-02 1.105720e-01 1.189466e-01 1.506332e-01 1.559290e-01 
1.584893e-03 5.522201e-01 4.818343e-01 1.343016e-02 3.369568e-02 1.252210e-01 9.158891e-02 6.715080e-03 2.533038e-02 1.222573e-01 1.314870e-01 1.664378e-01 1.724338e-01 
1.807769e-03 5.535471e-01 4.829503e-01 1.621236e-02 4.024802e-02 1.494311e-01 1.092394e-01 8.106180e-03 3.026504e-02 1.343953e-01 1.445745e-01 1.829354e-01 1.896210e-01 
2.061986e-03 5.550525e-01 4.844383e-01 1.939007e-02 4.757645e-02 1.762492e-01 1.287153e-01 9.695035e-03 3.573620e-02 1.469138e-01 1.580715e-01 1.999206e-01 2.074243e-01 
2.351953e-03 5.565784e-01 4.861690e-01 2.298259e-02 5.576448e-02 2.059016e-01 1.500843e-01 1.149129e-02 4.176989e-02 1.597387e-01 1.719844e-01 2.173952e-01 2.258152e-01 
2.682696e-03 5.583369e-01 4.883315e-01 2.700211e-02 6.469395e-02 2.375059e-01 1.725683e-01 1.350106e-02 4.817655e-02 1.726579e-01 1.859940e-01 2.352191e-01 2.442917e-01 
3.059950e-03 5.601427e-01 4.907164e-01 3.146887e-02 7.452304e-02 2.717521e-01 1.966885e-01 1.573444e-02 5.508905e-02 1.857636e-01 2.003278e-01 2.532893e-01 2.632995e-01 
3.490255e-03 5.617847e-01 4.929655e-01 3.639241e-02 8.515507e-02 3.084513e-01 2.224296e-01 1.819621e-02 6.250618e-02 1.990489e-01 2.148581e-01 2.716658e-01 2.826026e-01 
3.981072e-03 5.633623e-01 4.954182e-01 4.183857e-02 9.691215e-02 3.484666e-01 2.501992e-01 2.091928e-02 7.054579e-02 2.126514e-01 2.297318e-01 2.904684e-01 3.024980e-01 
4.540910e-03 5.648575e-01 4.979657e-01 4.784630e-02 1.097823e-01 3.913884e-01 2.796245e-01 2.392315e-02 7.912404e-02 2.263811e-01 2.449350e-01 3.096940e-01 3.228085e-01 
5.179475e-03 5.660521e-01 5.003302e-01 5.437774e-02 1.237159e-01 4.374305e-01 3.109107e-01 2.718887e-02 8.828723e-02 2.404248e-01 2.604438e-01 3.293927e-01 3.435722e-01 
5.907838e-03 5.672102e-01 5.028334e-01 6.159745e-02 1.389883e-01 4.868650e-01 3.440649e-01 3.079873e-02 9.807031e-02 2.547633e-01 2.763984e-01 3.496861e-01 3.649426e-01 
6.738627e-03 5.682014e-01 5.052347e-01 6.947749e-02 1.556891e-01 5.401767e-01 3.794504e-01 3.473874e-02 1.085591e-01 2.693792e-01 2.927863e-01 3.703465e-01 3.870842e-01 
7.686246e-03 5.691217e-01 5.077764e-01 7.814141e-02 1.739055e-01 5.973455e-01 4.167931e-01 3.907070e-02 1.197266e-01 2.843924e-01 3.096423e-01 3.918716e-01 4.097089e-01 
8.767124e-03 5.700366e-01 5.102601e-01 8.770285e-02 1.939731e-01 6.595553e-01 4.571194e-01 4.385143e-02 1.318418e-01 2.998959e-01 3.271579e-01 4.141169e-01 4.333452e-01 
1.000000e-02 5.708592e-01 5.127101e-01 9.814498e-02 2.156397e-01 7.261627e-01 4.999642e-01 4.907249e-02 1.447939e-01 3.158043e-01 3.451895e-01 4.370020e-01 4.577237e-01 
1.140625e-02 5.715879e-01 5.152862e-01 1.096354e-01 2.393834e-01 7.975553e-01 5.449113e-01 5.481770e-02 1.585367e-01 3.321887e-01 3.637414e-01 4.606015e-01 4.830236e-01 
1.301025e-02 5.724296e-01 5.179976e-01 1.222183e-01 2.651349e-01 8.742636e-01 5.929616e-01 6.110916e-02 1.733096e-01 3.489728e-01 3.830551e-01 4.850773e-01 5.091841e-01 
1.483982e-02 5.730922e-01 5.208360e-01 1.361514e-01 2.934508e-01 9.569583e-01 6.436498e-01 6.807572e-02 1.890953e-01 3.663108e-01 4.030983e-01 5.106305e-01 5.363763e-01 
1.692667e-02 5.739348e-01 5.236793e-01 1.514236e-01 3.240542e-01 1.045134e+00 6.970825e-01 7.571179e-02 2.059023e-01 3.841889e-01 4.237958e-01 5.369157e-01 5.645704e-01 
1.930698e-02 5.747668e-01 5.266158e-01 1.683045e-01 3.574950e-01 1.140675e+00 7.544013e-01 8.415223e-02 2.240885e-01 4.027880e-01 4.454135e-01 5.644688e-01 5.939751e-01 
2.202202e-02 5.756766e-01 5.297763e-01 1.867129e-01 3.935000e-01 1.241721e+00 8.138058e-01 9.335644e-02 2.432175e-01 4.215824e-01 4.676582e-01 5.925676e-01 6.242339e-01 
2.511886e-02 5.767023e-01 5.331847e-01 2.071189e-01 4.328219e-01 1.350759e+00 8.770175e-01 1.035595e-01 2.638229e-01 4.411005e-01 4.908402e-01 6.217029e-01 6.560140e-01 
2.865120e-02 5.778803e-01 5.366690e-01 2.295041e-01 4.754502e-01 1.466549e+00 9.426976e-01 1.147521e-01 2.855933e-01 4.611540e-01 5.147085e-01 6.519331e-01 6.886556e-01 
3.268028e-02 5.790416e-01 5.402528e-01 2.541772e-01 5.221158e-01 1.592749e+00 1.013720e+00 1.270886e-01 3.093003e-01 4.819820e-01 5.397096e-01 6.834703e-01 7.228268e-01 
3.727594e-02 5.802435e-01 5.442182e-01 2.814855e-01 5.731352e-01 1.728174e+00 1.088112e+00 1.407428e-01 3.345896e-01 5.031969e-01 5.657608e-01 7.162142e-01 7.582751e-01 
4.251786e-02 5.816333e-01 5.483755e-01 3.114710e-01 6.284202e-01 1.873424e+00 1.166564e+00 1.557355e-01 3.616755e-01 5.250935e-01 5.926997e-01 7.501332e-01 7.949842e-01 
4.849693e-02 5.831850e-01 5.525839e-01 3.449533e-01 6.890849e-01 2.031294e+00 1.250746e+00 1.724767e-01 3.911226e-01 5.478224e-01 6.211343e-01 7.859767e-01 8.331691e-01 
5.531681e-02 5.849218e-01 5.568590e-01 3.818872e-01 7.552262e-01 2.201720e+00 1.340063e+00 1.909436e-01 4.228681e-01 5.712499e-01 6.509120e-01 8.236372e-01 8.725912e-01 
6.309573e-02 5.866277e-01 5.611608e-01 4.227681e-01 8.275755e-01 2.385557e+00 1.433944e+00 2.113841e-01 4.569572e-01 5.954763e-01 6.820916e-01 8.630675e-01 9.136995e-01 
7.196857e-02 5.882965e-01 5.656732e-01 4.679842e-01 9.062674e-01 2.583550e+00 1.533348e+00 2.339921e-01 4.937454e-01 6.205549e-01 7.147108e-01 9.043630e-01 9.564694e-01 
8.208914e-02 5.902141e-01 5.702508e-01 5.188761e-01 9.933272e-01 2.800081e+00 1.640236e+00 2.594380e-01 5.340456e-01 6.468835e-01 7.492017e-01 9.480708e-01 1.001495e+00 
9.363292e-02 5.917118e-01 5.750385e-01 5.744348e-01 1.088585e+00 3.032871e+00 1.750931e+00 2.872174e-01 5.768416e-01 6.742197e-01 7.847645e-01 9.943196e-01 1.047845e+00 
1.068000e-01 5.933972e-01 5.800554e-01 6.363517e-01 1.193395e+00 3.286105e+00 1.868418e+00 3.181759e-01 6.234088e-01 7.029346e-01 8.217696e-01 1.042824e+00 1.096293e+00 
1.218188e-01 5.948873e-01 5.850783e-01 7.049130e-01 1.310395e+00 3.567087e+00 1.996686e+00 3.524565e-01 6.747218e-01 7.327932e-01 8.614030e-01 1.094627e+00 1.147309e+00 
1.389495e-01 5.964793e-01 5.898687e-01 7.799816e-01 1.438735e+00 3.874143e+00 2.135395e+00 3.899908e-01 7.306318e-01 7.637868e-01 9.030456e-01 1.149156e+00 1.200133e+00 
1.584893e-01 5.976740e-01 5.942964e-01 8.604558e-01 1.579213e+00 4.208716e+00 2.283462e+00 4.302279e-01 7.905298e-01 7.951653e-01 9.469588e-01 1.205795e+00 1.255096e+00 
1.807769e-01 5.989267e-01 5.985727e-01 9.470182e-01 1.730109e+00 4.567778e+00 2.439279e+00 4.735091e-01 8.544974e-01 8.271692e-01 9.929586e-01 1.265022e+00 1.311487e+00 
2.061986e-01 6.001150e-01 6.025958e-01 1.039346e+00 1.887922e+00 4.947370e+00 2.606916e+00 5.196730e-01 9.232394e-01 8.598873e-01 1.040050e+00 1.325258e+00 1.368856e+00 
2.351953e-01 6.013327e-01 6.067448e-01 1.136153e+00 2.048950e+00 5.336751e+00 2.781064e+00 5.680765e-01 9.951859e-01 8.935468e-01 1.086424e+00 1.386847e+00 1.424936e+00 
2.682696e-01 6.029420e-01 6.097485e-01 1.235758e+00 2.205118e+00 5.722495e+00 2.965545e+00 6.178790e-01 1.069875e+00 9.292390e-01 1.130053e+00 1.447191e+00 1.478908e+00 
3.059950e-01 6.046254e-01 6.124535e-01 1.333664e+00 2.351961e+00 6.090142e+00 3.147337e+00 6.668322e-01 1.143510e+00 9.657920e-01 1.168036e+00 1.503758e+00 1.528681e+00 
3.490255e-01 6.057028e-01 6.142504e-01 1.423962e+00 2.483284e+00 6.423539e+00 3.315197e+00 7.119809e-01 1.211705e+00 1.001543e+00 1.198214e+00 1.555426e+00 1.570291e+00 
3.981072e-01 6.068491e-01 6.145857e-01 1.497824e+00 2.592585e+00 6.702941e+00 3.459071e+00 7.489122e-01 1.268938e+00 1.035930e+00 1.217848e+00 1.599514e+00 1.601460e+00 
4.540910e-01 6.089306e-01 6.136966e-01 1.548454e+00 2.661517e+00 6.905035e+00 3.584365e+00 7.742269e-01 1.314280e+00 1.067167e+00 1.225659e+00 1.632261e+00 1.618840e+00 
5.179475e-01 6.112002e-01 6.120394e-01 1.565991e+00 2.670865e+00 6.963764e+00 3.647914e+00 7.829956e-01 1.333649e+00 1.088510e+00 1.219000e+00 1.647980e+00 1.617295e+00 
5.907838e-01 6.133959e-01 6.111153e-01 1.547628e+00 2.619751e+00 6.861377e+00 3.627844e+00 7.738140e-01 1.321734e+00 1.096047e+00 1.198663e+00 1.648082e+00 1.593242e+00 
6.738627e-01 6.158234e-01 6.103684e-01 1.487023e+00 2.505175e+00 6.595572e+00 3.519808e+00 7.435113e-01 1.275874e+00 1.083417e+00 1.166259e+00 1.624570e+00 1.547653e+00 
7.686246e-01 6.154057e-01 6.104997e-01 1.396905e+00 2.364937e+00 6.226758e+00 3.318038e+00 6.984524e-01 1.201362e+00 1.047202e+00 1.130523e+00 1.575657e+00 1.495977e+00 
8.767124e-01 6.106804e-01 6.076840e-01 1.303900e+00 2.232015e+00 5.864901e+00 3.113140e+00 6.519500e-01 1.125448e+00 9.912362e-01 1.102429e+00 1.496799e+00 1.459882e+00 
