     0 2.61917e-16 2.14204e-16 0.00000e+00 0.00000e+00      0 5.39624e-02 1.39521e-01
     1 3.80858e-01 4.46441e-01 1.87921e-01 2.38278e-01      1 1.79910e-01 2.03839e-01
     2 8.21097e-02 1.10870e-01 5.29622e-02 7.12943e-02      2 3.79204e-02 3.82781e-02
     3 4.12785e-02 5.25986e-02 2.88888e-02 3.96087e-02      3 1.78802e-02 2.04681e-02
     4 2.74905e-02 3.81280e-02 1.91310e-02 2.66699e-02      4 1.04848e-02 1.30316e-02
     5 2.05329e-02 2.79784e-02 1.38107e-02 1.93526e-02      5 7.41497e-03 9.25922e-03
     6 1.50895e-02 2.21161e-02 1.05887e-02 1.48069e-02      6 5.49390e-03 6.95646e-03
     7 1.26094e-02 1.76067e-02 8.45956e-03 1.17584e-02      7 4.31434e-03 5.56115e-03
     8 1.02211e-02 1.39878e-02 6.94084e-03 9.65825e-03      8 3.49875e-03 4.56358e-03
     9 8.39489e-03 1.20617e-02 5.84804e-03 8.12695e-03      9 2.91383e-03 3.76210e-03
    10 7.27261e-03 1.05292e-02 5.02409e-03 6.93868e-03     10 2.46581e-03 3.19231e-03
    11 6.32582e-03 9.05091e-03 4.37710e-03 6.00736e-03     11 2.12371e-03 2.73723e-03
    12 5.73169e-03 8.11452e-03 3.85296e-03 5.26131e-03     12 1.85850e-03 2.38736e-03
    13 5.09368e-03 7.16465e-03 3.42021e-03 4.65060e-03     13 1.63695e-03 2.09406e-03
    14 4.54358e-03 6.39982e-03 3.06350e-03 4.14852e-03     14 1.45746e-03 1.85802e-03
    15 4.19120e-03 5.77170e-03 2.76235e-03 3.72902e-03     15 1.30793e-03 1.66575e-03
    16 3.81617e-03 5.28209e-03 2.50414e-03 3.37255e-03     16 1.17865e-03 1.50442e-03
    17 3.52129e-03 4.86259e-03 2.28185e-03 3.06522e-03     17 1.06794e-03 1.36445e-03
    18 3.22775e-03 4.42010e-03 2.08909e-03 2.80013e-03     18 9.73509e-04 1.24079e-03
    19 2.98236e-03 4.09699e-03 1.92129e-03 2.56999e-03     19 8.92576e-04 1.13011e-03
    20 2.76829e-03 3.83274e-03 1.77388e-03 2.36669e-03     20 8.18114e-04 1.03472e-03
    21 2.56749e-03 3.54875e-03 1.64377e-03 2.18671e-03     21 7.55531e-04 9.52945e-04
    22 2.40206e-03 3.27840e-03 1.52822e-03 2.02799e-03     22 6.99579e-04 8.80043e-04
    23 2.25392e-03 3.08525e-03 1.42477e-03 1.88660e-03     23 6.50126e-04 8.17363e-04
    24 2.12733e-03 2.88860e-03 1.33157e-03 1.75952e-03     24 6.04834e-04 7.61634e-04
    25 2.00294e-03 2.72236e-03 1.24729e-03 1.64503e-03     25 5.63912e-04 7.10524e-04
    26 1.88631e-03 2.56090e-03 1.17104e-03 1.54146e-03     26 5.28443e-04 6.62341e-04
    27 1.78039e-03 2.41112e-03 1.10187e-03 1.44766e-03     27 4.95619e-04 6.22013e-04
    28 1.69456e-03 2.27865e-03 1.03870e-03 1.36241e-03     28 4.65242e-04 5.85343e-04
    29 1.61526e-03 2.17168e-03 9.80635e-04 1.28434e-03     29 4.37807e-04 5.49912e-04
    30 1.53281e-03 2.05175e-03 9.27285e-04 1.21277e-03     30 4.12399e-04 5.18149e-04
    31 1.45781e-03 1.94616e-03 8.78265e-04 1.14724e-03     31 3.89040e-04 4.88677e-04
    32 1.38038e-03 1.85123e-03 8.33222e-04 1.08697e-03     32 3.68064e-04 4.61164e-04
    33 1.32102e-03 1.76858e-03 7.91665e-04 1.03129e-03     33 3.48748e-04 4.36427e-04
    34 1.26463e-03 1.68500e-03 7.53077e-04 9.79745e-04     34 3.30834e-04 4.13385e-04
    35 1.20868e-03 1.61308e-03 7.17235e-04 9.31951e-04     35 3.14108e-04 3.92135e-04
    36 1.16031e-03 1.54732e-03 6.83871e-04 8.87442e-04     36 2.98553e-04 3.73012e-04
    37 1.11394e-03 1.47858e-03 6.52720e-04 8.45996e-04     37 2.83729e-04 3.54706e-04
    38 1.07232e-03 1.41592e-03 6.23571e-04 8.07406e-04     38 2.70344e-04 3.37665e-04
    39 1.02558e-03 1.36072e-03 5.96329e-04 7.71349e-04     39 2.58116e-04 3.21836e-04
    40 9.90037e-04 1.30713e-03 5.70816e-04 7.37581e-04     40 2.46464e-04 3.07131e-04
    41 9.57196e-04 1.26118e-03 5.46777e-04 7.05875e-04     41 2.35329e-04 2.93353e-04
    42 9.20439e-04 1.21310e-03 5.24157e-04 6.76067e-04     42 2.24973e-04 2.80427e-04
    43 8.89224e-04 1.16730e-03 5.02868e-04 6.48064e-04     43 2.15084e-04 2.67936e-04
    44 8.55707e-04 1.12633e-03 4.82813e-04 6.21702e-04     44 2.06057e-04 2.56264e-04
    45 8.29241e-04 1.08389e-03 4.63882e-04 5.96871e-04     45 1.97419e-04 2.45793e-04
    46 8.02342e-04 1.05067e-03 4.45953e-04 5.73415e-04     46 1.89277e-04 2.35636e-04
    47 7.77318e-04 1.01547e-03 4.28968e-04 5.51200e-04     47 1.81725e-04 2.26228e-04
    48 7.51775e-04 9.81892e-04 4.12873e-04 5.30176e-04     48 1.74517e-04 2.17183e-04
    49 7.28145e-04 9.47920e-04 3.97617e-04 5.10282e-04     49 1.67766e-04 2.08491e-04
    50 7.06385e-04 9.18048e-04 3.83127e-04 4.91435e-04     50 1.61287e-04 2.00468e-04
    51 6.84651e-04 8.87683e-04 3.69356e-04 4.73558e-04     51 1.55138e-04 1.92713e-04
    52 6.63249e-04 8.61245e-04 3.56270e-04 4.56579e-04     52 1.49235e-04 1.85436e-04
    53 6.45224e-04 8.38592e-04 3.43809e-04 4.40390e-04     53 1.43757e-04 1.78539e-04
    54 6.25114e-04 8.12745e-04 3.31937e-04 4.24958e-04     54 1.38519e-04 1.71832e-04
    55 6.08793e-04 7.89163e-04 3.20617e-04 4.10262e-04     55 1.33557e-04 1.65599e-04
    56 5.90590e-04 7.64530e-04 3.09812e-04 3.96266e-04     56 1.28731e-04 1.59686e-04
    57 5.75147e-04 7.42384e-04 2.99496e-04 3.82931e-04     57 1.24173e-04 1.54103e-04
    58 5.60650e-04 7.24092e-04 2.89620e-04 3.70179e-04     58 1.19798e-04 1.48766e-04
    59 5.45560e-04 7.04330e-04 2.80166e-04 3.57971e-04     59 1.15755e-04 1.43631e-04
    60 5.31592e-04 6.85147e-04 2.71114e-04 3.46295e-04     60 1.11788e-04 1.38776e-04
    61 5.17413e-04 6.66275e-04 2.62445e-04 3.35127e-04     61 1.07964e-04 1.34130e-04
    62 5.03059e-04 6.48078e-04 2.54149e-04 3.24441e-04     62 1.04408e-04 1.29652e-04
    63 4.90036e-04 6.31122e-04 2.46204e-04 3.14208e-04     63 1.00917e-04 1.25368e-04
    64 4.77765e-04 6.14623e-04 2.38584e-04 3.04400e-04     64 9.76260e-05 1.21263e-04
    65 4.66623e-04 5.99482e-04 2.31264e-04 2.94988e-04     65 9.44421e-05 1.17371e-04
    66 4.55258e-04 5.84248e-04 2.24226e-04 2.85952e-04     66 9.13847e-05 1.13580e-04
    67 4.45124e-04 5.71011e-04 2.17457e-04 2.77266e-04     67 8.84893e-05 1.10001e-04
    68 4.34157e-04 5.56058e-04 2.10944e-04 2.68918e-04     68 8.57172e-05 1.06613e-04
    69 4.23536e-04 5.41779e-04 2.04684e-04 2.60905e-04     69 8.30322e-05 1.03330e-04
    70 4.14476e-04 5.30093e-04 1.98655e-04 2.53194e-04     70 8.04999e-05 1.00227e-04
    71 4.04474e-04 5.16927e-04 1.92847e-04 2.45768e-04     71 7.80708e-05 9.71390e-05
    72 3.95738e-04 5.05540e-04 1.87251e-04 2.38619e-04     72 7.57454e-05 9.42494e-05
    73 3.85984e-04 4.93381e-04 1.81860e-04 2.31730e-04     73 7.34668e-05 9.14160e-05
    74 3.77911e-04 4.81528e-04 1.76664e-04 2.25098e-04     74 7.13048e-05 8.86511e-05
    75 3.69295e-04 4.70355e-04 1.71649e-04 2.18710e-04     75 6.92086e-05 8.60548e-05
    76 3.60867e-04 4.59511e-04 1.66814e-04 2.12552e-04     76 6.71864e-05 8.35605e-05
    77 3.53467e-04 4.49512e-04 1.62145e-04 2.06611e-04     77 6.52050e-05 8.11353e-05
    78 3.45326e-04 4.38467e-04 1.57637e-04 2.00882e-04     78 6.33167e-05 7.88733e-05
    79 3.38451e-04 4.30431e-04 1.53282e-04 1.95348e-04     79 6.15118e-05 7.66710e-05
    80 3.30962e-04 4.20852e-04 1.49072e-04 1.89994e-04     80 5.98286e-05 7.45302e-05
    81 3.24084e-04 4.11630e-04 1.45003e-04 1.84823e-04     81 5.81671e-05 7.24185e-05
    82 3.17494e-04 4.02925e-04 1.41067e-04 1.79826e-04     82 5.65207e-05 7.04061e-05
    83 3.10417e-04 3.94028e-04 1.37262e-04 1.74996e-04     83 5.49644e-05 6.84664e-05
    84 3.04852e-04 3.86289e-04 1.33577e-04 1.70324e-04     84 5.34213e-05 6.65930e-05
    85 2.98185e-04 3.78109e-04 1.30009e-04 1.65801e-04     85 5.19582e-05 6.47628e-05
    86 2.91851e-04 3.69699e-04 1.26559e-04 1.61428e-04     86 5.05894e-05 6.29995e-05
    87 2.86149e-04 3.62526e-04 1.23218e-04 1.57195e-04     87 4.92419e-05 6.13177e-05
    88 2.80113e-04 3.54979e-04 1.19982e-04 1.53095e-04     88 4.79100e-05 5.97133e-05
    89 2.75084e-04 3.48163e-04 1.16846e-04 1.49123e-04     89 4.66229e-05 5.81522e-05
    90 2.69360e-04 3.40776e-04 1.13804e-04 1.45274e-04     90 4.53977e-05 5.66340e-05
    91 2.64092e-04 3.34004e-04 1.10857e-04 1.41546e-04     91 4.42009e-05 5.51690e-05
    92 2.58891e-04 3.27576e-04 1.07999e-04 1.37931e-04     92 4.30695e-05 5.37546e-05
    93 2.53559e-04 3.20705e-04 1.05229e-04 1.34427e-04     93 4.19647e-05 5.23832e-05
    94 2.49114e-04 3.15100e-04 1.02541e-04 1.31027e-04     94 4.08693e-05 5.10461e-05
    95 2.44011e-04 3.08604e-04 9.99321e-05 1.27727e-04     95 3.98348e-05 4.97364e-05
    96 2.39472e-04 3.02551e-04 9.74008e-05 1.24527e-04     96 3.88323e-05 4.84902e-05
    97 2.34797e-04 2.96918e-04 9.49435e-05 1.21421e-04     97 3.78607e-05 4.72798e-05
    98 2.30133e-04 2.90576e-04 9.25593e-05 1.18409e-04     98 3.69176e-05 4.61165e-05
    99 2.26117e-04 2.85305e-04 9.02434e-05 1.15486e-04     99 3.59901e-05 4.49945e-05
   100 2.21696e-04 2.79691e-04 8.79931e-05 1.12646e-04    100 3.50927e-05 4.38968e-05
   101 2.17679e-04 2.74651e-04 8.58072e-05 1.09889e-04    101 3.42305e-05 4.28332e-05
   102 2.13467e-04 2.69401e-04 8.36834e-05 1.07209e-04    102 3.34078e-05 4.17927e-05
   103 2.09492e-04 2.64325e-04 8.16202e-05 1.04605e-04    103 3.25967e-05 4.07966e-05
   104 2.05795e-04 2.59870e-04 7.96140e-05 1.02073e-04    104 3.18106e-05 3.98181e-05
   105 2.01669e-04 2.54609e-04 7.76645e-05 9.96112e-05    105 3.10542e-05 3.88686e-05
   106 1.98317e-04 2.50231e-04 7.57688e-05 9.72186e-05    106 3.03229e-05 3.79324e-05
   107 1.94388e-04 2.45237e-04 7.39252e-05 9.48925e-05    107 2.95975e-05 3.70373e-05
   108 1.91018e-04 2.40928e-04 7.21326e-05 9.26313e-05    108 2.88974e-05 3.61721e-05
   109 1.87589e-04 2.36645e-04 7.03880e-05 9.04306e-05    109 2.81976e-05 3.53292e-05
   110 1.84107e-04 2.32228e-04 6.86907e-05 8.82897e-05    110 2.75454e-05 3.45184e-05
   111 1.80742e-04 2.28228e-04 6.70399e-05 8.62062e-05    111 2.69093e-05 3.37259e-05
   112 1.77490e-04 2.23926e-04 6.54335e-05 8.41787e-05    112 2.62785e-05 3.29507e-05
   113 1.74262e-04 2.20176e-04 6.38702e-05 8.22049e-05    113 2.56650e-05 3.21992e-05
   114 1.71084e-04 2.16031e-04 6.23489e-05 8.02833e-05    114 2.50801e-05 3.14541e-05
   115 1.68007e-04 2.12158e-04 6.08682e-05 7.84136e-05    115 2.45195e-05 3.07306e-05
   116 1.65140e-04 2.08527e-04 5.94260e-05 7.65925e-05    116 2.39653e-05 3.00313e-05
   117 1.62139e-04 2.04879e-04 5.80214e-05 7.48182e-05    117 2.34350e-05 2.93505e-05
   118 1.59422e-04 2.01335e-04 5.66531e-05 7.30897e-05    118 2.29077e-05 2.86875e-05
   119 1.56519e-04 1.97720e-04 5.53200e-05 7.14059e-05    119 2.23903e-05 2.80666e-05
   120 1.53796e-04 1.94166e-04 5.40216e-05 6.97663e-05    120 2.18977e-05 2.74517e-05
   121 1.51138e-04 1.90924e-04 5.27564e-05 6.81684e-05    121 2.14212e-05 2.68401e-05
   122 1.48340e-04 1.87607e-04 5.15240e-05 6.66107e-05    122 2.09585e-05 2.62458e-05
   123 1.45847e-04 1.84379e-04 5.03233e-05 6.50924e-05    123 2.05057e-05 2.56868e-05
   124 1.43050e-04 1.80886e-04 4.91537e-05 6.36137e-05    124 2.00595e-05 2.51465e-05
   125 1.40610e-04 1.78047e-04 4.80145e-05 6.21722e-05    125 1.96211e-05 2.46043e-05
   126 1.38159e-04 1.74807e-04 4.69039e-05 6.07664e-05    126 1.91920e-05 2.40745e-05
   127 1.35865e-04 1.71914e-04 4.58208e-05 5.93960e-05    127 1.87772e-05 2.35582e-05
   128 1.33429e-04 1.68997e-04 4.47648e-05 5.80591e-05    128 1.83803e-05 2.30587e-05
   129 1.31026e-04 1.66025e-04 4.37358e-05 5.67556e-05    129 1.79941e-05 2.25708e-05
   130 1.28903e-04 1.63388e-04 4.27322e-05 5.54837e-05    130 1.76092e-05 2.20960e-05
   131 1.26608e-04 1.60477e-04 4.17533e-05 5.42429e-05    131 1.72348e-05 2.16258e-05
   132 1.24508e-04 1.57766e-04 4.07985e-05 5.30329e-05    132 1.68709e-05 2.11809e-05
   133 1.22382e-04 1.55030e-04 3.98668e-05 5.18525e-05    133 1.65203e-05 2.07397e-05
   134 1.20213e-04 1.52426e-04 3.89582e-05 5.07010e-05    134 1.61793e-05 2.03094e-05
   135 1.18322e-04 1.50131e-04 3.80715e-05 4.95763e-05    135 1.58432e-05 1.98904e-05
   136 1.16098e-04 1.47398e-04 3.72065e-05 4.84784e-05    136 1.55173e-05 1.94882e-05
   137 1.14271e-04 1.45073e-04 3.63627e-05 4.74071e-05    137 1.52007e-05 1.90938e-05
   138 1.12216e-04 1.42500e-04 3.55391e-05 4.63614e-05    138 1.48882e-05 1.87117e-05
   139 1.10323e-04 1.40234e-04 3.47357e-05 4.53407e-05    139 1.45842e-05 1.83387e-05
   140 1.08628e-04 1.38027e-04 3.39510e-05 4.43434e-05    140 1.42862e-05 1.79648e-05
   141 1.06612e-04 1.35560e-04 3.31850e-05 4.33698e-05    141 1.40043e-05 1.75955e-05
   142 1.04965e-04 1.33436e-04 3.24374e-05 4.24193e-05    142 1.37270e-05 1.72476e-05
   143 1.03147e-04 1.31188e-04 3.17072e-05 4.14908e-05    143 1.34553e-05 1.69097e-05
   144 1.01371e-04 1.29060e-04 3.09946e-05 4.05840e-05    144 1.31858e-05 1.65810e-05
   145 9.96314e-05 1.26889e-04 3.02991e-05 3.96984e-05    145 1.29285e-05 1.62520e-05
   146 9.78735e-05 1.24701e-04 2.96204e-05 3.88339e-05    146 1.26789e-05 1.59298e-05
   147 9.63415e-05 1.22851e-04 2.89576e-05 3.79890e-05    147 1.24320e-05 1.56147e-05
   148 9.46868e-05 1.20761e-04 2.83100e-05 3.71632e-05    148 1.21896e-05 1.53097e-05
   149 9.30613e-05 1.18760e-04 2.76779e-05 3.63567e-05    149 1.19535e-05 1.50187e-05
   150 9.15303e-05 1.16838e-04 2.70606e-05 3.55688e-05    150 1.17170e-05 1.47342e-05
   151 8.99040e-05 1.14830e-04 2.64578e-05 3.47992e-05    151 1.14951e-05 1.44528e-05
   152 8.85380e-05 1.13156e-04 2.58689e-05 3.40467e-05    152 1.12776e-05 1.41759e-05
   153 8.70123e-05 1.11221e-04 2.52933e-05 3.33111e-05    153 1.10641e-05 1.39055e-05
   154 8.55582e-05 1.09419e-04 2.47312e-05 3.25924e-05    154 1.08529e-05 1.36434e-05
   155 8.41522e-05 1.07610e-04 2.41820e-05 3.18901e-05    155 1.06465e-05 1.33913e-05
   156 8.27325e-05 1.05870e-04 2.36454e-05 3.12036e-05    156 1.04449e-05 1.31403e-05
   157 8.13562e-05 1.04204e-04 2.31212e-05 3.05325e-05    157 1.02513e-05 1.28900e-05
   158 7.99450e-05 1.02433e-04 2.26091e-05 2.98765e-05    158 1.00582e-05 1.26460e-05
   159 7.86791e-05 1.00935e-04 2.21087e-05 2.92350e-05    159 9.87034e-06 1.24100e-05
   160 7.73563e-05 9.92759e-05 2.16196e-05 2.86074e-05    160 9.68834e-06 1.21775e-05
   161 7.60538e-05 9.76062e-05 2.11417e-05 2.79940e-05    161 9.51210e-06 1.19544e-05
   162 7.47021e-05 9.60185e-05 2.06750e-05 2.73946e-05    162 9.33902e-06 1.17345e-05
   163 7.34918e-05 9.44431e-05 2.02190e-05 2.68086e-05    163 9.16908e-06 1.15218e-05
   164 7.23281e-05 9.30135e-05 1.97731e-05 2.62353e-05    164 9.00137e-06 1.13097e-05
   165 7.11058e-05 9.15089e-05 1.93371e-05 2.56745e-05    165 8.83858e-06 1.11066e-05
   166 6.99413e-05 9.00412e-05 1.89110e-05 2.51260e-05    166 8.68047e-06 1.09077e-05
   167 6.87135e-05 8.85636e-05 1.84946e-05 2.45897e-05    167 8.52487e-06 1.07082e-05
   168 6.75909e-05 8.71464e-05 1.80878e-05 2.40652e-05    168 8.37429e-06 1.05152e-05
   169 6.65227e-05 8.58088e-05 1.76898e-05 2.35519e-05    169 8.22775e-06 1.03280e-05
   170 6.53497e-05 8.43360e-05 1.73008e-05 2.30501e-05    170 8.08096e-06 1.01435e-05
   171 6.42546e-05 8.30332e-05 1.69207e-05 2.25592e-05    171 7.93778e-06 9.96393e-06
   172 6.31563e-05 8.17036e-05 1.65493e-05 2.20790e-05    172 7.79799e-06 9.78896e-06
   173 6.21027e-05 8.04098e-05 1.61862e-05 2.16091e-05    173 7.66118e-06 9.61678e-06
   174 6.10864e-05 7.91032e-05 1.58312e-05 2.11494e-05    174 7.52784e-06 9.44782e-06
   175 6.00433e-05 7.78240e-05 1.54842e-05 2.06998e-05    175 7.39766e-06 9.28284e-06
   176 5.90899e-05 7.66381e-05 1.51448e-05 2.02597e-05    176 7.27306e-06 9.12500e-06
   177 5.81093e-05 7.53709e-05 1.48128e-05 1.98291e-05    177 7.14919e-06 8.96678e-06
   178 5.71373e-05 7.41881e-05 1.44881e-05 1.94078e-05    178 7.02863e-06 8.81108e-06
   179 5.61535e-05 7.29778e-05 1.41708e-05 1.89956e-05    179 6.90742e-06 8.65971e-06
   180 5.52178e-05 7.18170e-05 1.38606e-05 1.85923e-05    180 6.79134e-06 8.51074e-06
   181 5.43173e-05 7.07388e-05 1.35572e-05 1.81974e-05    181 6.67584e-06 8.36478e-06
   182 5.34013e-05 6.95602e-05 1.32604e-05 1.78109e-05    182 6.56464e-06 8.22239e-06
   183 5.24852e-05 6.84484e-05 1.29703e-05 1.74328e-05    183 6.45548e-06 8.08624e-06
   184 5.16146e-05 6.73665e-05 1.26867e-05 1.70627e-05    184 6.35030e-06 7.94699e-06
   185 5.07673e-05 6.63243e-05 1.24092e-05 1.67004e-05    185 6.24514e-06 7.81238e-06
   186 4.99187e-05 6.52668e-05 1.21378e-05 1.63458e-05    186 6.14117e-06 7.68436e-06
   187 4.90451e-05 6.41709e-05 1.18725e-05 1.59987e-05    187 6.04123e-06 7.55533e-06
   188 4.82725e-05 6.32135e-05 1.16130e-05 1.56591e-05    188 5.94135e-06 7.42700e-06
   189 4.74473e-05 6.21704e-05 1.13591e-05 1.53265e-05    189 5.84290e-06 7.30469e-06
   190 4.66816e-05 6.11972e-05 1.11108e-05 1.50010e-05    190 5.74806e-06 7.18514e-06
   191 4.59090e-05 6.02297e-05 1.08678e-05 1.46823e-05    191 5.65653e-06 7.06774e-06
   192 4.51114e-05 5.92591e-05 1.06301e-05 1.43703e-05    192 5.56663e-06 6.94992e-06
   193 4.43881e-05 5.83482e-05 1.03977e-05 1.40648e-05    193 5.47695e-06 6.83612e-06
   194 4.36208e-05 5.73599e-05 1.01702e-05 1.37659e-05    194 5.39043e-06 6.72656e-06
   195 4.29052e-05 5.64814e-05 9.94782e-06 1.34732e-05    195 5.30493e-06 6.61865e-06
   196 4.21739e-05 5.55860e-05 9.73023e-06 1.31866e-05    196 5.22069e-06 6.51244e-06
   197 4.14559e-05 5.46514e-05 9.51744e-06 1.29061e-05    197 5.13840e-06 6.40960e-06
   198 4.07891e-05 5.38282e-05 9.30922e-06 1.26315e-05    198 5.05876e-06 6.30563e-06
   199 4.01003e-05 5.29504e-05 9.10548e-06 1.23625e-05    199 4.98096e-06 6.20424e-06
   200 3.94434e-05 5.21257e-05 8.90612e-06 1.20992e-05    200 4.90249e-06 6.10838e-06
   201 3.87732e-05 5.12734e-05 8.71107e-06 1.18413e-05    201 4.82628e-06 6.01335e-06
   202 3.81306e-05 5.04666e-05 8.52025e-06 1.15889e-05    202 4.75317e-06 5.91944e-06
   203 3.75083e-05 4.96909e-05 8.33349e-06 1.13416e-05    203 4.68191e-06 5.82678e-06
   204 3.68498e-05 4.88413e-05 8.15080e-06 1.10995e-05    204 4.61120e-06 5.73532e-06
   205 3.62366e-05 4.80924e-05 7.97210e-06 1.08625e-05    205 4.54008e-06 5.64751e-06
   206 3.56237e-05 4.73328e-05 7.79727e-06 1.06303e-05    206 4.46961e-06 5.55981e-06
   207 3.50403e-05 4.65804e-05 7.62617e-06 1.04029e-05    207 4.40145e-06 5.47453e-06
   208 3.44576e-05 4.58381e-05 7.45871e-06 1.01802e-05    208 4.33702e-06 5.38939e-06
   209 3.38700e-05 4.50922e-05 7.29486e-06 9.96218e-06    209 4.27352e-06 5.30611e-06
   210 3.33040e-05 4.43956e-05 7.13454e-06 9.74861e-06    210 4.21196e-06 5.22587e-06
   211 3.27394e-05 4.36786e-05 6.97767e-06 9.53941e-06    211 4.14984e-06 5.14573e-06
   212 3.22013e-05 4.29822e-05 6.82415e-06 9.33454e-06    212 4.08871e-06 5.06788e-06
   213 3.16578e-05 4.22904e-05 6.67390e-06 9.13391e-06    213 4.02908e-06 4.99116e-06
   214 3.11240e-05 4.16206e-05 6.52687e-06 8.93740e-06    214 3.97063e-06 4.91756e-06
   215 3.06147e-05 4.09541e-05 6.38296e-06 8.74492e-06    215 3.91376e-06 4.84413e-06
   216 3.00989e-05 4.03102e-05 6.24210e-06 8.55637e-06    216 3.85792e-06 4.77313e-06
   217 2.95920e-05 3.96566e-05 6.10425e-06 8.37170e-06    217 3.80246e-06 4.70406e-06
   218 2.90959e-05 3.90206e-05 5.96933e-06 8.19084e-06    218 3.74964e-06 4.63457e-06
   219 2.86077e-05 3.84019e-05 5.83729e-06 8.01367e-06    219 3.69589e-06 4.56538e-06
   220 2.81353e-05 3.77911e-05 5.70804e-06 7.84011e-06    220 3.64422e-06 4.50005e-06
   221 2.76572e-05 3.71709e-05 5.58153e-06 7.67014e-06    221 3.59353e-06 4.43519e-06
   222 2.71802e-05 3.65839e-05 5.45774e-06 7.50365e-06    222 3.54389e-06 4.37240e-06
   223 2.67266e-05 3.59978e-05 5.33661e-06 7.34054e-06    223 3.49441e-06 4.30970e-06
   224 2.62770e-05 3.54406e-05 5.21803e-06 7.18073e-06    224 3.44647e-06 4.24839e-06
   225 2.58411e-05 3.48581e-05 5.10196e-06 7.02417e-06    225 3.39969e-06 4.18843e-06
   226 2.54044e-05 3.43090e-05 4.98834e-06 6.87080e-06    226 3.35315e-06 4.12830e-06
   227 2.49843e-05 3.37666e-05 4.87710e-06 6.72053e-06    227 3.30785e-06 4.07019e-06
   228 2.45567e-05 3.32127e-05 4.76823e-06 6.57332e-06    228 3.26346e-06 4.01332e-06
   229 2.41345e-05 3.26827e-05 4.66168e-06 6.42914e-06    229 3.21982e-06 3.95548e-06
   230 2.37318e-05 3.21495e-05 4.55740e-06 6.28790e-06    230 3.17740e-06 3.90034e-06
   231 2.33373e-05 3.16477e-05 4.45530e-06 6.14951e-06    231 3.13588e-06 3.84476e-06
   232 2.29511e-05 3.11463e-05 4.35533e-06 6.01389e-06    232 3.09455e-06 3.79071e-06
   233 2.25660e-05 3.06510e-05 4.25745e-06 5.88099e-06    233 3.05426e-06 3.73850e-06
   234 2.21811e-05 3.01643e-05 4.16163e-06 5.75077e-06    234 3.01437e-06 3.68785e-06
   235 2.18124e-05 2.96643e-05 4.06783e-06 5.62321e-06    235 2.97517e-06 3.63825e-06
   236 2.14483e-05 2.92008e-05 3.97598e-06 5.49823e-06    236 2.93715e-06 3.59056e-06
   237 2.10804e-05 2.87313e-05 3.88607e-06 5.37575e-06    237 2.89995e-06 3.54330e-06
   238 2.07357e-05 2.82638e-05 3.79804e-06 5.25577e-06    238 2.86291e-06 3.49546e-06
   239 2.03805e-05 2.78185e-05 3.71185e-06 5.13820e-06    239 2.82747e-06 3.44790e-06
   240 2.00529e-05 2.73643e-05 3.62743e-06 5.02299e-06    240 2.79116e-06 3.40170e-06
   241 1.97036e-05 2.69444e-05 3.54478e-06 4.91009e-06    241 2.75622e-06 3.35747e-06
   242 1.93699e-05 2.64957e-05 3.46388e-06 4.79945e-06    242 2.72185e-06 3.31451e-06
   243 1.90414e-05 2.60665e-05 3.38469e-06 4.69107e-06    243 2.68868e-06 3.27093e-06
   244 1.87207e-05 2.56463e-05 3.30715e-06 4.58489e-06    244 2.65583e-06 3.22763e-06
   245 1.84147e-05 2.52358e-05 3.23121e-06 4.48083e-06    245 2.62350e-06 3.18556e-06
   246 1.81009e-05 2.48427e-05 3.15684e-06 4.37884e-06    246 2.59169e-06 3.14439e-06
   247 1.77941e-05 2.44305e-05 3.08403e-06 4.27890e-06    247 2.56035e-06 3.10483e-06
   248 1.74990e-05 2.40377e-05 3.01274e-06 4.18099e-06    248 2.53049e-06 3.06543e-06
   249 1.72063e-05 2.36632e-05 2.94291e-06 4.08501e-06    249 2.50144e-06 3.02658e-06
   250 1.69256e-05 2.32886e-05 2.87451e-06 3.99092e-06    250 2.47284e-06 2.98939e-06
   251 1.66339e-05 2.29268e-05 2.80753e-06 3.89868e-06    251 2.44381e-06 2.95181e-06
   252 1.63627e-05 2.25418e-05 2.74193e-06 3.80829e-06    252 2.41558e-06 2.91478e-06
   253 1.60852e-05 2.21847e-05 2.67768e-06 3.71972e-06    253 2.38733e-06 2.87875e-06
   254 1.58171e-05 2.18295e-05 2.61475e-06 3.63291e-06    254 2.36090e-06 2.84456e-06
   255 1.55538e-05 2.14732e-05 2.55312e-06 3.54784e-06    255 2.33376e-06 2.80965e-06
   256 1.52911e-05 2.11233e-05 2.49276e-06 3.46448e-06    256 2.30744e-06 2.77484e-06
   257 1.50480e-05 2.07890e-05 2.43362e-06 3.38278e-06    257 2.28202e-06 2.74025e-06
   258 1.47841e-05 2.04649e-05 2.37570e-06 3.30268e-06    258 2.25651e-06 2.70753e-06
   259 1.45433e-05 2.01314e-05 2.31897e-06 3.22415e-06    259 2.23136e-06 2.67516e-06
   260 1.43003e-05 1.98089e-05 2.26340e-06 3.14720e-06    260 2.20721e-06 2.64443e-06
   261 1.40633e-05 1.94918e-05 2.20896e-06 3.07177e-06    261 2.18334e-06 2.61282e-06
   262 1.38332e-05 1.91828e-05 2.15562e-06 2.99782e-06    262 2.15989e-06 2.58236e-06
   263 1.35980e-05 1.88809e-05 2.10337e-06 2.92532e-06    263 2.13774e-06 2.55211e-06
   264 1.33810e-05 1.85706e-05 2.05218e-06 2.85426e-06    264 2.11622e-06 2.52282e-06
   265 1.31519e-05 1.82759e-05 2.00202e-06 2.78461e-06    265 2.09417e-06 2.49436e-06
   266 1.29387e-05 1.79824e-05 1.95289e-06 2.71633e-06    266 2.07263e-06 2.46656e-06
   267 1.27248e-05 1.76991e-05 1.90474e-06 2.64938e-06    267 2.05155e-06 2.43900e-06
   268 1.25129e-05 1.74149e-05 1.85757e-06 2.58375e-06    268 2.03090e-06 2.41209e-06
   269 1.23077e-05 1.71324e-05 1.81135e-06 2.51942e-06    269 2.01105e-06 2.38604e-06
   270 1.21018e-05 1.68612e-05 1.76606e-06 2.45635e-06    270 1.99158e-06 2.35999e-06
   271 1.19097e-05 1.65915e-05 1.72168e-06 2.39452e-06    271 1.97245e-06 2.33374e-06
   272 1.17062e-05 1.63262e-05 1.67819e-06 2.33390e-06    272 1.95313e-06 2.30822e-06
   273 1.15213e-05 1.60670e-05 1.63557e-06 2.27446e-06    273 1.93443e-06 2.28390e-06
   274 1.13314e-05 1.58128e-05 1.59380e-06 2.21618e-06    274 1.91598e-06 2.26006e-06
   275 1.11366e-05 1.55584e-05 1.55287e-06 2.15904e-06    275 1.89793e-06 2.23637e-06
   276 1.09672e-05 1.53110e-05 1.51276e-06 2.10302e-06    276 1.88104e-06 2.21360e-06
   277 1.07797e-05 1.50680e-05 1.47343e-06 2.04808e-06    277 1.86413e-06 2.19077e-06
   278 1.06177e-05 1.48267e-05 1.43488e-06 1.99422e-06    278 1.84734e-06 2.16883e-06
   279 1.04412e-05 1.45952e-05 1.39707e-06 1.94140e-06    279 1.83090e-06 2.14727e-06
   280 1.02569e-05 1.43593e-05 1.36004e-06 1.88960e-06    280 1.81460e-06 2.12515e-06
   281 1.01085e-05 1.41366e-05 1.32374e-06 1.83881e-06    281 1.79859e-06 2.10447e-06
   282 9.93331e-06 1.39086e-05 1.28815e-06 1.78899e-06    282 1.78308e-06 2.08421e-06
   283 9.79218e-06 1.36938e-05 1.25323e-06 1.74014e-06    283 1.76886e-06 2.06367e-06
   284 9.62580e-06 1.34735e-05 1.21899e-06 1.69223e-06    284 1.75459e-06 2.04439e-06
   285 9.46171e-06 1.32577e-05 1.18544e-06 1.64525e-06    285 1.74034e-06 2.02540e-06
   286 9.33031e-06 1.30559e-05 1.15253e-06 1.59917e-06    286 1.72621e-06 2.00599e-06
   287 9.16011e-06 1.28454e-05 1.12026e-06 1.55397e-06    287 1.71263e-06 1.98783e-06
   288 9.03124e-06 1.26460e-05 1.08863e-06 1.50963e-06    288 1.69907e-06 1.96960e-06
   289 8.88247e-06 1.24478e-05 1.05758e-06 1.46614e-06    289 1.68597e-06 1.95229e-06
   290 8.74160e-06 1.22472e-05 1.02714e-06 1.42349e-06    290 1.67384e-06 1.93561e-06
   291 8.61774e-06 1.20611e-05 9.97266e-07 1.38166e-06    291 1.66218e-06 1.91884e-06
   292 8.45216e-06 1.18642e-05 9.67987e-07 1.34062e-06    292 1.65003e-06 1.90199e-06
   293 8.34805e-06 1.16881e-05 9.39269e-07 1.30036e-06    293 1.63841e-06 1.88582e-06
   294 8.20502e-06 1.14996e-05 9.11070e-07 1.26086e-06    294 1.62672e-06 1.87060e-06
   295 8.08104e-06 1.13257e-05 8.83420e-07 1.22211e-06    295 1.61559e-06 1.85577e-06
   296 7.96242e-06 1.11481e-05 8.56274e-07 1.18408e-06    296 1.60504e-06 1.84085e-06
   297 7.81853e-06 1.09700e-05 8.29663e-07 1.14678e-06    297 1.59545e-06 1.82603e-06
   298 7.72005e-06 1.08117e-05 8.03548e-07 1.11017e-06    298 1.58545e-06 1.81207e-06
   299 7.58926e-06 1.06409e-05 7.77905e-07 1.07424e-06    299 1.57570e-06 1.79856e-06
   300 7.48122e-06 1.04798e-05 7.52746e-07 1.03898e-06    300 1.56664e-06 1.78606e-06
   301 7.37285e-06 1.03218e-05 7.28030e-07 1.00437e-06    301 1.55790e-06 1.77301e-06
   302 7.25007e-06 1.01569e-05 7.03781e-07 9.70409e-07    302 1.54920e-06 1.76022e-06
   303 7.16178e-06 1.00121e-05 6.79960e-07 9.37073e-07    303 1.54064e-06 1.74759e-06
   304 7.03838e-06 9.85526e-06 6.56567e-07 9.04343e-07    304 1.53248e-06 1.73601e-06
   305 6.93555e-06 9.70529e-06 6.33621e-07 8.72225e-07    305 1.52474e-06 1.72432e-06
   306 6.83470e-06 9.56077e-06 6.11084e-07 8.40693e-07    306 1.51741e-06 1.71282e-06
   307 6.73559e-06 9.41967e-06 5.88947e-07 8.09730e-07    307 1.51004e-06 1.70191e-06
   308 6.65550e-06 9.28460e-06 5.67173e-07 7.79317e-07    308 1.50302e-06 1.69115e-06
   309 6.52942e-06 9.13409e-06 5.45804e-07 7.49466e-07    309 1.49626e-06 1.68104e-06
   310 6.45566e-06 9.00558e-06 5.24827e-07 7.20161e-07    310 1.48953e-06 1.67126e-06
   311 6.35219e-06 8.86851e-06 5.04203e-07 6.91379e-07    311 1.48333e-06 1.66204e-06
   312 6.26864e-06 8.74201e-06 4.83945e-07 6.63112e-07    312 1.47804e-06 1.65273e-06
   313 6.18463e-06 8.61717e-06 4.64019e-07 6.35337e-07    313 1.47333e-06 1.64399e-06
   314 6.09506e-06 8.49052e-06 4.44435e-07 6.08052e-07    314 1.46861e-06 1.63568e-06
   315 6.00953e-06 8.36376e-06 4.25191e-07 5.81258e-07    315 1.46396e-06 1.62782e-06
   316 5.93123e-06 8.24875e-06 4.06267e-07 5.54930e-07    316 1.45934e-06 1.61944e-06
   317 5.85161e-06 8.13102e-06 3.87654e-07 5.29055e-07    317 1.45507e-06 1.61227e-06
   318 5.77045e-06 8.01316e-06 3.69352e-07 5.03632e-07    318 1.45160e-06 1.60499e-06
   319 5.69951e-06 7.90479e-06 3.51346e-07 4.78643e-07    319 1.44831e-06 1.59870e-06
   320 5.63153e-06 7.80074e-06 3.33613e-07 4.54065e-07    320 1.44560e-06 1.59237e-06
   321 5.55368e-06 7.68961e-06 3.16164e-07 4.29900e-07    321 1.44347e-06 1.58657e-06
   322 5.47923e-06 7.58236e-06 2.99006e-07 4.06149e-07    322 1.44050e-06 1.58068e-06
   323 5.40982e-06 7.47785e-06 2.82124e-07 3.82800e-07    323 1.43873e-06 1.57533e-06
   324 5.37048e-06 7.39587e-06 2.65462e-07 3.59811e-07    324 1.43712e-06 1.57060e-06
   325 5.29520e-06 7.29179e-06 2.49028e-07 3.37180e-07    325 1.43657e-06 1.56614e-06
   326 5.22862e-06 7.19364e-06 2.32862e-07 3.14929e-07    326 1.43498e-06 1.56102e-06
   327 5.17838e-06 7.10772e-06 2.16925e-07 2.93029e-07    327 1.43390e-06 1.55596e-06
   328 5.10316e-06 7.00693e-06 2.01229e-07 2.71480e-07    328 1.43330e-06 1.55130e-06
   329 5.07421e-06 6.93728e-06 1.85738e-07 2.50256e-07    329 1.43323e-06 1.54651e-06
   330 4.99934e-06 6.84032e-06 1.70452e-07 2.29350e-07    330 1.43219e-06 1.54087e-06
   331 4.96589e-06 6.77283e-06 1.55376e-07 2.08755e-07    331 1.43141e-06 1.53545e-06
   332 4.93209e-06 6.70537e-06 1.40447e-07 1.88427e-07    332 1.42977e-06 1.52884e-06
   333 4.87580e-06 6.62398e-06 1.25699e-07 1.68383e-07    333 1.42812e-06 1.52131e-06
   334 4.85281e-06 6.56659e-06 1.11113e-07 1.48607e-07    334 1.42602e-06 1.51217e-06
   335 4.79547e-06 6.48866e-06 9.66911e-08 1.29092e-07    335 1.42154e-06 1.49940e-06
   336 4.79771e-06 6.45374e-06 8.23941e-08 1.09803e-07    336 1.41222e-06 1.48076e-06
   337 4.78620e-06 6.41378e-06 6.81535e-08 9.06840e-08    337 1.39327e-06 1.45034e-06
   338 4.73519e-06 6.34220e-06 5.40479e-08 7.17864e-08    338 1.36252e-06 1.40418e-06
   339 4.79044e-06 6.35339e-06 3.99779e-08 5.30340e-08    339 1.27346e-06 1.28655e-06
   340 4.80543e-06 6.34419e-06 2.58456e-08 3.43337e-08    340 1.01437e-06 1.00150e-06
   341 4.46066e-06 5.90978e-06 1.22455e-08 1.63474e-08    341 3.60958e-06 3.57363e-06
   342 3.91490e-06 5.26781e-06 0.00000e+00 0.00000e+00    342 0.00000e+00 0.00000e+00
