     0 5.39624e-02 1.39521e-01
     1 1.79910e-01 2.03839e-01
     2 3.79204e-02 3.82781e-02
     3 1.78802e-02 2.04681e-02
     4 1.04848e-02 1.30316e-02
     5 7.41497e-03 9.25922e-03
     6 5.49390e-03 6.95646e-03
     7 4.31434e-03 5.56115e-03
     8 3.49875e-03 4.56358e-03
     9 2.91383e-03 3.76210e-03
    10 2.46581e-03 3.19231e-03
    11 2.12371e-03 2.73723e-03
    12 1.85850e-03 2.38736e-03
    13 1.63695e-03 2.09406e-03
    14 1.45746e-03 1.85802e-03
    15 1.30793e-03 1.66575e-03
    16 1.17865e-03 1.50442e-03
    17 1.06794e-03 1.36445e-03
    18 9.73509e-04 1.24079e-03
    19 8.92576e-04 1.13011e-03
    20 8.18114e-04 1.03472e-03
    21 7.55531e-04 9.52945e-04
    22 6.99579e-04 8.80043e-04
    23 6.50126e-04 8.17363e-04
    24 6.04834e-04 7.61634e-04
    25 5.63912e-04 7.10524e-04
    26 5.28443e-04 6.62341e-04
    27 4.95619e-04 6.22013e-04
    28 4.65242e-04 5.85343e-04
    29 4.37807e-04 5.49912e-04
    30 4.12399e-04 5.18149e-04
    31 3.89040e-04 4.88677e-04
    32 3.68064e-04 4.61164e-04
    33 3.48748e-04 4.36427e-04
    34 3.30834e-04 4.13385e-04
    35 3.14108e-04 3.92135e-04
    36 2.98553e-04 3.73012e-04
    37 2.83729e-04 3.54706e-04
    38 2.70344e-04 3.37665e-04
    39 2.58116e-04 3.21836e-04
    40 2.46464e-04 3.07131e-04
    41 2.35329e-04 2.93353e-04
    42 2.24973e-04 2.80427e-04
    43 2.15084e-04 2.67936e-04
    44 2.06057e-04 2.56264e-04
    45 1.97419e-04 2.45793e-04
    46 1.89277e-04 2.35636e-04
    47 1.81725e-04 2.26228e-04
    48 1.74517e-04 2.17183e-04
    49 1.67766e-04 2.08491e-04
    50 1.61287e-04 2.00468e-04
    51 1.55138e-04 1.92713e-04
    52 1.49235e-04 1.85436e-04
    53 1.43757e-04 1.78539e-04
    54 1.38519e-04 1.71832e-04
    55 1.33557e-04 1.65599e-04
    56 1.28731e-04 1.59686e-04
    57 1.24173e-04 1.54103e-04
    58 1.19798e-04 1.48766e-04
    59 1.15755e-04 1.43631e-04
    60 1.11788e-04 1.38776e-04
    61 1.07964e-04 1.34130e-04
    62 1.04408e-04 1.29652e-04
    63 1.00917e-04 1.25368e-04
    64 9.76260e-05 1.21263e-04
    65 9.44421e-05 1.17371e-04
    66 9.13847e-05 1.13580e-04
    67 8.84893e-05 1.10001e-04
    68 8.57172e-05 1.06613e-04
    69 8.30322e-05 1.03330e-04
    70 8.04999e-05 1.00227e-04
    71 7.80708e-05 9.71390e-05
    72 7.57454e-05 9.42494e-05
    73 7.34668e-05 9.14160e-05
    74 7.13048e-05 8.86511e-05
    75 6.92086e-05 8.60548e-05
    76 6.71864e-05 8.35605e-05
    77 6.52050e-05 8.11353e-05
    78 6.33167e-05 7.88733e-05
    79 6.15118e-05 7.66710e-05
    80 5.98286e-05 7.45302e-05
    81 5.81671e-05 7.24185e-05
    82 5.65207e-05 7.04061e-05
    83 5.49644e-05 6.84664e-05
    84 5.34213e-05 6.65930e-05
    85 5.19582e-05 6.47628e-05
    86 5.05894e-05 6.29995e-05
    87 4.92419e-05 6.13177e-05
    88 4.79100e-05 5.97133e-05
    89 4.66229e-05 5.81522e-05
    90 4.53977e-05 5.66340e-05
    91 4.42009e-05 5.51690e-05
    92 4.30695e-05 5.37546e-05
    93 4.19647e-05 5.23832e-05
    94 4.08693e-05 5.10461e-05
    95 3.98348e-05 4.97364e-05
    96 3.88323e-05 4.84902e-05
    97 3.78607e-05 4.72798e-05
    98 3.69176e-05 4.61165e-05
    99 3.59901e-05 4.49945e-05
   100 3.50927e-05 4.38968e-05
   101 3.42305e-05 4.28332e-05
   102 3.34078e-05 4.17927e-05
   103 3.25967e-05 4.07966e-05
   104 3.18106e-05 3.98181e-05
   105 3.10542e-05 3.88686e-05
   106 3.03229e-05 3.79324e-05
   107 2.95975e-05 3.70373e-05
   108 2.88974e-05 3.61721e-05
   109 2.81976e-05 3.53292e-05
   110 2.75454e-05 3.45184e-05
   111 2.69093e-05 3.37259e-05
   112 2.62785e-05 3.29507e-05
   113 2.56650e-05 3.21992e-05
   114 2.50801e-05 3.14541e-05
   115 2.45195e-05 3.07306e-05
   116 2.39653e-05 3.00313e-05
   117 2.34350e-05 2.93505e-05
   118 2.29077e-05 2.86875e-05
   119 2.23903e-05 2.80666e-05
   120 2.18977e-05 2.74517e-05
   121 2.14212e-05 2.68401e-05
   122 2.09585e-05 2.62458e-05
   123 2.05057e-05 2.56868e-05
   124 2.00595e-05 2.51465e-05
   125 1.96211e-05 2.46043e-05
   126 1.91920e-05 2.40745e-05
   127 1.87772e-05 2.35582e-05
   128 1.83803e-05 2.30587e-05
   129 1.79941e-05 2.25708e-05
   130 1.76092e-05 2.20960e-05
   131 1.72348e-05 2.16258e-05
   132 1.68709e-05 2.11809e-05
   133 1.65203e-05 2.07397e-05
   134 1.61793e-05 2.03094e-05
   135 1.58432e-05 1.98904e-05
   136 1.55173e-05 1.94882e-05
   137 1.52007e-05 1.90938e-05
   138 1.48882e-05 1.87117e-05
   139 1.45842e-05 1.83387e-05
   140 1.42862e-05 1.79648e-05
   141 1.40043e-05 1.75955e-05
   142 1.37270e-05 1.72476e-05
   143 1.34553e-05 1.69097e-05
   144 1.31858e-05 1.65810e-05
   145 1.29285e-05 1.62520e-05
   146 1.26789e-05 1.59298e-05
   147 1.24320e-05 1.56147e-05
   148 1.21896e-05 1.53097e-05
   149 1.19535e-05 1.50187e-05
   150 1.17170e-05 1.47342e-05
   151 1.14951e-05 1.44528e-05
   152 1.12776e-05 1.41759e-05
   153 1.10641e-05 1.39055e-05
   154 1.08529e-05 1.36434e-05
   155 1.06465e-05 1.33913e-05
   156 1.04449e-05 1.31403e-05
   157 1.02513e-05 1.28900e-05
   158 1.00582e-05 1.26460e-05
   159 9.87034e-06 1.24100e-05
   160 9.68834e-06 1.21775e-05
   161 9.51210e-06 1.19544e-05
   162 9.33902e-06 1.17345e-05
   163 9.16908e-06 1.15218e-05
   164 9.00137e-06 1.13097e-05
   165 8.83858e-06 1.11066e-05
   166 8.68047e-06 1.09077e-05
   167 8.52487e-06 1.07082e-05
   168 8.37429e-06 1.05152e-05
   169 8.22775e-06 1.03280e-05
   170 8.08096e-06 1.01435e-05
   171 7.93778e-06 9.96393e-06
   172 7.79799e-06 9.78896e-06
   173 7.66118e-06 9.61678e-06
   174 7.52784e-06 9.44782e-06
   175 7.39766e-06 9.28284e-06
   176 7.27306e-06 9.12500e-06
   177 7.14919e-06 8.96678e-06
   178 7.02863e-06 8.81108e-06
   179 6.90742e-06 8.65971e-06
   180 6.79134e-06 8.51074e-06
   181 6.67584e-06 8.36478e-06
   182 6.56464e-06 8.22239e-06
   183 6.45548e-06 8.08624e-06
   184 6.35030e-06 7.94699e-06
   185 6.24514e-06 7.81238e-06
   186 6.14117e-06 7.68436e-06
   187 6.04123e-06 7.55533e-06
   188 5.94135e-06 7.42700e-06
   189 5.84290e-06 7.30469e-06
   190 5.74806e-06 7.18514e-06
   191 5.65653e-06 7.06774e-06
   192 5.56663e-06 6.94992e-06
   193 5.47695e-06 6.83612e-06
   194 5.39043e-06 6.72656e-06
   195 5.30493e-06 6.61865e-06
   196 5.22069e-06 6.51244e-06
   197 5.13840e-06 6.40960e-06
   198 5.05876e-06 6.30563e-06
   199 4.98096e-06 6.20424e-06
   200 4.90249e-06 6.10838e-06
   201 4.82628e-06 6.01335e-06
   202 4.75317e-06 5.91944e-06
   203 4.68191e-06 5.82678e-06
   204 4.61120e-06 5.73532e-06
   205 4.54008e-06 5.64751e-06
   206 4.46961e-06 5.55981e-06
   207 4.40145e-06 5.47453e-06
   208 4.33702e-06 5.38939e-06
   209 4.27352e-06 5.30611e-06
   210 4.21196e-06 5.22587e-06
   211 4.14984e-06 5.14573e-06
   212 4.08871e-06 5.06788e-06
   213 4.02908e-06 4.99116e-06
   214 3.97063e-06 4.91756e-06
   215 3.91376e-06 4.84413e-06
   216 3.85792e-06 4.77313e-06
   217 3.80246e-06 4.70406e-06
   218 3.74964e-06 4.63457e-06
   219 3.69589e-06 4.56538e-06
   220 3.64422e-06 4.50005e-06
   221 3.59353e-06 4.43519e-06
   222 3.54389e-06 4.37240e-06
   223 3.49441e-06 4.30970e-06
   224 3.44647e-06 4.24839e-06
   225 3.39969e-06 4.18843e-06
   226 3.35315e-06 4.12830e-06
   227 3.30785e-06 4.07019e-06
   228 3.26346e-06 4.01332e-06
   229 3.21982e-06 3.95548e-06
   230 3.17740e-06 3.90034e-06
   231 3.13588e-06 3.84476e-06
   232 3.09455e-06 3.79071e-06
   233 3.05426e-06 3.73850e-06
   234 3.01437e-06 3.68785e-06
   235 2.97517e-06 3.63825e-06
   236 2.93715e-06 3.59056e-06
   237 2.89995e-06 3.54330e-06
   238 2.86291e-06 3.49546e-06
   239 2.82747e-06 3.44790e-06
   240 2.79116e-06 3.40170e-06
   241 2.75622e-06 3.35747e-06
   242 2.72185e-06 3.31451e-06
   243 2.68868e-06 3.27093e-06
   244 2.65583e-06 3.22763e-06
   245 2.62350e-06 3.18556e-06
   246 2.59169e-06 3.14439e-06
   247 2.56035e-06 3.10483e-06
   248 2.53049e-06 3.06543e-06
   249 2.50144e-06 3.02658e-06
   250 2.47284e-06 2.98939e-06
   251 2.44381e-06 2.95181e-06
   252 2.41558e-06 2.91478e-06
   253 2.38733e-06 2.87875e-06
   254 2.36090e-06 2.84456e-06
   255 2.33376e-06 2.80965e-06
   256 2.30744e-06 2.77484e-06
   257 2.28202e-06 2.74025e-06
   258 2.25651e-06 2.70753e-06
   259 2.23136e-06 2.67516e-06
   260 2.20721e-06 2.64443e-06
   261 2.18334e-06 2.61282e-06
   262 2.15989e-06 2.58236e-06
   263 2.13774e-06 2.55211e-06
   264 2.11622e-06 2.52282e-06
   265 2.09417e-06 2.49436e-06
   266 2.07263e-06 2.46656e-06
   267 2.05155e-06 2.43900e-06
   268 2.03090e-06 2.41209e-06
   269 2.01105e-06 2.38604e-06
   270 1.99158e-06 2.35999e-06
   271 1.97245e-06 2.33374e-06
   272 1.95313e-06 2.30822e-06
   273 1.93443e-06 2.28390e-06
   274 1.91598e-06 2.26006e-06
   275 1.89793e-06 2.23637e-06
   276 1.88104e-06 2.21360e-06
   277 1.86413e-06 2.19077e-06
   278 1.84734e-06 2.16883e-06
   279 1.83090e-06 2.14727e-06
   280 1.81460e-06 2.12515e-06
   281 1.79859e-06 2.10447e-06
   282 1.78308e-06 2.08421e-06
   283 1.76886e-06 2.06367e-06
   284 1.75459e-06 2.04439e-06
   285 1.74034e-06 2.02540e-06
   286 1.72621e-06 2.00599e-06
   287 1.71263e-06 1.98783e-06
   288 1.69907e-06 1.96960e-06
   289 1.68597e-06 1.95229e-06
   290 1.67384e-06 1.93561e-06
   291 1.66218e-06 1.91884e-06
   292 1.65003e-06 1.90199e-06
   293 1.63841e-06 1.88582e-06
   294 1.62672e-06 1.87060e-06
   295 1.61559e-06 1.85577e-06
   296 1.60504e-06 1.84085e-06
   297 1.59545e-06 1.82603e-06
   298 1.58545e-06 1.81207e-06
   299 1.57570e-06 1.79856e-06
   300 1.56664e-06 1.78606e-06
   301 1.55790e-06 1.77301e-06
   302 1.54920e-06 1.76022e-06
   303 1.54064e-06 1.74759e-06
   304 1.53248e-06 1.73601e-06
   305 1.52474e-06 1.72432e-06
   306 1.51741e-06 1.71282e-06
   307 1.51004e-06 1.70191e-06
   308 1.50302e-06 1.69115e-06
   309 1.49626e-06 1.68104e-06
   310 1.48953e-06 1.67126e-06
   311 1.48333e-06 1.66204e-06
   312 1.47804e-06 1.65273e-06
   313 1.47333e-06 1.64399e-06
   314 1.46861e-06 1.63568e-06
   315 1.46396e-06 1.62782e-06
   316 1.45934e-06 1.61944e-06
   317 1.45507e-06 1.61227e-06
   318 1.45160e-06 1.60499e-06
   319 1.44831e-06 1.59870e-06
   320 1.44560e-06 1.59237e-06
   321 1.44347e-06 1.58657e-06
   322 1.44050e-06 1.58068e-06
   323 1.43873e-06 1.57533e-06
   324 1.43712e-06 1.57060e-06
   325 1.43657e-06 1.56614e-06
   326 1.43498e-06 1.56102e-06
   327 1.43390e-06 1.55596e-06
   328 1.43330e-06 1.55130e-06
   329 1.43323e-06 1.54651e-06
   330 1.43219e-06 1.54087e-06
   331 1.43141e-06 1.53545e-06
   332 1.42977e-06 1.52884e-06
   333 1.42812e-06 1.52131e-06
   334 1.42602e-06 1.51217e-06
   335 1.42154e-06 1.49940e-06
   336 1.41222e-06 1.48076e-06
   337 1.39327e-06 1.45034e-06
   338 1.36252e-06 1.40418e-06
   339 1.27346e-06 1.28655e-06
   340 1.01437e-06 1.00150e-06
   341 3.60958e-06 3.57363e-06
   342 0.00000e+00 0.00000e+00
