     0 2.61917e-16 2.14204e-16 0.00000e+00 0.00000e+00
     1 3.80858e-01 4.46441e-01 1.87921e-01 2.38278e-01
     2 8.21097e-02 1.10870e-01 5.29622e-02 7.12943e-02
     3 4.12785e-02 5.25986e-02 2.88888e-02 3.96087e-02
     4 2.74905e-02 3.81280e-02 1.91310e-02 2.66699e-02
     5 2.05329e-02 2.79784e-02 1.38107e-02 1.93526e-02
     6 1.50895e-02 2.21161e-02 1.05887e-02 1.48069e-02
     7 1.26094e-02 1.76067e-02 8.45956e-03 1.17584e-02
     8 1.02211e-02 1.39878e-02 6.94084e-03 9.65825e-03
     9 8.39489e-03 1.20617e-02 5.84804e-03 8.12695e-03
    10 7.27261e-03 1.05292e-02 5.02409e-03 6.93868e-03
    11 6.32582e-03 9.05091e-03 4.37710e-03 6.00736e-03
    12 5.73169e-03 8.11452e-03 3.85296e-03 5.26131e-03
    13 5.09368e-03 7.16465e-03 3.42021e-03 4.65060e-03
    14 4.54358e-03 6.39982e-03 3.06350e-03 4.14852e-03
    15 4.19120e-03 5.77170e-03 2.76235e-03 3.72902e-03
    16 3.81617e-03 5.28209e-03 2.50414e-03 3.37255e-03
    17 3.52129e-03 4.86259e-03 2.28185e-03 3.06522e-03
    18 3.22775e-03 4.42010e-03 2.08909e-03 2.80013e-03
    19 2.98236e-03 4.09699e-03 1.92129e-03 2.56999e-03
    20 2.76829e-03 3.83274e-03 1.77388e-03 2.36669e-03
    21 2.56749e-03 3.54875e-03 1.64377e-03 2.18671e-03
    22 2.40206e-03 3.27840e-03 1.52822e-03 2.02799e-03
    23 2.25392e-03 3.08525e-03 1.42477e-03 1.88660e-03
    24 2.12733e-03 2.88860e-03 1.33157e-03 1.75952e-03
    25 2.00294e-03 2.72236e-03 1.24729e-03 1.64503e-03
    26 1.88631e-03 2.56090e-03 1.17104e-03 1.54146e-03
    27 1.78039e-03 2.41112e-03 1.10187e-03 1.44766e-03
    28 1.69456e-03 2.27865e-03 1.03870e-03 1.36241e-03
    29 1.61526e-03 2.17168e-03 9.80635e-04 1.28434e-03
    30 1.53281e-03 2.05175e-03 9.27285e-04 1.21277e-03
    31 1.45781e-03 1.94616e-03 8.78265e-04 1.14724e-03
    32 1.38038e-03 1.85123e-03 8.33222e-04 1.08697e-03
    33 1.32102e-03 1.76858e-03 7.91665e-04 1.03129e-03
    34 1.26463e-03 1.68500e-03 7.53077e-04 9.79745e-04
    35 1.20868e-03 1.61308e-03 7.17235e-04 9.31951e-04
    36 1.16031e-03 1.54732e-03 6.83871e-04 8.87442e-04
    37 1.11394e-03 1.47858e-03 6.52720e-04 8.45996e-04
    38 1.07232e-03 1.41592e-03 6.23571e-04 8.07406e-04
    39 1.02558e-03 1.36072e-03 5.96329e-04 7.71349e-04
    40 9.90037e-04 1.30713e-03 5.70816e-04 7.37581e-04
    41 9.57196e-04 1.26118e-03 5.46777e-04 7.05875e-04
    42 9.20439e-04 1.21310e-03 5.24157e-04 6.76067e-04
    43 8.89224e-04 1.16730e-03 5.02868e-04 6.48064e-04
    44 8.55707e-04 1.12633e-03 4.82813e-04 6.21702e-04
    45 8.29241e-04 1.08389e-03 4.63882e-04 5.96871e-04
    46 8.02342e-04 1.05067e-03 4.45953e-04 5.73415e-04
    47 7.77318e-04 1.01547e-03 4.28968e-04 5.51200e-04
    48 7.51775e-04 9.81892e-04 4.12873e-04 5.30176e-04
    49 7.28145e-04 9.47920e-04 3.97617e-04 5.10282e-04
    50 7.06385e-04 9.18048e-04 3.83127e-04 4.91435e-04
    51 6.84651e-04 8.87683e-04 3.69356e-04 4.73558e-04
    52 6.63249e-04 8.61245e-04 3.56270e-04 4.56579e-04
    53 6.45224e-04 8.38592e-04 3.43809e-04 4.40390e-04
    54 6.25114e-04 8.12745e-04 3.31937e-04 4.24958e-04
    55 6.08793e-04 7.89163e-04 3.20617e-04 4.10262e-04
    56 5.90590e-04 7.64530e-04 3.09812e-04 3.96266e-04
    57 5.75147e-04 7.42384e-04 2.99496e-04 3.82931e-04
    58 5.60650e-04 7.24092e-04 2.89620e-04 3.70179e-04
    59 5.45560e-04 7.04330e-04 2.80166e-04 3.57971e-04
    60 5.31592e-04 6.85147e-04 2.71114e-04 3.46295e-04
    61 5.17413e-04 6.66275e-04 2.62445e-04 3.35127e-04
    62 5.03059e-04 6.48078e-04 2.54149e-04 3.24441e-04
    63 4.90036e-04 6.31122e-04 2.46204e-04 3.14208e-04
    64 4.77765e-04 6.14623e-04 2.38584e-04 3.04400e-04
    65 4.66623e-04 5.99482e-04 2.31264e-04 2.94988e-04
    66 4.55258e-04 5.84248e-04 2.24226e-04 2.85952e-04
    67 4.45124e-04 5.71011e-04 2.17457e-04 2.77266e-04
    68 4.34157e-04 5.56058e-04 2.10944e-04 2.68918e-04
    69 4.23536e-04 5.41779e-04 2.04684e-04 2.60905e-04
    70 4.14476e-04 5.30093e-04 1.98655e-04 2.53194e-04
    71 4.04474e-04 5.16927e-04 1.92847e-04 2.45768e-04
    72 3.95738e-04 5.05540e-04 1.87251e-04 2.38619e-04
    73 3.85984e-04 4.93381e-04 1.81860e-04 2.31730e-04
    74 3.77911e-04 4.81528e-04 1.76664e-04 2.25098e-04
    75 3.69295e-04 4.70355e-04 1.71649e-04 2.18710e-04
    76 3.60867e-04 4.59511e-04 1.66814e-04 2.12552e-04
    77 3.53467e-04 4.49512e-04 1.62145e-04 2.06611e-04
    78 3.45326e-04 4.38467e-04 1.57637e-04 2.00882e-04
    79 3.38451e-04 4.30431e-04 1.53282e-04 1.95348e-04
    80 3.30962e-04 4.20852e-04 1.49072e-04 1.89994e-04
    81 3.24084e-04 4.11630e-04 1.45003e-04 1.84823e-04
    82 3.17494e-04 4.02925e-04 1.41067e-04 1.79826e-04
    83 3.10417e-04 3.94028e-04 1.37262e-04 1.74996e-04
    84 3.04852e-04 3.86289e-04 1.33577e-04 1.70324e-04
    85 2.98185e-04 3.78109e-04 1.30009e-04 1.65801e-04
    86 2.91851e-04 3.69699e-04 1.26559e-04 1.61428e-04
    87 2.86149e-04 3.62526e-04 1.23218e-04 1.57195e-04
    88 2.80113e-04 3.54979e-04 1.19982e-04 1.53095e-04
    89 2.75084e-04 3.48163e-04 1.16846e-04 1.49123e-04
    90 2.69360e-04 3.40776e-04 1.13804e-04 1.45274e-04
    91 2.64092e-04 3.34004e-04 1.10857e-04 1.41546e-04
    92 2.58891e-04 3.27576e-04 1.07999e-04 1.37931e-04
    93 2.53559e-04 3.20705e-04 1.05229e-04 1.34427e-04
    94 2.49114e-04 3.15100e-04 1.02541e-04 1.31027e-04
    95 2.44011e-04 3.08604e-04 9.99321e-05 1.27727e-04
    96 2.39472e-04 3.02551e-04 9.74008e-05 1.24527e-04
    97 2.34797e-04 2.96918e-04 9.49435e-05 1.21421e-04
    98 2.30133e-04 2.90576e-04 9.25593e-05 1.18409e-04
    99 2.26117e-04 2.85305e-04 9.02434e-05 1.15486e-04
   100 2.21696e-04 2.79691e-04 8.79931e-05 1.12646e-04
   101 2.17679e-04 2.74651e-04 8.58072e-05 1.09889e-04
   102 2.13467e-04 2.69401e-04 8.36834e-05 1.07209e-04
   103 2.09492e-04 2.64325e-04 8.16202e-05 1.04605e-04
   104 2.05795e-04 2.59870e-04 7.96140e-05 1.02073e-04
   105 2.01669e-04 2.54609e-04 7.76645e-05 9.96112e-05
   106 1.98317e-04 2.50231e-04 7.57688e-05 9.72186e-05
   107 1.94388e-04 2.45237e-04 7.39252e-05 9.48925e-05
   108 1.91018e-04 2.40928e-04 7.21326e-05 9.26313e-05
   109 1.87589e-04 2.36645e-04 7.03880e-05 9.04306e-05
   110 1.84107e-04 2.32228e-04 6.86907e-05 8.82897e-05
   111 1.80742e-04 2.28228e-04 6.70399e-05 8.62062e-05
   112 1.77490e-04 2.23926e-04 6.54335e-05 8.41787e-05
   113 1.74262e-04 2.20176e-04 6.38702e-05 8.22049e-05
   114 1.71084e-04 2.16031e-04 6.23489e-05 8.02833e-05
   115 1.68007e-04 2.12158e-04 6.08682e-05 7.84136e-05
   116 1.65140e-04 2.08527e-04 5.94260e-05 7.65925e-05
   117 1.62139e-04 2.04879e-04 5.80214e-05 7.48182e-05
   118 1.59422e-04 2.01335e-04 5.66531e-05 7.30897e-05
   119 1.56519e-04 1.97720e-04 5.53200e-05 7.14059e-05
   120 1.53796e-04 1.94166e-04 5.40216e-05 6.97663e-05
   121 1.51138e-04 1.90924e-04 5.27564e-05 6.81684e-05
   122 1.48340e-04 1.87607e-04 5.15240e-05 6.66107e-05
   123 1.45847e-04 1.84379e-04 5.03233e-05 6.50924e-05
   124 1.43050e-04 1.80886e-04 4.91537e-05 6.36137e-05
   125 1.40610e-04 1.78047e-04 4.80145e-05 6.21722e-05
   126 1.38159e-04 1.74807e-04 4.69039e-05 6.07664e-05
   127 1.35865e-04 1.71914e-04 4.58208e-05 5.93960e-05
   128 1.33429e-04 1.68997e-04 4.47648e-05 5.80591e-05
   129 1.31026e-04 1.66025e-04 4.37358e-05 5.67556e-05
   130 1.28903e-04 1.63388e-04 4.27322e-05 5.54837e-05
   131 1.26608e-04 1.60477e-04 4.17533e-05 5.42429e-05
   132 1.24508e-04 1.57766e-04 4.07985e-05 5.30329e-05
   133 1.22382e-04 1.55030e-04 3.98668e-05 5.18525e-05
   134 1.20213e-04 1.52426e-04 3.89582e-05 5.07010e-05
   135 1.18322e-04 1.50131e-04 3.80715e-05 4.95763e-05
   136 1.16098e-04 1.47398e-04 3.72065e-05 4.84784e-05
   137 1.14271e-04 1.45073e-04 3.63627e-05 4.74071e-05
   138 1.12216e-04 1.42500e-04 3.55391e-05 4.63614e-05
   139 1.10323e-04 1.40234e-04 3.47357e-05 4.53407e-05
   140 1.08628e-04 1.38027e-04 3.39510e-05 4.43434e-05
   141 1.06612e-04 1.35560e-04 3.31850e-05 4.33698e-05
   142 1.04965e-04 1.33436e-04 3.24374e-05 4.24193e-05
   143 1.03147e-04 1.31188e-04 3.17072e-05 4.14908e-05
   144 1.01371e-04 1.29060e-04 3.09946e-05 4.05840e-05
   145 9.96314e-05 1.26889e-04 3.02991e-05 3.96984e-05
   146 9.78735e-05 1.24701e-04 2.96204e-05 3.88339e-05
   147 9.63415e-05 1.22851e-04 2.89576e-05 3.79890e-05
   148 9.46868e-05 1.20761e-04 2.83100e-05 3.71632e-05
   149 9.30613e-05 1.18760e-04 2.76779e-05 3.63567e-05
   150 9.15303e-05 1.16838e-04 2.70606e-05 3.55688e-05
   151 8.99040e-05 1.14830e-04 2.64578e-05 3.47992e-05
   152 8.85380e-05 1.13156e-04 2.58689e-05 3.40467e-05
   153 8.70123e-05 1.11221e-04 2.52933e-05 3.33111e-05
   154 8.55582e-05 1.09419e-04 2.47312e-05 3.25924e-05
   155 8.41522e-05 1.07610e-04 2.41820e-05 3.18901e-05
   156 8.27325e-05 1.05870e-04 2.36454e-05 3.12036e-05
   157 8.13562e-05 1.04204e-04 2.31212e-05 3.05325e-05
   158 7.99450e-05 1.02433e-04 2.26091e-05 2.98765e-05
   159 7.86791e-05 1.00935e-04 2.21087e-05 2.92350e-05
   160 7.73563e-05 9.92759e-05 2.16196e-05 2.86074e-05
   161 7.60538e-05 9.76062e-05 2.11417e-05 2.79940e-05
   162 7.47021e-05 9.60185e-05 2.06750e-05 2.73946e-05
   163 7.34918e-05 9.44431e-05 2.02190e-05 2.68086e-05
   164 7.23281e-05 9.30135e-05 1.97731e-05 2.62353e-05
   165 7.11058e-05 9.15089e-05 1.93371e-05 2.56745e-05
   166 6.99413e-05 9.00412e-05 1.89110e-05 2.51260e-05
   167 6.87135e-05 8.85636e-05 1.84946e-05 2.45897e-05
   168 6.75909e-05 8.71464e-05 1.80878e-05 2.40652e-05
   169 6.65227e-05 8.58088e-05 1.76898e-05 2.35519e-05
   170 6.53497e-05 8.43360e-05 1.73008e-05 2.30501e-05
   171 6.42546e-05 8.30332e-05 1.69207e-05 2.25592e-05
   172 6.31563e-05 8.17036e-05 1.65493e-05 2.20790e-05
   173 6.21027e-05 8.04098e-05 1.61862e-05 2.16091e-05
   174 6.10864e-05 7.91032e-05 1.58312e-05 2.11494e-05
   175 6.00433e-05 7.78240e-05 1.54842e-05 2.06998e-05
   176 5.90899e-05 7.66381e-05 1.51448e-05 2.02597e-05
   177 5.81093e-05 7.53709e-05 1.48128e-05 1.98291e-05
   178 5.71373e-05 7.41881e-05 1.44881e-05 1.94078e-05
   179 5.61535e-05 7.29778e-05 1.41708e-05 1.89956e-05
   180 5.52178e-05 7.18170e-05 1.38606e-05 1.85923e-05
   181 5.43173e-05 7.07388e-05 1.35572e-05 1.81974e-05
   182 5.34013e-05 6.95602e-05 1.32604e-05 1.78109e-05
   183 5.24852e-05 6.84484e-05 1.29703e-05 1.74328e-05
   184 5.16146e-05 6.73665e-05 1.26867e-05 1.70627e-05
   185 5.07673e-05 6.63243e-05 1.24092e-05 1.67004e-05
   186 4.99187e-05 6.52668e-05 1.21378e-05 1.63458e-05
   187 4.90451e-05 6.41709e-05 1.18725e-05 1.59987e-05
   188 4.82725e-05 6.32135e-05 1.16130e-05 1.56591e-05
   189 4.74473e-05 6.21704e-05 1.13591e-05 1.53265e-05
   190 4.66816e-05 6.11972e-05 1.11108e-05 1.50010e-05
   191 4.59090e-05 6.02297e-05 1.08678e-05 1.46823e-05
   192 4.51114e-05 5.92591e-05 1.06301e-05 1.43703e-05
   193 4.43881e-05 5.83482e-05 1.03977e-05 1.40648e-05
   194 4.36208e-05 5.73599e-05 1.01702e-05 1.37659e-05
   195 4.29052e-05 5.64814e-05 9.94782e-06 1.34732e-05
   196 4.21739e-05 5.55860e-05 9.73023e-06 1.31866e-05
   197 4.14559e-05 5.46514e-05 9.51744e-06 1.29061e-05
   198 4.07891e-05 5.38282e-05 9.30922e-06 1.26315e-05
   199 4.01003e-05 5.29504e-05 9.10548e-06 1.23625e-05
   200 3.94434e-05 5.21257e-05 8.90612e-06 1.20992e-05
   201 3.87732e-05 5.12734e-05 8.71107e-06 1.18413e-05
   202 3.81306e-05 5.04666e-05 8.52025e-06 1.15889e-05
   203 3.75083e-05 4.96909e-05 8.33349e-06 1.13416e-05
   204 3.68498e-05 4.88413e-05 8.15080e-06 1.10995e-05
   205 3.62366e-05 4.80924e-05 7.97210e-06 1.08625e-05
   206 3.56237e-05 4.73328e-05 7.79727e-06 1.06303e-05
   207 3.50403e-05 4.65804e-05 7.62617e-06 1.04029e-05
   208 3.44576e-05 4.58381e-05 7.45871e-06 1.01802e-05
   209 3.38700e-05 4.50922e-05 7.29486e-06 9.96218e-06
   210 3.33040e-05 4.43956e-05 7.13454e-06 9.74861e-06
   211 3.27394e-05 4.36786e-05 6.97767e-06 9.53941e-06
   212 3.22013e-05 4.29822e-05 6.82415e-06 9.33454e-06
   213 3.16578e-05 4.22904e-05 6.67390e-06 9.13391e-06
   214 3.11240e-05 4.16206e-05 6.52687e-06 8.93740e-06
   215 3.06147e-05 4.09541e-05 6.38296e-06 8.74492e-06
   216 3.00989e-05 4.03102e-05 6.24210e-06 8.55637e-06
   217 2.95920e-05 3.96566e-05 6.10425e-06 8.37170e-06
   218 2.90959e-05 3.90206e-05 5.96933e-06 8.19084e-06
   219 2.86077e-05 3.84019e-05 5.83729e-06 8.01367e-06
   220 2.81353e-05 3.77911e-05 5.70804e-06 7.84011e-06
   221 2.76572e-05 3.71709e-05 5.58153e-06 7.67014e-06
   222 2.71802e-05 3.65839e-05 5.45774e-06 7.50365e-06
   223 2.67266e-05 3.59978e-05 5.33661e-06 7.34054e-06
   224 2.62770e-05 3.54406e-05 5.21803e-06 7.18073e-06
   225 2.58411e-05 3.48581e-05 5.10196e-06 7.02417e-06
   226 2.54044e-05 3.43090e-05 4.98834e-06 6.87080e-06
   227 2.49843e-05 3.37666e-05 4.87710e-06 6.72053e-06
   228 2.45567e-05 3.32127e-05 4.76823e-06 6.57332e-06
   229 2.41345e-05 3.26827e-05 4.66168e-06 6.42914e-06
   230 2.37318e-05 3.21495e-05 4.55740e-06 6.28790e-06
   231 2.33373e-05 3.16477e-05 4.45530e-06 6.14951e-06
   232 2.29511e-05 3.11463e-05 4.35533e-06 6.01389e-06
   233 2.25660e-05 3.06510e-05 4.25745e-06 5.88099e-06
   234 2.21811e-05 3.01643e-05 4.16163e-06 5.75077e-06
   235 2.18124e-05 2.96643e-05 4.06783e-06 5.62321e-06
   236 2.14483e-05 2.92008e-05 3.97598e-06 5.49823e-06
   237 2.10804e-05 2.87313e-05 3.88607e-06 5.37575e-06
   238 2.07357e-05 2.82638e-05 3.79804e-06 5.25577e-06
   239 2.03805e-05 2.78185e-05 3.71185e-06 5.13820e-06
   240 2.00529e-05 2.73643e-05 3.62743e-06 5.02299e-06
   241 1.97036e-05 2.69444e-05 3.54478e-06 4.91009e-06
   242 1.93699e-05 2.64957e-05 3.46388e-06 4.79945e-06
   243 1.90414e-05 2.60665e-05 3.38469e-06 4.69107e-06
   244 1.87207e-05 2.56463e-05 3.30715e-06 4.58489e-06
   245 1.84147e-05 2.52358e-05 3.23121e-06 4.48083e-06
   246 1.81009e-05 2.48427e-05 3.15684e-06 4.37884e-06
   247 1.77941e-05 2.44305e-05 3.08403e-06 4.27890e-06
   248 1.74990e-05 2.40377e-05 3.01274e-06 4.18099e-06
   249 1.72063e-05 2.36632e-05 2.94291e-06 4.08501e-06
   250 1.69256e-05 2.32886e-05 2.87451e-06 3.99092e-06
   251 1.66339e-05 2.29268e-05 2.80753e-06 3.89868e-06
   252 1.63627e-05 2.25418e-05 2.74193e-06 3.80829e-06
   253 1.60852e-05 2.21847e-05 2.67768e-06 3.71972e-06
   254 1.58171e-05 2.18295e-05 2.61475e-06 3.63291e-06
   255 1.55538e-05 2.14732e-05 2.55312e-06 3.54784e-06
   256 1.52911e-05 2.11233e-05 2.49276e-06 3.46448e-06
   257 1.50480e-05 2.07890e-05 2.43362e-06 3.38278e-06
   258 1.47841e-05 2.04649e-05 2.37570e-06 3.30268e-06
   259 1.45433e-05 2.01314e-05 2.31897e-06 3.22415e-06
   260 1.43003e-05 1.98089e-05 2.26340e-06 3.14720e-06
   261 1.40633e-05 1.94918e-05 2.20896e-06 3.07177e-06
   262 1.38332e-05 1.91828e-05 2.15562e-06 2.99782e-06
   263 1.35980e-05 1.88809e-05 2.10337e-06 2.92532e-06
   264 1.33810e-05 1.85706e-05 2.05218e-06 2.85426e-06
   265 1.31519e-05 1.82759e-05 2.00202e-06 2.78461e-06
   266 1.29387e-05 1.79824e-05 1.95289e-06 2.71633e-06
   267 1.27248e-05 1.76991e-05 1.90474e-06 2.64938e-06
   268 1.25129e-05 1.74149e-05 1.85757e-06 2.58375e-06
   269 1.23077e-05 1.71324e-05 1.81135e-06 2.51942e-06
   270 1.21018e-05 1.68612e-05 1.76606e-06 2.45635e-06
   271 1.19097e-05 1.65915e-05 1.72168e-06 2.39452e-06
   272 1.17062e-05 1.63262e-05 1.67819e-06 2.33390e-06
   273 1.15213e-05 1.60670e-05 1.63557e-06 2.27446e-06
   274 1.13314e-05 1.58128e-05 1.59380e-06 2.21618e-06
   275 1.11366e-05 1.55584e-05 1.55287e-06 2.15904e-06
   276 1.09672e-05 1.53110e-05 1.51276e-06 2.10302e-06
   277 1.07797e-05 1.50680e-05 1.47343e-06 2.04808e-06
   278 1.06177e-05 1.48267e-05 1.43488e-06 1.99422e-06
   279 1.04412e-05 1.45952e-05 1.39707e-06 1.94140e-06
   280 1.02569e-05 1.43593e-05 1.36004e-06 1.88960e-06
   281 1.01085e-05 1.41366e-05 1.32374e-06 1.83881e-06
   282 9.93331e-06 1.39086e-05 1.28815e-06 1.78899e-06
   283 9.79218e-06 1.36938e-05 1.25323e-06 1.74014e-06
   284 9.62580e-06 1.34735e-05 1.21899e-06 1.69223e-06
   285 9.46171e-06 1.32577e-05 1.18544e-06 1.64525e-06
   286 9.33031e-06 1.30559e-05 1.15253e-06 1.59917e-06
   287 9.16011e-06 1.28454e-05 1.12026e-06 1.55397e-06
   288 9.03124e-06 1.26460e-05 1.08863e-06 1.50963e-06
   289 8.88247e-06 1.24478e-05 1.05758e-06 1.46614e-06
   290 8.74160e-06 1.22472e-05 1.02714e-06 1.42349e-06
   291 8.61774e-06 1.20611e-05 9.97266e-07 1.38166e-06
   292 8.45216e-06 1.18642e-05 9.67987e-07 1.34062e-06
   293 8.34805e-06 1.16881e-05 9.39269e-07 1.30036e-06
   294 8.20502e-06 1.14996e-05 9.11070e-07 1.26086e-06
   295 8.08104e-06 1.13257e-05 8.83420e-07 1.22211e-06
   296 7.96242e-06 1.11481e-05 8.56274e-07 1.18408e-06
   297 7.81853e-06 1.09700e-05 8.29663e-07 1.14678e-06
   298 7.72005e-06 1.08117e-05 8.03548e-07 1.11017e-06
   299 7.58926e-06 1.06409e-05 7.77905e-07 1.07424e-06
   300 7.48122e-06 1.04798e-05 7.52746e-07 1.03898e-06
   301 7.37285e-06 1.03218e-05 7.28030e-07 1.00437e-06
   302 7.25007e-06 1.01569e-05 7.03781e-07 9.70409e-07
   303 7.16178e-06 1.00121e-05 6.79960e-07 9.37073e-07
   304 7.03838e-06 9.85526e-06 6.56567e-07 9.04343e-07
   305 6.93555e-06 9.70529e-06 6.33621e-07 8.72225e-07
   306 6.83470e-06 9.56077e-06 6.11084e-07 8.40693e-07
   307 6.73559e-06 9.41967e-06 5.88947e-07 8.09730e-07
   308 6.65550e-06 9.28460e-06 5.67173e-07 7.79317e-07
   309 6.52942e-06 9.13409e-06 5.45804e-07 7.49466e-07
   310 6.45566e-06 9.00558e-06 5.24827e-07 7.20161e-07
   311 6.35219e-06 8.86851e-06 5.04203e-07 6.91379e-07
   312 6.26864e-06 8.74201e-06 4.83945e-07 6.63112e-07
   313 6.18463e-06 8.61717e-06 4.64019e-07 6.35337e-07
   314 6.09506e-06 8.49052e-06 4.44435e-07 6.08052e-07
   315 6.00953e-06 8.36376e-06 4.25191e-07 5.81258e-07
   316 5.93123e-06 8.24875e-06 4.06267e-07 5.54930e-07
   317 5.85161e-06 8.13102e-06 3.87654e-07 5.29055e-07
   318 5.77045e-06 8.01316e-06 3.69352e-07 5.03632e-07
   319 5.69951e-06 7.90479e-06 3.51346e-07 4.78643e-07
   320 5.63153e-06 7.80074e-06 3.33613e-07 4.54065e-07
   321 5.55368e-06 7.68961e-06 3.16164e-07 4.29900e-07
   322 5.47923e-06 7.58236e-06 2.99006e-07 4.06149e-07
   323 5.40982e-06 7.47785e-06 2.82124e-07 3.82800e-07
   324 5.37048e-06 7.39587e-06 2.65462e-07 3.59811e-07
   325 5.29520e-06 7.29179e-06 2.49028e-07 3.37180e-07
   326 5.22862e-06 7.19364e-06 2.32862e-07 3.14929e-07
   327 5.17838e-06 7.10772e-06 2.16925e-07 2.93029e-07
   328 5.10316e-06 7.00693e-06 2.01229e-07 2.71480e-07
   329 5.07421e-06 6.93728e-06 1.85738e-07 2.50256e-07
   330 4.99934e-06 6.84032e-06 1.70452e-07 2.29350e-07
   331 4.96589e-06 6.77283e-06 1.55376e-07 2.08755e-07
   332 4.93209e-06 6.70537e-06 1.40447e-07 1.88427e-07
   333 4.87580e-06 6.62398e-06 1.25699e-07 1.68383e-07
   334 4.85281e-06 6.56659e-06 1.11113e-07 1.48607e-07
   335 4.79547e-06 6.48866e-06 9.66911e-08 1.29092e-07
   336 4.79771e-06 6.45374e-06 8.23941e-08 1.09803e-07
   337 4.78620e-06 6.41378e-06 6.81535e-08 9.06840e-08
   338 4.73519e-06 6.34220e-06 5.40479e-08 7.17864e-08
   339 4.79044e-06 6.35339e-06 3.99779e-08 5.30340e-08
   340 4.80543e-06 6.34419e-06 2.58456e-08 3.43337e-08
   341 4.46066e-06 5.90978e-06 1.22455e-08 1.63474e-08
   342 3.91490e-06 5.26781e-06 0.00000e+00 0.00000e+00
