     0 1.88366e-15 1.53452e-15 0.00000e+00 0.00000e+00
     1 2.70952e+00 3.20056e+00 1.34035e+00 1.71051e+00
     2 5.87991e-01 8.00520e-01 3.77839e-01 5.10074e-01
     3 2.94854e-01 3.77242e-01 2.05641e-01 2.81964e-01
     4 1.95135e-01 2.72227e-01 1.36144e-01 1.89364e-01
     5 1.46259e-01 1.98637e-01 9.83159e-02 1.37259e-01
     6 1.07644e-01 1.57041e-01 7.53494e-02 1.04984e-01
     7 8.97443e-02 1.24954e-01 6.01775e-02 8.33432e-02
     8 7.27294e-02 9.92898e-02 4.93696e-02 6.84370e-02
     9 5.97254e-02 8.54227e-02 4.15942e-02 5.75795e-02
    10 5.17584e-02 7.46200e-02 3.57312e-02 4.91612e-02
    11 4.50510e-02 6.41218e-02 3.11252e-02 4.25621e-02
    12 4.07943e-02 5.75658e-02 2.73935e-02 3.72731e-02
    13 3.62546e-02 5.07998e-02 2.43134e-02 3.29418e-02
    14 3.23115e-02 4.53448e-02 2.17756e-02 2.93831e-02
    15 2.98260e-02 4.08724e-02 1.96332e-02 2.64116e-02
    16 2.71342e-02 3.73846e-02 1.77965e-02 2.38879e-02
    17 2.50305e-02 3.44444e-02 1.62161e-02 2.17118e-02
    18 2.29602e-02 3.12977e-02 1.48455e-02 1.98344e-02
    19 2.11986e-02 2.90074e-02 1.36523e-02 1.82049e-02
    20 1.96798e-02 2.71346e-02 1.26044e-02 1.67656e-02
    21 1.82483e-02 2.51422e-02 1.16796e-02 1.54909e-02
    22 1.70714e-02 2.32270e-02 1.08584e-02 1.43665e-02
    23 1.60220e-02 2.18562e-02 1.01231e-02 1.33648e-02
    24 1.51190e-02 2.04601e-02 9.46058e-03 1.24646e-02
    25 1.42347e-02 1.92841e-02 8.86162e-03 1.16536e-02
    26 1.34061e-02 1.81373e-02 8.31974e-03 1.09200e-02
    27 1.26511e-02 1.70812e-02 7.82818e-03 1.02556e-02
    28 1.20412e-02 1.61443e-02 7.37927e-03 9.65162e-03
    29 1.14737e-02 1.53795e-02 6.96676e-03 9.09862e-03
    30 1.08915e-02 1.45301e-02 6.58774e-03 8.59177e-03
    31 1.03580e-02 1.37822e-02 6.23943e-03 8.12770e-03
    32 9.80306e-03 1.31052e-02 5.91947e-03 7.70097e-03
    33 9.38330e-03 1.25241e-02 5.62432e-03 7.30671e-03
    34 8.98311e-03 1.19360e-02 5.35022e-03 6.94168e-03
    35 8.58494e-03 1.14230e-02 5.09563e-03 6.60317e-03
    36 8.24428e-03 1.09576e-02 4.85862e-03 6.28797e-03
    37 7.91427e-03 1.04723e-02 4.63729e-03 5.99445e-03
    38 7.61891e-03 1.00302e-02 4.43019e-03 5.72111e-03
    39 7.28751e-03 9.63908e-03 4.23662e-03 5.46568e-03
    40 7.03551e-03 9.25986e-03 4.05532e-03 5.22647e-03
    41 6.80237e-03 8.93495e-03 3.88449e-03 5.00186e-03
    42 6.54082e-03 8.59392e-03 3.72375e-03 4.79068e-03
    43 6.31965e-03 8.27028e-03 3.57245e-03 4.59230e-03
    44 6.08023e-03 7.97977e-03 3.42994e-03 4.40552e-03
    45 5.89213e-03 7.67881e-03 3.29542e-03 4.22960e-03
    46 5.70236e-03 7.44423e-03 3.16802e-03 4.06342e-03
    47 5.52340e-03 7.19431e-03 3.04731e-03 3.90602e-03
    48 5.34341e-03 6.95800e-03 2.93293e-03 3.75706e-03
    49 5.17481e-03 6.71642e-03 2.82450e-03 3.61610e-03
    50 5.01982e-03 6.50528e-03 2.72153e-03 3.48255e-03
    51 4.86526e-03 6.29001e-03 2.62366e-03 3.35587e-03
    52 4.71319e-03 6.10279e-03 2.53067e-03 3.23556e-03
    53 4.58554e-03 5.94386e-03 2.44212e-03 3.12083e-03
    54 4.44153e-03 5.76067e-03 2.35776e-03 3.01145e-03
    55 4.32653e-03 5.59350e-03 2.27732e-03 2.90729e-03
    56 4.19722e-03 5.41795e-03 2.20053e-03 2.80809e-03
    57 4.08726e-03 5.26150e-03 2.12722e-03 2.71359e-03
    58 3.98466e-03 5.13215e-03 2.05703e-03 2.62321e-03
    59 3.87669e-03 4.99136e-03 1.98984e-03 2.53669e-03
    60 3.77760e-03 4.85634e-03 1.92552e-03 2.45394e-03
    61 3.67637e-03 4.72199e-03 1.86392e-03 2.37478e-03
    62 3.57466e-03 4.59315e-03 1.80497e-03 2.29905e-03
    63 3.48227e-03 4.47367e-03 1.74852e-03 2.22652e-03
    64 3.39504e-03 4.35678e-03 1.69437e-03 2.15699e-03
    65 3.31609e-03 4.24936e-03 1.64235e-03 2.09028e-03
    66 3.23517e-03 4.14142e-03 1.59234e-03 2.02623e-03
    67 3.16323e-03 4.04755e-03 1.54423e-03 1.96466e-03
    68 3.08533e-03 3.94184e-03 1.49795e-03 1.90548e-03
    69 3.00946e-03 3.84021e-03 1.45346e-03 1.84868e-03
    70 2.94548e-03 3.75763e-03 1.41062e-03 1.79402e-03
    71 2.87451e-03 3.66443e-03 1.36935e-03 1.74138e-03
    72 2.81248e-03 3.58365e-03 1.32958e-03 1.69070e-03
    73 2.74299e-03 3.49740e-03 1.29127e-03 1.64187e-03
    74 2.68553e-03 3.41334e-03 1.25434e-03 1.59486e-03
    75 2.62431e-03 3.33401e-03 1.21870e-03 1.54957e-03
    76 2.56448e-03 3.25739e-03 1.18434e-03 1.50592e-03
    77 2.51192e-03 3.18674e-03 1.15116e-03 1.46381e-03
    78 2.45393e-03 3.10839e-03 1.11913e-03 1.42319e-03
    79 2.40520e-03 3.05128e-03 1.08818e-03 1.38396e-03
    80 2.35180e-03 2.98328e-03 1.05826e-03 1.34601e-03
    81 2.30276e-03 2.91789e-03 1.02935e-03 1.30936e-03
    82 2.25586e-03 2.85600e-03 1.00138e-03 1.27393e-03
    83 2.20548e-03 2.79306e-03 9.74346e-04 1.23970e-03
    84 2.16603e-03 2.73847e-03 9.48170e-04 1.20658e-03
    85 2.11853e-03 2.68028e-03 9.22818e-04 1.17451e-03
    86 2.07364e-03 2.62060e-03 8.98303e-04 1.14352e-03
    87 2.03316e-03 2.56981e-03 8.74565e-04 1.11351e-03
    88 1.99009e-03 2.51615e-03 8.51575e-04 1.08445e-03
    89 1.95448e-03 2.46813e-03 8.29290e-04 1.05629e-03
    90 1.91354e-03 2.41548e-03 8.07682e-04 1.02901e-03
    91 1.87620e-03 2.36750e-03 7.86744e-04 1.00259e-03
    92 1.83926e-03 2.32199e-03 7.66442e-04 9.76960e-04
    93 1.80124e-03 2.27316e-03 7.46764e-04 9.52122e-04
    94 1.76976e-03 2.23357e-03 7.27668e-04 9.28023e-04
    95 1.73341e-03 2.18751e-03 7.09133e-04 9.04631e-04
    96 1.70119e-03 2.14451e-03 6.91151e-04 8.81951e-04
    97 1.66800e-03 2.10465e-03 6.73694e-04 8.59935e-04
    98 1.63470e-03 2.05959e-03 6.56758e-04 8.38581e-04
    99 1.60625e-03 2.02230e-03 6.40307e-04 8.17861e-04
   100 1.57472e-03 1.98238e-03 6.24323e-04 7.97738e-04
   101 1.54627e-03 1.94676e-03 6.08796e-04 7.78190e-04
   102 1.51630e-03 1.90950e-03 5.93709e-04 7.59194e-04
   103 1.48796e-03 1.87343e-03 5.79055e-04 7.40741e-04
   104 1.46176e-03 1.84194e-03 5.64805e-04 7.22793e-04
   105 1.43227e-03 1.80448e-03 5.50958e-04 7.05346e-04
   106 1.40857e-03 1.77364e-03 5.37495e-04 6.88389e-04
   107 1.38061e-03 1.73809e-03 5.24400e-04 6.71902e-04
   108 1.35664e-03 1.70748e-03 5.11669e-04 6.55876e-04
   109 1.33226e-03 1.67717e-03 4.99278e-04 6.40279e-04
   110 1.30752e-03 1.64577e-03 4.87225e-04 6.25106e-04
   111 1.28360e-03 1.61747e-03 4.75500e-04 6.10341e-04
   112 1.26041e-03 1.58697e-03 4.64093e-04 5.95971e-04
   113 1.23753e-03 1.56036e-03 4.52991e-04 5.81984e-04
   114 1.21495e-03 1.53095e-03 4.42187e-04 5.68366e-04
   115 1.19307e-03 1.50351e-03 4.31672e-04 5.55115e-04
   116 1.17264e-03 1.47776e-03 4.21431e-04 5.42210e-04
   117 1.15134e-03 1.45190e-03 4.11457e-04 5.29636e-04
   118 1.13199e-03 1.42678e-03 4.01741e-04 5.17387e-04
   119 1.11136e-03 1.40112e-03 3.92276e-04 5.05455e-04
   120 1.09198e-03 1.37591e-03 3.83057e-04 4.93836e-04
   121 1.07307e-03 1.35286e-03 3.74073e-04 4.82513e-04
   122 1.05317e-03 1.32932e-03 3.65324e-04 4.71476e-04
   123 1.03551e-03 1.30647e-03 3.56799e-04 4.60718e-04
   124 1.01563e-03 1.28168e-03 3.48495e-04 4.50240e-04
   125 9.98294e-04 1.26156e-03 3.40407e-04 4.40026e-04
   126 9.80842e-04 1.23860e-03 3.32522e-04 4.30065e-04
   127 9.64564e-04 1.21814e-03 3.24833e-04 4.20355e-04
   128 9.47224e-04 1.19740e-03 3.17336e-04 4.10883e-04
   129 9.30135e-04 1.17625e-03 3.10031e-04 4.01647e-04
   130 9.15063e-04 1.15760e-03 3.02907e-04 3.92636e-04
   131 8.98763e-04 1.13697e-03 2.95957e-04 3.83845e-04
   132 8.83789e-04 1.11774e-03 2.89180e-04 3.75272e-04
   133 8.68697e-04 1.09832e-03 2.82567e-04 3.66910e-04
   134 8.53256e-04 1.07981e-03 2.76118e-04 3.58752e-04
   135 8.39857e-04 1.06359e-03 2.69824e-04 3.50784e-04
   136 8.24023e-04 1.04415e-03 2.63684e-04 3.43006e-04
   137 8.11067e-04 1.02770e-03 2.57695e-04 3.35417e-04
   138 7.96398e-04 1.00941e-03 2.51850e-04 3.28010e-04
   139 7.82914e-04 9.93358e-04 2.46148e-04 3.20780e-04
   140 7.70895e-04 9.77745e-04 2.40579e-04 3.13715e-04
   141 7.56545e-04 9.60185e-04 2.35143e-04 3.06819e-04
   142 7.44868e-04 9.45149e-04 2.29838e-04 3.00086e-04
   143 7.31933e-04 9.29193e-04 2.24656e-04 2.93509e-04
   144 7.19322e-04 9.14131e-04 2.19600e-04 2.87087e-04
   145 7.06951e-04 8.98709e-04 2.14665e-04 2.80814e-04
   146 6.94465e-04 8.83167e-04 2.09849e-04 2.74691e-04
   147 6.83582e-04 8.70072e-04 2.05146e-04 2.68707e-04
   148 6.71823e-04 8.55235e-04 2.00551e-04 2.62859e-04
   149 6.60266e-04 8.41080e-04 1.96066e-04 2.57148e-04
   150 6.49373e-04 8.27408e-04 1.91686e-04 2.51568e-04
   151 6.37795e-04 8.13182e-04 1.87410e-04 2.46117e-04
   152 6.28120e-04 8.01330e-04 1.83232e-04 2.40789e-04
   153 6.17276e-04 7.87570e-04 1.79149e-04 2.35579e-04
   154 6.06947e-04 7.74822e-04 1.75162e-04 2.30490e-04
   155 5.96941e-04 7.61969e-04 1.71266e-04 2.25517e-04
   156 5.86853e-04 7.49643e-04 1.67459e-04 2.20657e-04
   157 5.77079e-04 7.37833e-04 1.63741e-04 2.15904e-04
   158 5.67036e-04 7.25252e-04 1.60109e-04 2.11260e-04
   159 5.58066e-04 7.14673e-04 1.56560e-04 2.06717e-04
   160 5.48662e-04 7.02882e-04 1.53090e-04 2.02274e-04
   161 5.39416e-04 6.91049e-04 1.49701e-04 1.97931e-04
   162 5.29800e-04 6.79790e-04 1.46390e-04 1.93687e-04
   163 5.21190e-04 6.68627e-04 1.43157e-04 1.89538e-04
   164 5.12930e-04 6.58498e-04 1.39994e-04 1.85480e-04
   165 5.04251e-04 6.47815e-04 1.36903e-04 1.81510e-04
   166 4.95981e-04 6.37414e-04 1.33881e-04 1.77627e-04
   167 4.87246e-04 6.26922e-04 1.30928e-04 1.73830e-04
   168 4.79263e-04 6.16887e-04 1.28043e-04 1.70117e-04
   169 4.71694e-04 6.07425e-04 1.25221e-04 1.66484e-04
   170 4.63343e-04 5.96957e-04 1.22463e-04 1.62932e-04
   171 4.55570e-04 5.87719e-04 1.19769e-04 1.59458e-04
   172 4.47759e-04 5.78275e-04 1.17135e-04 1.56058e-04
   173 4.40279e-04 5.69126e-04 1.14561e-04 1.52733e-04
   174 4.33063e-04 5.59857e-04 1.12044e-04 1.49479e-04
   175 4.25649e-04 5.50775e-04 1.09584e-04 1.46297e-04
   176 4.18894e-04 5.42387e-04 1.07178e-04 1.43182e-04
   177 4.11923e-04 5.33395e-04 1.04824e-04 1.40135e-04
   178 4.05020e-04 5.25022e-04 1.02523e-04 1.37154e-04
   179 3.98015e-04 5.16413e-04 1.00274e-04 1.34236e-04
   180 3.91370e-04 5.08194e-04 9.80748e-05 1.31382e-04
   181 3.84983e-04 5.00555e-04 9.59243e-05 1.28588e-04
   182 3.78477e-04 4.92200e-04 9.38212e-05 1.25853e-04
   183 3.71973e-04 4.84329e-04 9.17652e-05 1.23178e-04
   184 3.65781e-04 4.76638e-04 8.97550e-05 1.20560e-04
   185 3.59771e-04 4.69257e-04 8.77888e-05 1.17996e-04
   186 3.53752e-04 4.61777e-04 8.58656e-05 1.15487e-04
   187 3.47542e-04 4.53991e-04 8.39855e-05 1.13032e-04
   188 3.42066e-04 4.47217e-04 8.21466e-05 1.10629e-04
   189 3.36193e-04 4.39813e-04 8.03475e-05 1.08276e-04
   190 3.30765e-04 4.32910e-04 7.85878e-05 1.05973e-04
   191 3.25277e-04 4.26056e-04 7.68659e-05 1.03719e-04
   192 3.19605e-04 4.19171e-04 7.51822e-05 1.01512e-04
   193 3.14480e-04 4.12732e-04 7.35353e-05 9.93510e-05
   194 3.09024e-04 4.05718e-04 7.19242e-05 9.72362e-05
   195 3.03953e-04 3.99499e-04 7.03485e-05 9.51663e-05
   196 2.98755e-04 3.93141e-04 6.88070e-05 9.31391e-05
   197 2.93646e-04 3.86518e-04 6.72997e-05 9.11553e-05
   198 2.88924e-04 3.80703e-04 6.58248e-05 8.92130e-05
   199 2.84024e-04 3.74477e-04 6.43817e-05 8.73108e-05
   200 2.79362e-04 3.68638e-04 6.29697e-05 8.54484e-05
   201 2.74605e-04 3.62588e-04 6.15883e-05 8.36249e-05
   202 2.70036e-04 3.56874e-04 6.02368e-05 8.18397e-05
   203 2.65629e-04 3.51383e-04 5.89142e-05 8.00909e-05
   204 2.60946e-04 3.45357e-04 5.76205e-05 7.83791e-05
   205 2.56599e-04 3.40059e-04 5.63551e-05 7.67033e-05
   206 2.52250e-04 3.34676e-04 5.51170e-05 7.50616e-05
   207 2.48107e-04 3.29342e-04 5.39056e-05 7.34539e-05
   208 2.43976e-04 3.24093e-04 5.27198e-05 7.18793e-05
   209 2.39795e-04 3.18796e-04 5.15597e-05 7.03377e-05
   210 2.35786e-04 3.13866e-04 5.04247e-05 6.88277e-05
   211 2.31767e-04 3.08782e-04 4.93142e-05 6.73488e-05
   212 2.27955e-04 3.03854e-04 4.82274e-05 6.59005e-05
   213 2.24104e-04 2.98954e-04 4.71637e-05 6.44822e-05
   214 2.20316e-04 2.94208e-04 4.61230e-05 6.30931e-05
   215 2.16705e-04 2.89482e-04 4.51043e-05 6.17325e-05
   216 2.13043e-04 2.84930e-04 4.41072e-05 6.03998e-05
   217 2.09447e-04 2.80299e-04 4.31315e-05 5.90945e-05
   218 2.05925e-04 2.75791e-04 4.21767e-05 5.78161e-05
   219 2.02465e-04 2.71412e-04 4.12421e-05 5.65640e-05
   220 1.99114e-04 2.67083e-04 4.03274e-05 5.53373e-05
   221 1.95721e-04 2.62688e-04 3.94321e-05 5.41361e-05
   222 1.92339e-04 2.58542e-04 3.85561e-05 5.29595e-05
   223 1.89121e-04 2.54380e-04 3.76989e-05 5.18069e-05
   224 1.85934e-04 2.50447e-04 3.68599e-05 5.06775e-05
   225 1.82837e-04 2.46315e-04 3.60386e-05 4.95712e-05
   226 1.79741e-04 2.42426e-04 3.52347e-05 4.84875e-05
   227 1.76760e-04 2.38588e-04 3.44477e-05 4.74257e-05
   228 1.73728e-04 2.34663e-04 3.36774e-05 4.63856e-05
   229 1.70738e-04 2.30912e-04 3.29237e-05 4.53669e-05
   230 1.67878e-04 2.27136e-04 3.21860e-05 4.43690e-05
   231 1.65085e-04 2.23588e-04 3.14638e-05 4.33913e-05
   232 1.62343e-04 2.20036e-04 3.07566e-05 4.24332e-05
   233 1.59613e-04 2.16527e-04 3.00642e-05 4.14943e-05
   234 1.56888e-04 2.13084e-04 2.93865e-05 4.05744e-05
   235 1.54271e-04 2.09538e-04 2.87231e-05 3.96733e-05
   236 1.51690e-04 2.06266e-04 2.80735e-05 3.87905e-05
   237 1.49083e-04 2.02942e-04 2.74376e-05 3.79254e-05
   238 1.46635e-04 1.99630e-04 2.68151e-05 3.70779e-05
   239 1.44121e-04 1.96482e-04 2.62055e-05 3.62475e-05
   240 1.41795e-04 1.93263e-04 2.56086e-05 3.54338e-05
   241 1.39323e-04 1.90295e-04 2.50242e-05 3.46364e-05
   242 1.36954e-04 1.87118e-04 2.44522e-05 3.38550e-05
   243 1.34625e-04 1.84080e-04 2.38922e-05 3.30897e-05
   244 1.32353e-04 1.81111e-04 2.33440e-05 3.23398e-05
   245 1.30182e-04 1.78200e-04 2.28072e-05 3.16050e-05
   246 1.27963e-04 1.75419e-04 2.22814e-05 3.08849e-05
   247 1.25787e-04 1.72504e-04 2.17667e-05 3.01792e-05
   248 1.23694e-04 1.69723e-04 2.12627e-05 2.94878e-05
   249 1.21621e-04 1.67077e-04 2.07692e-05 2.88101e-05
   250 1.19629e-04 1.64423e-04 2.02857e-05 2.81458e-05
   251 1.17566e-04 1.61869e-04 1.98123e-05 2.74946e-05
   252 1.15640e-04 1.59137e-04 1.93487e-05 2.68564e-05
   253 1.13674e-04 1.56617e-04 1.88946e-05 2.62312e-05
   254 1.11775e-04 1.54104e-04 1.84499e-05 2.56183e-05
   255 1.09908e-04 1.51580e-04 1.80144e-05 2.50178e-05
   256 1.08049e-04 1.49109e-04 1.75879e-05 2.44293e-05
   257 1.06324e-04 1.46741e-04 1.71700e-05 2.38526e-05
   258 1.04457e-04 1.44454e-04 1.67607e-05 2.32872e-05
   259 1.02748e-04 1.42090e-04 1.63600e-05 2.27330e-05
   260 1.01029e-04 1.39814e-04 1.59673e-05 2.21898e-05
   261 9.93492e-05 1.37571e-04 1.55827e-05 2.16574e-05
   262 9.77200e-05 1.35382e-04 1.52059e-05 2.11356e-05
   263 9.60551e-05 1.33251e-04 1.48369e-05 2.06239e-05
   264 9.45155e-05 1.31052e-04 1.44752e-05 2.01224e-05
   265 9.28938e-05 1.28970e-04 1.41210e-05 1.96308e-05
   266 9.13835e-05 1.26892e-04 1.37740e-05 1.91490e-05
   267 8.98701e-05 1.24890e-04 1.34339e-05 1.86766e-05
   268 8.83690e-05 1.22880e-04 1.31007e-05 1.82135e-05
   269 8.69142e-05 1.20883e-04 1.27743e-05 1.77596e-05
   270 8.54574e-05 1.18965e-04 1.24546e-05 1.73146e-05
   271 8.40947e-05 1.17057e-04 1.21412e-05 1.68784e-05
   272 8.26558e-05 1.15182e-04 1.18341e-05 1.64507e-05
   273 8.13455e-05 1.13348e-04 1.15332e-05 1.60314e-05
   274 8.00017e-05 1.11553e-04 1.12382e-05 1.56202e-05
   275 7.86242e-05 1.09757e-04 1.09493e-05 1.52171e-05
   276 7.74232e-05 1.08005e-04 1.06661e-05 1.48219e-05
   277 7.60976e-05 1.06288e-04 1.03885e-05 1.44344e-05
   278 7.49484e-05 1.04582e-04 1.01163e-05 1.40545e-05
   279 7.37003e-05 1.02946e-04 9.84944e-06 1.36819e-05
   280 7.23976e-05 1.01280e-04 9.58809e-06 1.33166e-05
   281 7.13446e-05 9.97035e-05 9.33187e-06 1.29583e-05
   282 7.01072e-05 9.80942e-05 9.08063e-06 1.26070e-05
   283 6.91061e-05 9.65736e-05 8.83423e-06 1.22624e-05
   284 6.79290e-05 9.50175e-05 8.59255e-06 1.19245e-05
   285 6.67685e-05 9.34937e-05 8.35583e-06 1.15932e-05
   286 6.58356e-05 9.20652e-05 8.12360e-06 1.12683e-05
   287 6.46350e-05 9.05806e-05 7.89591e-06 1.09495e-05
   288 6.37210e-05 8.91703e-05 7.67268e-06 1.06369e-05
   289 6.26681e-05 8.77696e-05 7.45364e-06 1.03303e-05
   290 6.16714e-05 8.63512e-05 7.23890e-06 1.00296e-05
   291 6.07937e-05 8.50355e-05 7.02812e-06 9.73458e-06
   292 5.96262e-05 8.36480e-05 6.82158e-06 9.44525e-06
   293 5.88858e-05 8.24016e-05 6.61899e-06 9.16141e-06
   294 5.78748e-05 8.10703e-05 6.42009e-06 8.88293e-06
   295 5.69979e-05 7.98423e-05 6.22506e-06 8.60973e-06
   296 5.61585e-05 7.85862e-05 6.03360e-06 8.34167e-06
   297 5.51419e-05 7.73303e-05 5.84591e-06 8.07874e-06
   298 5.44433e-05 7.62098e-05 5.66174e-06 7.82070e-06
   299 5.35197e-05 7.50049e-05 5.48090e-06 7.56741e-06
   300 5.27542e-05 7.38661e-05 5.30348e-06 7.31888e-06
   301 5.19869e-05 7.27497e-05 5.12921e-06 7.07493e-06
   302 5.11197e-05 7.15862e-05 4.95822e-06 6.83558e-06
   303 5.04932e-05 7.05626e-05 4.79027e-06 6.60062e-06
   304 4.96223e-05 6.94561e-05 4.62534e-06 6.36995e-06
   305 4.88939e-05 6.83960e-05 4.46357e-06 6.14360e-06
   306 4.81807e-05 6.73758e-05 4.30470e-06 5.92139e-06
   307 4.74805e-05 6.63790e-05 4.14864e-06 5.70319e-06
   308 4.69122e-05 6.54242e-05 3.99516e-06 5.48889e-06
   309 4.60234e-05 6.43622e-05 3.84454e-06 5.27854e-06
   310 4.55003e-05 6.34543e-05 3.69668e-06 5.07205e-06
   311 4.47694e-05 6.24862e-05 3.55133e-06 4.86925e-06
   312 4.41784e-05 6.15923e-05 3.40855e-06 4.67009e-06
   313 4.35838e-05 6.07110e-05 3.26813e-06 4.47441e-06
   314 4.29511e-05 5.98170e-05 3.13012e-06 4.28218e-06
   315 4.23468e-05 5.89223e-05 2.99452e-06 4.09341e-06
   316 4.17925e-05 5.81093e-05 2.86117e-06 3.90794e-06
   317 4.12300e-05 5.72782e-05 2.73002e-06 3.72566e-06
   318 4.06562e-05 5.64460e-05 2.60107e-06 3.54657e-06
   319 4.01541e-05 5.56812e-05 2.47421e-06 3.37055e-06
   320 3.96735e-05 5.49458e-05 2.34928e-06 3.19742e-06
   321 3.91237e-05 5.41613e-05 2.22636e-06 3.02722e-06
   322 3.85973e-05 5.34048e-05 2.10549e-06 2.85993e-06
   323 3.81072e-05 5.26675e-05 1.98656e-06 2.69548e-06
   324 3.78272e-05 5.20876e-05 1.86920e-06 2.53357e-06
   325 3.72959e-05 5.13533e-05 1.75345e-06 2.37418e-06
   326 3.68257e-05 5.06605e-05 1.63959e-06 2.21748e-06
   327 3.64695e-05 5.00541e-05 1.52735e-06 2.06325e-06
   328 3.59394e-05 4.93444e-05 1.41680e-06 1.91150e-06
   329 3.57335e-05 4.88511e-05 1.30771e-06 1.76204e-06
   330 3.52051e-05 4.81686e-05 1.20007e-06 1.61482e-06
   331 3.49676e-05 4.76909e-05 1.09391e-06 1.46980e-06
   332 3.47283e-05 4.72151e-05 9.88789e-07 1.32666e-06
   333 3.43307e-05 4.66412e-05 8.84942e-07 1.18552e-06
   334 3.41669e-05 4.62360e-05 7.82247e-07 1.04628e-06
   335 3.37624e-05 4.56856e-05 6.80708e-07 9.08875e-07
   336 3.37767e-05 4.54387e-05 5.80052e-07 7.73070e-07
   337 3.36938e-05 4.51551e-05 4.79799e-07 6.38458e-07
   338 3.33341e-05 4.46498e-05 3.80499e-07 5.05416e-07
   339 3.37221e-05 4.47285e-05 2.81453e-07 3.73396e-07
   340 3.38288e-05 4.46657e-05 1.81967e-07 2.41741e-07
   341 3.14079e-05 4.16128e-05 8.62175e-08 1.15102e-07
   342 2.75624e-05 3.70888e-05 0.00000e+00 0.00000e+00
