1.000000e-04 5.411312e-01 4.871046e-01 3.430188e-05 9.279651e-05 3.221176e-04 2.261195e-04 1.715094e-05 6.273384e-05 6.043688e-03 6.567664e-03 8.419009e-03 8.651762e-03 
1.140625e-04 5.410569e-01 4.870555e-01 4.451767e-05 1.204432e-04 4.178529e-04 2.931427e-04 2.225884e-05 8.134068e-05 6.888100e-03 7.481651e-03 9.593674e-03 9.858213e-03 
1.301025e-04 5.410967e-01 4.870884e-01 5.789221e-05 1.566037e-04 5.432680e-04 3.811688e-04 2.894611e-05 1.057707e-04 7.850643e-03 8.530169e-03 1.093699e-02 1.123702e-02 
1.483982e-04 5.411322e-01 4.871077e-01 7.514596e-05 2.032356e-04 7.053742e-04 4.950599e-04 3.757298e-05 1.373601e-04 8.948354e-03 9.720873e-03 1.246583e-02 1.280418e-02 
1.692667e-04 5.411392e-01 4.870149e-01 9.755109e-05 2.637959e-04 9.156793e-04 6.427375e-04 4.877554e-05 1.783287e-04 1.019542e-02 1.107617e-02 1.420023e-02 1.459008e-02 
1.930698e-04 5.411978e-01 4.870805e-01 1.265728e-04 3.424958e-04 1.189345e-03 8.349001e-04 6.328640e-05 2.316255e-04 1.161347e-02 1.262068e-02 1.617789e-02 1.662297e-02 
2.202202e-04 5.412366e-01 4.870519e-01 1.641535e-04 4.437650e-04 1.540875e-03 1.081803e-03 8.207676e-05 3.001391e-04 1.322977e-02 1.437032e-02 1.842453e-02 1.893109e-02 
2.511886e-04 5.412843e-01 4.870663e-01 2.128788e-04 5.756682e-04 2.000188e-03 1.404887e-03 1.064394e-04 3.897262e-04 1.506833e-02 1.636977e-02 2.098128e-02 2.156632e-02 
2.865120e-04 5.413508e-01 4.870952e-01 2.758866e-04 7.458763e-04 2.590528e-03 1.818811e-03 1.379433e-04 5.046019e-04 1.715103e-02 1.863219e-02 2.388474e-02 2.454368e-02 
3.268028e-04 5.413080e-01 4.870750e-01 3.574400e-04 9.665371e-04 3.358224e-03 2.358484e-03 1.787200e-04 6.543013e-04 1.952871e-02 2.121879e-02 2.719226e-02 2.795214e-02 
3.727594e-04 5.414837e-01 4.871805e-01 4.626138e-04 1.249972e-03 4.344120e-03 3.051286e-03 2.313069e-04 8.465425e-04 2.221656e-02 2.413044e-02 3.093529e-02 3.178534e-02 
4.251786e-04 5.414552e-01 4.870213e-01 5.975974e-04 1.615200e-03 5.615579e-03 3.945621e-03 2.987987e-04 1.094472e-03 2.527245e-02 2.744816e-02 3.517943e-02 3.616088e-02 
4.849693e-04 5.416210e-01 4.870893e-01 7.729447e-04 2.088231e-03 7.261140e-03 5.102337e-03 3.864723e-04 1.415401e-03 2.874479e-02 3.120963e-02 3.999763e-02 4.112395e-02 
5.531681e-04 5.415996e-01 4.869978e-01 9.960656e-04 2.691347e-03 9.358125e-03 6.576931e-03 4.980328e-04 1.824354e-03 3.264984e-02 3.545002e-02 4.543950e-02 4.670149e-02 
6.309573e-04 5.417676e-01 4.869792e-01 1.283592e-03 3.466701e-03 1.206557e-02 8.484316e-03 6.417959e-04 2.353263e-03 3.708422e-02 4.026297e-02 5.159674e-02 5.304090e-02 
7.196857e-04 5.417416e-01 4.868923e-01 1.651772e-03 4.459750e-03 1.552841e-02 1.092284e-02 8.258859e-04 3.029464e-03 4.209527e-02 4.570139e-02 5.857016e-02 6.018920e-02 
8.208914e-04 5.418135e-01 4.868294e-01 2.122852e-03 5.725993e-03 1.994707e-02 1.403352e-02 1.061426e-03 3.892319e-03 4.775187e-02 5.182803e-02 6.641444e-02 6.827161e-02 
9.363292e-04 5.420449e-01 4.868874e-01 2.719339e-03 7.335767e-03 2.557855e-02 1.800929e-02 1.359669e-03 4.994004e-03 5.409762e-02 5.871460e-02 7.523776e-02 7.731994e-02 
1.068000e-03 5.421072e-01 4.868840e-01 3.475823e-03 9.367773e-03 3.268591e-02 2.302251e-02 1.737912e-03 6.384378e-03 6.122768e-02 6.644567e-02 8.511114e-02 8.752999e-02 
1.218188e-03 5.422123e-01 4.867031e-01 4.432277e-03 1.193378e-02 4.165601e-02 2.934484e-02 2.216139e-03 8.138287e-03 6.920560e-02 7.509693e-02 9.620684e-02 9.888554e-02 
1.389495e-03 5.425146e-01 4.867213e-01 5.634076e-03 1.512825e-02 5.285018e-02 3.724993e-02 2.817038e-03 1.033324e-02 7.814807e-02 8.476679e-02 1.085395e-01 1.116723e-01 
1.584893e-03 5.426433e-01 4.865741e-01 7.122257e-03 1.909995e-02 6.680057e-02 4.712608e-02 3.561128e-03 1.307210e-02 8.806067e-02 9.551378e-02 1.222893e-01 1.257966e-01 
1.807769e-03 5.431014e-01 4.866972e-01 8.974112e-03 2.396930e-02 8.386417e-02 5.917475e-02 4.487056e-03 1.642305e-02 9.899595e-02 1.073387e-01 1.374328e-01 1.413420e-01 
2.061986e-03 5.434506e-01 4.867965e-01 1.123832e-02 2.986028e-02 1.046343e-01 7.389919e-02 5.619158e-03 2.051886e-02 1.109749e-01 1.202692e-01 1.539831e-01 1.583746e-01 
2.351953e-03 5.440934e-01 4.871132e-01 1.399215e-02 3.698882e-02 1.297047e-01 9.165859e-02 6.996074e-03 2.546663e-02 1.239917e-01 1.344022e-01 1.719859e-01 1.769705e-01 
2.682696e-03 5.449051e-01 4.877620e-01 1.726964e-02 4.528361e-02 1.587074e-01 1.121364e-01 8.634819e-03 3.119756e-02 1.378428e-01 1.493959e-01 1.911981e-01 1.966778e-01 
3.059950e-03 5.459286e-01 4.886136e-01 2.110162e-02 5.486738e-02 1.922406e-01 1.358053e-01 1.055081e-02 3.783876e-02 1.525250e-01 1.652916e-01 2.114775e-01 2.176696e-01 
3.490255e-03 5.473099e-01 4.898871e-01 2.557641e-02 6.574749e-02 2.298237e-01 1.621304e-01 1.278821e-02 4.527561e-02 1.678296e-01 1.819383e-01 2.327283e-01 2.396288e-01 
3.981072e-03 5.489137e-01 4.915814e-01 3.068651e-02 7.784092e-02 2.714227e-01 1.912020e-01 1.534326e-02 5.353494e-02 1.836322e-01 1.991332e-01 2.546325e-01 2.623810e-01 
4.540910e-03 5.509081e-01 4.938133e-01 3.650968e-02 9.126015e-02 3.167314e-01 2.224898e-01 1.825484e-02 6.250701e-02 1.996904e-01 2.167541e-01 2.771826e-01 2.855901e-01 
5.179475e-03 5.529793e-01 4.965144e-01 4.307547e-02 1.060962e-01 3.663171e-01 2.564630e-01 2.153773e-02 7.232071e-02 2.160693e-01 2.347170e-01 3.000744e-01 3.095112e-01 
5.907838e-03 5.553915e-01 4.992826e-01 5.038542e-02 1.220803e-01 4.185739e-01 2.917737e-01 2.519271e-02 8.264019e-02 2.325886e-01 2.528922e-01 3.233152e-01 3.336684e-01 
6.738627e-03 5.574913e-01 5.021652e-01 5.852071e-02 1.397748e-01 4.760465e-01 3.303768e-01 2.926036e-02 9.396566e-02 2.493637e-01 2.715459e-01 3.471386e-01 3.584502e-01 
7.686246e-03 5.596881e-01 5.053336e-01 6.749890e-02 1.588165e-01 5.368118e-01 3.706697e-01 3.374945e-02 1.059216e-01 2.662654e-01 2.904300e-01 3.711628e-01 3.836727e-01 
8.767124e-03 5.617262e-01 5.084612e-01 7.734502e-02 1.795402e-01 6.018414e-01 4.132155e-01 3.867251e-02 1.186461e-01 2.834570e-01 3.096671e-01 3.957421e-01 4.094307e-01 
1.000000e-02 5.637633e-01 5.118408e-01 8.822397e-02 2.018618e-01 6.708968e-01 4.578276e-01 4.411199e-02 1.321458e-01 3.008517e-01 3.292446e-01 4.208698e-01 4.355758e-01 
1.140625e-02 5.655513e-01 5.150205e-01 1.001985e-01 2.263159e-01 7.455349e-01 5.055263e-01 5.009923e-02 1.466756e-01 3.186835e-01 3.494434e-01 4.466162e-01 4.627373e-01 
1.301025e-02 5.673601e-01 5.181348e-01 1.133256e-01 2.527923e-01 8.257838e-01 5.564862e-01 5.666278e-02 1.622833e-01 3.369447e-01 3.701981e-01 4.730675e-01 4.905969e-01 
1.483982e-02 5.689386e-01 5.215039e-01 1.278093e-01 2.817439e-01 9.112661e-01 6.094130e-01 6.390467e-02 1.787438e-01 3.555305e-01 3.914925e-01 5.003061e-01 5.193275e-01 
1.692667e-02 5.703379e-01 5.246208e-01 1.437040e-01 3.132642e-01 1.003477e+00 6.660458e-01 7.185200e-02 1.964746e-01 3.748281e-01 4.135487e-01 5.285648e-01 5.491628e-01 
1.930698e-02 5.717155e-01 5.278448e-01 1.612948e-01 3.477309e-01 1.102338e+00 7.255998e-01 8.064740e-02 2.153738e-01 3.946054e-01 4.364080e-01 5.578339e-01 5.800719e-01 
2.202202e-02 5.731256e-01 5.311465e-01 1.806328e-01 3.848513e-01 1.207227e+00 7.878611e-01 9.031642e-02 2.354122e-01 4.149676e-01 4.597530e-01 5.878955e-01 6.118513e-01 
2.511886e-02 5.744024e-01 5.345691e-01 2.020033e-01 4.255097e-01 1.320549e+00 8.539510e-01 1.010016e-01 2.569504e-01 4.361063e-01 4.840240e-01 6.194473e-01 6.448013e-01 
2.865120e-02 5.759606e-01 5.382590e-01 2.257805e-01 4.695117e-01 1.442061e+00 9.240702e-01 1.128903e-01 2.801545e-01 4.579197e-01 5.092637e-01 6.520576e-01 6.790981e-01 
3.268028e-02 5.772930e-01 5.417559e-01 2.518968e-01 5.175022e-01 1.572657e+00 9.982741e-01 1.259484e-01 3.049918e-01 4.806045e-01 5.354014e-01 6.860073e-01 7.147920e-01 
3.727594e-02 5.787481e-01 5.453757e-01 2.808709e-01 5.698266e-01 1.714189e+00 1.078025e+00 1.404355e-01 3.319876e-01 5.043140e-01 5.625349e-01 7.216740e-01 7.517128e-01 
4.251786e-02 5.801660e-01 5.490133e-01 3.128393e-01 6.272866e-01 1.866908e+00 1.162096e+00 1.564196e-01 3.609246e-01 5.285750e-01 5.910012e-01 7.586786e-01 7.903152e-01 
4.849693e-02 5.817245e-01 5.528530e-01 3.487944e-01 6.911235e-01 2.035287e+00 1.253646e+00 1.743972e-01 3.928366e-01 5.543580e-01 6.209939e-01 7.978847e-01 8.311853e-01 
5.531681e-02 5.831752e-01 5.564073e-01 3.886118e-01 7.618130e-01 2.220011e+00 1.352417e+00 1.943059e-01 4.276503e-01 5.811906e-01 6.526018e-01 8.387068e-01 8.743940e-01 
6.309573e-02 5.846561e-01 5.603448e-01 4.333517e-01 8.405795e-01 2.423699e+00 1.459355e+00 2.166759e-01 4.659262e-01 6.094039e-01 6.858723e-01 8.816320e-01 9.202477e-01 
7.196857e-02 5.860579e-01 5.640683e-01 4.830819e-01 9.280519e-01 2.649185e+00 1.576807e+00 2.415409e-01 5.082194e-01 6.393009e-01 7.209562e-01 9.268814e-01 9.687600e-01 
8.208914e-02 5.873030e-01 5.675550e-01 5.383519e-01 1.025199e+00 2.898026e+00 1.704771e+00 2.691759e-01 5.547230e-01 6.706246e-01 7.580684e-01 9.746369e-01 1.019826e+00 
9.363292e-02 5.886870e-01 5.710491e-01 5.995031e-01 1.133286e+00 3.171773e+00 1.843058e+00 2.997515e-01 6.055157e-01 7.031946e-01 7.971685e-01 1.025336e+00 1.072901e+00 
1.068000e-01 5.899865e-01 5.748911e-01 6.675595e-01 1.253349e+00 3.471158e+00 1.989541e+00 3.337797e-01 6.606109e-01 7.371779e-01 8.379472e-01 1.079342e+00 1.127842e+00 
1.218188e-01 5.910126e-01 5.786575e-01 7.421156e-01 1.384791e+00 3.798311e+00 2.148860e+00 3.710578e-01 7.207341e-01 7.727604e-01 8.801490e-01 1.136337e+00 1.184398e+00 
1.389495e-01 5.921603e-01 5.824600e-01 8.239280e-01 1.526500e+00 4.151741e+00 2.319912e+00 4.119640e-01 7.860227e-01 8.098593e-01 9.240662e-01 1.196727e+00 1.242091e+00 
1.584893e-01 5.936935e-01 5.861116e-01 9.131633e-01 1.678644e+00 4.534239e+00 2.507235e+00 4.565816e-01 8.574868e-01 8.493856e-01 9.693161e-01 1.260690e+00 1.300730e+00 
1.807769e-01 5.949517e-01 5.894268e-01 1.007791e+00 1.840828e+00 4.940656e+00 2.704871e+00 5.038955e-01 9.330228e-01 8.902753e-01 1.014615e+00 1.327254e+00 1.358970e+00 
2.061986e-01 5.962684e-01 5.925887e-01 1.106564e+00 2.008710e+00 5.362581e+00 2.911554e+00 5.532822e-01 1.012015e+00 9.325825e-01 1.059002e+00 1.394853e+00 1.416570e+00 
2.351953e-01 5.976006e-01 5.960049e-01 1.208875e+00 2.176920e+00 5.784681e+00 3.117817e+00 6.044373e-01 1.092282e+00 9.743965e-01 1.102417e+00 1.462962e+00 1.471522e+00 
2.682696e-01 5.986447e-01 5.996965e-01 1.308684e+00 2.338554e+00 6.183866e+00 3.307762e+00 6.543418e-01 1.168231e+00 1.013072e+00 1.142587e+00 1.527570e+00 1.521813e+00 
3.059950e-01 6.001141e-01 6.041149e-01 1.402415e+00 2.485317e+00 6.533990e+00 3.461735e+00 7.012077e-01 1.234483e+00 1.045902e+00 1.177701e+00 1.585271e+00 1.564569e+00 
3.490255e-01 6.030947e-01 6.097783e-01 1.487710e+00 2.608583e+00 6.811542e+00 3.566875e+00 7.438552e-01 1.287436e+00 1.070724e+00 1.206525e+00 1.633854e+00 1.596512e+00 
3.981072e-01 6.065807e-01 6.149649e-01 1.554228e+00 2.690469e+00 6.984532e+00 3.622704e+00 7.771138e-01 1.323566e+00 1.086986e+00 1.224944e+00 1.668417e+00 1.613589e+00 
4.540910e-01 6.111722e-01 6.193103e-01 1.595958e+00 2.725568e+00 7.044991e+00 3.629004e+00 7.979788e-01 1.339975e+00 1.094375e+00 1.232453e+00 1.683609e+00 1.619788e+00 
5.179475e-01 6.139622e-01 6.232146e-01 1.605633e+00 2.720932e+00 6.999710e+00 3.576612e+00 8.028164e-01 1.332431e+00 1.090471e+00 1.231916e+00 1.675989e+00 1.623387e+00 
5.907838e-01 6.144314e-01 6.241430e-01 1.581981e+00 2.678510e+00 6.888500e+00 3.515236e+00 7.909903e-01 1.311347e+00 1.078031e+00 1.226547e+00 1.650901e+00 1.623373e+00 
6.738627e-01 6.130776e-01 6.224469e-01 1.531767e+00 2.603908e+00 6.712454e+00 3.440281e+00 7.658836e-01 1.277355e+00 1.059197e+00 1.213505e+00 1.614729e+00 1.613215e+00 
7.686246e-01 6.116233e-01 6.194632e-01 1.450294e+00 2.475564e+00 6.404393e+00 3.303130e+00 7.251469e-01 1.218688e+00 1.028152e+00 1.183819e+00 1.563054e+00 1.576299e+00 
8.767124e-01 6.087879e-01 6.126741e-01 1.350395e+00 2.327957e+00 6.054826e+00 3.148536e+00 6.751976e-01 1.150562e+00 9.931613e-01 1.140619e+00 1.509646e+00 1.514542e+00 
