1.000000e-04 5.377487e-01 4.857512e-01 3.967538e-05 1.100049e-04 3.765483e-04 2.617531e-04 1.983769e-05 7.259732e-05 6.424404e-03 7.182295e-03 9.113439e-03 9.338249e-03 
1.140625e-04 5.378253e-01 4.858501e-01 5.154293e-05 1.428922e-04 4.888683e-04 3.397193e-04 2.577146e-05 9.423394e-05 7.319909e-03 8.185903e-03 1.038703e-02 1.064106e-02 
1.301025e-04 5.377956e-01 4.857750e-01 6.696564e-05 1.856669e-04 6.355874e-04 4.418979e-04 3.348282e-05 1.225588e-04 8.343300e-03 9.331007e-03 1.183798e-02 1.212989e-02 
1.483982e-04 5.378576e-01 4.857879e-01 8.688632e-05 2.408575e-04 8.246327e-04 5.734170e-04 4.344316e-05 1.590320e-04 9.509693e-03 1.063032e-02 1.349168e-02 1.381873e-02 
1.692667e-04 5.378645e-01 4.858313e-01 1.127651e-04 3.125739e-04 1.070963e-03 7.449167e-04 5.638257e-05 2.065749e-04 1.083545e-02 1.211228e-02 1.536841e-02 1.574765e-02 
1.930698e-04 5.378897e-01 4.856853e-01 1.462068e-04 4.052774e-04 1.388732e-03 9.661698e-04 7.310340e-05 2.679168e-04 1.234080e-02 1.379720e-02 1.750566e-02 1.793306e-02 
2.202202e-04 5.379396e-01 4.858275e-01 1.897636e-04 5.258372e-04 1.801544e-03 1.253335e-03 9.488182e-05 3.475696e-04 1.405493e-02 1.571356e-02 1.993740e-02 2.042436e-02 
2.511886e-04 5.379480e-01 4.857043e-01 2.458380e-04 6.809661e-04 2.333523e-03 1.623474e-03 1.229190e-04 4.502324e-04 1.600403e-02 1.789046e-02 2.270054e-02 2.325337e-02 
2.865120e-04 5.378746e-01 4.857100e-01 3.184629e-04 8.828094e-04 3.023912e-03 2.103487e-03 1.592315e-04 5.833385e-04 1.821838e-02 2.036423e-02 2.584726e-02 2.646724e-02 
3.268028e-04 5.380468e-01 4.856008e-01 4.123574e-04 1.143407e-03 3.919287e-03 2.727088e-03 2.061787e-04 7.561352e-04 2.073791e-02 2.318159e-02 2.940751e-02 3.013341e-02 
3.727594e-04 5.379493e-01 4.856205e-01 5.334116e-04 1.479018e-03 5.069543e-03 3.527914e-03 2.667058e-04 9.781529e-04 2.358875e-02 2.636500e-02 3.345476e-02 3.426594e-02 
4.251786e-04 5.380456e-01 4.856602e-01 6.890999e-04 1.911925e-03 6.555879e-03 4.562528e-03 3.445500e-04 1.264951e-03 2.682399e-02 2.998980e-02 3.804734e-02 3.896747e-02 
4.849693e-04 5.380560e-01 4.855267e-01 8.895029e-04 2.468230e-03 8.467381e-03 5.894642e-03 4.447515e-04 1.634032e-03 3.048630e-02 3.408609e-02 4.323287e-02 4.429362e-02 
5.531681e-04 5.382061e-01 4.855422e-01 1.145473e-03 3.177157e-03 1.089887e-02 7.588258e-03 5.727366e-04 2.103554e-03 3.462163e-02 3.869731e-02 4.908036e-02 5.029677e-02 
6.309573e-04 5.381484e-01 4.853796e-01 1.475566e-03 4.093944e-03 1.405233e-02 9.787199e-03 7.377831e-04 2.712744e-03 3.931067e-02 4.394696e-02 5.573915e-02 5.709816e-02 
7.196857e-04 5.382482e-01 4.853130e-01 1.895934e-03 5.259447e-03 1.806263e-02 1.258630e-02 9.479670e-04 3.488271e-03 4.460818e-02 4.984984e-02 6.321694e-02 6.478085e-02 
8.208914e-04 5.383392e-01 4.852340e-01 2.430680e-03 6.742334e-03 2.317507e-02 1.615705e-02 1.215340e-03 4.477057e-03 5.054932e-02 5.649708e-02 7.163524e-02 7.339984e-02 
9.363292e-04 5.382639e-01 4.850176e-01 3.108263e-03 8.630067e-03 2.967997e-02 2.069795e-02 1.554132e-03 5.734216e-03 5.724235e-02 6.398443e-02 8.112122e-02 8.310352e-02 
1.068000e-03 5.385369e-01 4.849522e-01 3.963996e-03 1.099599e-02 3.783934e-02 2.640023e-02 1.981998e-03 7.313984e-03 6.472738e-02 7.232039e-02 9.169555e-02 9.393028e-02 
1.218188e-03 5.385831e-01 4.847319e-01 5.040354e-03 1.398216e-02 4.816542e-02 3.362156e-02 2.520177e-03 9.313199e-03 7.310803e-02 8.169147e-02 1.035198e-01 1.061066e-01 
1.389495e-03 5.387248e-01 4.845901e-01 6.386296e-03 1.769002e-02 6.102405e-02 4.265096e-02 3.193148e-03 1.181283e-02 8.245084e-02 9.210650e-02 1.167063e-01 1.196127e-01 
1.584893e-03 5.389595e-01 4.844115e-01 8.052645e-03 2.230012e-02 7.702839e-02 5.387060e-02 4.026323e-03 1.491831e-02 9.282621e-02 1.037002e-01 1.313593e-01 1.346153e-01 
1.807769e-03 5.391913e-01 4.843436e-01 1.009262e-02 2.788491e-02 9.639585e-02 6.744820e-02 5.046310e-03 1.868187e-02 1.041547e-01 1.163530e-01 1.473599e-01 1.510119e-01 
2.061986e-03 5.394185e-01 4.842536e-01 1.258558e-02 3.465996e-02 1.199142e-01 8.394635e-02 6.292790e-03 2.326043e-02 1.165761e-01 1.302395e-01 1.648982e-01 1.689881e-01 
2.351953e-03 5.400464e-01 4.844482e-01 1.557368e-02 4.270089e-02 1.477968e-01 1.034933e-01 7.786840e-03 2.869377e-02 1.299542e-01 1.451719e-01 1.837392e-01 1.883504e-01 
2.682696e-03 5.408959e-01 4.849436e-01 1.911442e-02 5.212092e-02 1.803796e-01 1.262954e-01 9.557208e-03 3.504840e-02 1.441641e-01 1.611550e-01 2.038952e-01 2.089738e-01 
3.059950e-03 5.415468e-01 4.855320e-01 2.324138e-02 6.296111e-02 2.176426e-01 1.522525e-01 1.162069e-02 4.230717e-02 1.591727e-01 1.780658e-01 2.252296e-01 2.308117e-01 
3.490255e-03 5.428731e-01 4.868162e-01 2.797241e-02 7.501863e-02 2.589088e-01 1.809445e-01 1.398621e-02 5.037540e-02 1.746545e-01 1.954835e-01 2.472509e-01 2.533266e-01 
3.981072e-03 5.444695e-01 4.884235e-01 3.337622e-02 8.860223e-02 3.046584e-01 2.124089e-01 1.668811e-02 5.928096e-02 1.905521e-01 2.135851e-01 2.701615e-01 2.765560e-01 
4.540910e-03 5.463241e-01 4.904715e-01 3.951321e-02 1.036101e-01 3.545253e-01 2.463458e-01 1.975660e-02 6.896627e-02 2.067797e-01 2.320810e-01 2.934983e-01 3.005186e-01 
5.179475e-03 5.483134e-01 4.929031e-01 4.635130e-02 1.199321e-01 4.079947e-01 2.824211e-01 2.317565e-02 7.934233e-02 2.230838e-01 2.508090e-01 3.172567e-01 3.246225e-01 
5.907838e-03 5.503709e-01 4.956602e-01 5.396626e-02 1.378783e-01 4.655527e-01 3.205331e-01 2.698313e-02 9.040958e-02 2.395441e-01 2.699521e-01 3.416630e-01 3.491194e-01 
6.738627e-03 5.523344e-01 4.984800e-01 6.234036e-02 1.573091e-01 5.271088e-01 3.610553e-01 3.117018e-02 1.022506e-01 2.561076e-01 2.892466e-01 3.662159e-01 3.739513e-01 
7.686246e-03 5.542664e-01 5.015333e-01 7.158962e-02 1.784126e-01 5.927173e-01 4.034857e-01 3.579481e-02 1.147784e-01 2.728211e-01 3.089124e-01 3.912644e-01 3.992828e-01 
8.767124e-03 5.561278e-01 5.044806e-01 8.170353e-02 2.011106e-01 6.623745e-01 4.480529e-01 4.085176e-02 1.280434e-01 2.897030e-01 3.289029e-01 4.169651e-01 4.247875e-01 
1.000000e-02 5.578772e-01 5.075465e-01 9.284113e-02 2.259587e-01 7.374380e-01 4.954336e-01 4.642057e-02 1.422553e-01 3.068487e-01 3.493769e-01 4.432060e-01 4.510169e-01 
1.140625e-02 5.596691e-01 5.108496e-01 1.050317e-01 2.525063e-01 8.165296e-01 5.447098e-01 5.251584e-02 1.572089e-01 3.242246e-01 3.701658e-01 4.700841e-01 4.775629e-01 
1.301025e-02 5.610275e-01 5.138879e-01 1.183377e-01 2.812169e-01 9.012928e-01 5.970189e-01 5.916887e-02 1.731849e-01 3.419146e-01 3.915590e-01 4.975865e-01 5.049275e-01 
1.483982e-02 5.626737e-01 5.171663e-01 1.329042e-01 3.118700e-01 9.908763e-01 6.516497e-01 6.645211e-02 1.900699e-01 3.599684e-01 4.133702e-01 5.259528e-01 5.326355e-01 
1.692667e-02 5.641872e-01 5.204400e-01 1.488786e-01 3.447537e-01 1.085582e+00 7.086724e-01 7.443931e-02 2.079064e-01 3.784708e-01 4.356699e-01 5.549956e-01 5.611650e-01 
1.930698e-02 5.655189e-01 5.236596e-01 1.661788e-01 3.798743e-01 1.185742e+00 7.683309e-01 8.308941e-02 2.267414e-01 3.972773e-01 4.584188e-01 5.847658e-01 5.902032e-01 
2.202202e-02 5.671792e-01 5.271763e-01 1.852652e-01 4.170424e-01 1.291115e+00 8.307707e-01 9.263261e-02 2.467630e-01 4.166310e-01 4.816962e-01 6.152064e-01 6.201122e-01 
2.511886e-02 5.687180e-01 5.307112e-01 2.059979e-01 4.565399e-01 1.401770e+00 8.957348e-01 1.029989e-01 2.678196e-01 4.364409e-01 5.053936e-01 6.461407e-01 6.509107e-01 
2.865120e-02 5.704869e-01 5.343190e-01 2.286624e-01 4.986052e-01 1.518154e+00 9.631691e-01 1.143312e-01 2.900452e-01 4.567401e-01 5.296657e-01 6.778845e-01 6.825116e-01 
3.268028e-02 5.724567e-01 5.381481e-01 2.536040e-01 5.436420e-01 1.641350e+00 1.033627e+00 1.268020e-01 3.136252e-01 4.777414e-01 5.546328e-01 7.106661e-01 7.151549e-01 
3.727594e-02 5.745885e-01 5.419373e-01 2.807537e-01 5.913873e-01 1.771019e+00 1.107248e+00 1.403769e-01 3.386562e-01 4.993670e-01 5.800504e-01 7.441332e-01 7.485923e-01 
4.251786e-02 5.769877e-01 5.457601e-01 3.104865e-01 6.423967e-01 1.909408e+00 1.185348e+00 1.552432e-01 3.655421e-01 5.221325e-01 6.058946e-01 7.781990e-01 7.835211e-01 
4.849693e-02 5.795902e-01 5.498799e-01 3.429771e-01 6.971147e-01 2.055424e+00 1.266005e+00 1.714885e-01 3.939200e-01 5.457158e-01 6.321238e-01 8.132674e-01 8.193426e-01 
5.531681e-02 5.823944e-01 5.542915e-01 3.786867e-01 7.557346e-01 2.209824e+00 1.349834e+00 1.893433e-01 4.240604e-01 5.704815e-01 6.583813e-01 8.488042e-01 8.565487e-01 
6.309573e-02 5.855432e-01 5.588218e-01 4.179118e-01 8.187409e-01 2.373969e+00 1.437082e+00 2.089559e-01 4.561427e-01 5.964592e-01 6.849045e-01 8.852938e-01 8.949582e-01 
7.196857e-02 5.888514e-01 5.630919e-01 4.609888e-01 8.863462e-01 2.549928e+00 1.530735e+00 2.304944e-01 4.909260e-01 6.241814e-01 7.118165e-01 9.221753e-01 9.356416e-01 
8.208914e-02 5.923641e-01 5.674437e-01 5.085474e-01 9.589424e-01 2.740082e+00 1.632713e+00 2.542737e-01 5.290591e-01 6.540135e-01 7.389980e-01 9.600440e-01 9.783706e-01 
9.363292e-02 5.958006e-01 5.719825e-01 5.611935e-01 1.037627e+00 2.943457e+00 1.739427e+00 2.805968e-01 5.700211e-01 6.855649e-01 7.664968e-01 9.989696e-01 1.023122e+00 
1.068000e-01 5.998609e-01 5.766360e-01 6.197056e-01 1.123223e+00 3.163071e+00 1.852969e+00 3.098528e-01 6.145125e-01 7.191784e-01 7.943438e-01 1.039519e+00 1.069460e+00 
1.218188e-01 6.038291e-01 5.813395e-01 6.843770e-01 1.217035e+00 3.401290e+00 1.973909e+00 3.421885e-01 6.628492e-01 7.553367e-01 8.224557e-01 1.081308e+00 1.118640e+00 
1.389495e-01 6.077070e-01 5.857071e-01 7.556025e-01 1.320045e+00 3.660844e+00 2.103361e+00 3.778012e-01 7.154791e-01 7.940381e-01 8.509159e-01 1.125754e+00 1.169242e+00 
1.584893e-01 6.112878e-01 5.895752e-01 8.342187e-01 1.434070e+00 3.950108e+00 2.249469e+00 4.171093e-01 7.743332e-01 8.353160e-01 8.809300e-01 1.173638e+00 1.221932e+00 
1.807769e-01 6.148760e-01 5.931363e-01 9.187805e-01 1.557252e+00 4.263629e+00 2.407973e+00 4.593903e-01 8.380652e-01 8.789825e-01 9.113210e-01 1.224760e+00 1.275094e+00 
2.061986e-01 6.183667e-01 5.969938e-01 1.009321e+00 1.689041e+00 4.596846e+00 2.574122e+00 5.046604e-01 9.056321e-01 9.243962e-01 9.419595e-01 1.279341e+00 1.328004e+00 
2.351953e-01 6.208895e-01 6.006587e-01 1.101836e+00 1.827366e+00 4.942565e+00 2.743274e+00 5.509181e-01 9.747725e-01 9.716129e-01 9.708369e-01 1.335733e+00 1.380123e+00 
2.682696e-01 6.226432e-01 6.047051e-01 1.193276e+00 1.968317e+00 5.281589e+00 2.895624e+00 5.966378e-01 1.040131e+00 1.019766e+00 9.949880e-01 1.391828e+00 1.429474e+00 
3.059950e-01 6.248782e-01 6.090178e-01 1.282346e+00 2.103032e+00 5.600408e+00 3.031539e+00 6.411732e-01 1.101399e+00 1.068016e+00 1.013643e+00 1.445693e+00 1.473450e+00 
3.490255e-01 6.265396e-01 6.126381e-01 1.365893e+00 2.224806e+00 5.886096e+00 3.152416e+00 6.829467e-01 1.157418e+00 1.114904e+00 1.026358e+00 1.496169e+00 1.509936e+00 
3.981072e-01 6.278816e-01 6.152967e-01 1.438804e+00 2.330031e+00 6.135572e+00 3.260674e+00 7.194019e-01 1.207167e+00 1.158886e+00 1.034043e+00 1.543751e+00 1.537107e+00 
4.540910e-01 6.288709e-01 6.173646e-01 1.495943e+00 2.413048e+00 6.332585e+00 3.347173e+00 7.479717e-01 1.246371e+00 1.196026e+00 1.036918e+00 1.585289e+00 1.553624e+00 
5.179475e-01 6.286716e-01 6.196257e-01 1.528720e+00 2.469232e+00 6.451754e+00 3.385524e+00 7.643602e-01 1.266593e+00 1.220734e+00 1.034519e+00 1.615607e+00 1.558844e+00 
5.907838e-01 6.278842e-01 6.199880e-01 1.528450e+00 2.478511e+00 6.464346e+00 3.382135e+00 7.642248e-01 1.265423e+00 1.228164e+00 1.026913e+00 1.627090e+00 1.549461e+00 
6.738627e-01 6.263179e-01 6.180192e-01 1.483914e+00 2.418898e+00 6.326197e+00 3.328795e+00 7.419571e-01 1.236801e+00 1.212350e+00 1.013234e+00 1.611180e+00 1.523143e+00 
7.686246e-01 6.257993e-01 6.154182e-01 1.405523e+00 2.293455e+00 6.031566e+00 3.204256e+00 7.027614e-01 1.182138e+00 1.170640e+00 9.947210e-01 1.560009e+00 1.485437e+00 
8.767124e-01 6.241420e-01 6.109944e-01 1.301512e+00 2.125828e+00 5.622462e+00 3.011325e+00 6.507558e-01 1.104914e+00 1.100561e+00 9.764713e-01 1.477367e+00 1.439262e+00 
