1.000000e-04 5.407229e-01 4.852147e-01 3.899036e-05 1.050613e-04 3.692295e-04 2.614422e-04 1.949518e-05 7.237545e-05 6.432025e-03 7.065611e-03 9.070168e-03 9.162141e-03 
1.140625e-04 5.408391e-01 4.852195e-01 5.064740e-05 1.363955e-04 4.790605e-04 3.391174e-04 2.532370e-05 9.389561e-05 7.330371e-03 8.051477e-03 1.033619e-02 1.044058e-02 
1.301025e-04 5.407118e-01 4.852142e-01 6.573479e-05 1.770613e-04 6.221279e-04 4.404647e-04 3.286739e-05 1.219479e-04 8.352950e-03 9.176608e-03 1.178100e-02 1.189697e-02 
1.483982e-04 5.409010e-01 4.851644e-01 8.545938e-05 2.300356e-04 8.089260e-04 5.730008e-04 4.272969e-05 1.586307e-04 9.524573e-03 1.046141e-02 1.343094e-02 1.356143e-02 
1.692667e-04 5.409008e-01 4.851155e-01 1.108618e-04 2.984101e-04 1.049092e-03 7.430594e-04 5.543092e-05 2.057182e-04 1.084831e-02 1.191609e-02 1.529443e-02 1.544990e-02 
1.930698e-04 5.408499e-01 4.851806e-01 1.437117e-04 3.871013e-04 1.360658e-03 9.636642e-04 7.185587e-05 2.667747e-04 1.235776e-02 1.357255e-02 1.742572e-02 1.759570e-02 
2.202202e-04 5.409574e-01 4.852030e-01 1.865680e-04 5.024667e-04 1.766590e-03 1.251436e-03 9.328398e-05 3.464168e-04 1.407620e-02 1.545853e-02 1.984159e-02 2.004652e-02 
2.511886e-04 5.410162e-01 4.851504e-01 2.416104e-04 6.509466e-04 2.289460e-03 1.622139e-03 1.208052e-04 4.490047e-04 1.602599e-02 1.760263e-02 2.259566e-02 2.281864e-02 
2.865120e-04 5.409345e-01 4.850861e-01 3.131347e-04 8.429303e-04 2.967214e-03 2.103244e-03 1.565673e-04 5.821506e-04 1.824837e-02 2.003638e-02 2.572335e-02 2.597461e-02 
3.268028e-04 5.409892e-01 4.850671e-01 4.053200e-04 1.091434e-03 3.839135e-03 2.720118e-03 2.026600e-04 7.529852e-04 2.076296e-02 2.280373e-02 2.926832e-02 2.956432e-02 
3.727594e-04 5.410195e-01 4.850411e-01 5.241602e-04 1.411896e-03 4.971068e-03 3.523952e-03 2.620801e-04 9.752763e-04 2.362014e-02 2.594189e-02 3.329563e-02 3.362551e-02 
4.251786e-04 5.410372e-01 4.850796e-01 6.772013e-04 1.823657e-03 6.420869e-03 4.551626e-03 3.386007e-04 1.259716e-03 2.686050e-02 2.949624e-02 3.785089e-02 3.824454e-02 
4.849693e-04 5.411345e-01 4.848367e-01 8.752121e-04 2.356131e-03 8.300443e-03 5.886970e-03 4.376061e-04 1.629122e-03 3.055171e-02 3.354175e-02 4.303874e-02 4.348658e-02 
5.531681e-04 5.411844e-01 4.848119e-01 1.128704e-03 3.039639e-03 1.071399e-02 7.601613e-03 5.643519e-04 2.103257e-03 3.470378e-02 3.810829e-02 4.889666e-02 4.939238e-02 
6.309573e-04 5.412285e-01 4.848704e-01 1.452596e-03 3.913258e-03 1.379999e-02 9.791885e-03 7.262979e-04 2.709128e-03 3.941019e-02 4.326663e-02 5.551920e-02 5.608119e-02 
7.196857e-04 5.412846e-01 4.846738e-01 1.866355e-03 5.026092e-03 1.773569e-02 1.259101e-02 9.331773e-04 3.483136e-03 4.470367e-02 4.907774e-02 6.295862e-02 6.360885e-02 
8.208914e-04 5.414196e-01 4.846056e-01 2.395964e-03 6.451466e-03 2.279018e-02 1.619020e-02 1.197982e-03 4.478176e-03 5.069314e-02 5.564713e-02 7.137582e-02 7.211542e-02 
9.363292e-04 5.414506e-01 4.844701e-01 3.066400e-03 8.259086e-03 2.917254e-02 2.072220e-02 1.533200e-03 5.731559e-03 5.739853e-02 6.301314e-02 8.080454e-02 8.165719e-02 
1.068000e-03 5.416223e-01 4.843770e-01 3.914202e-03 1.053061e-02 3.723493e-02 2.646929e-02 1.957101e-03 7.320588e-03 6.493195e-02 7.127142e-02 9.140326e-02 9.232753e-02 
1.218188e-03 5.417225e-01 4.841837e-01 4.980751e-03 1.338149e-02 4.741332e-02 3.374331e-02 2.490376e-03 9.331028e-03 7.337221e-02 8.050403e-02 1.032245e-01 1.042841e-01 
1.389495e-03 5.418618e-01 4.839483e-01 6.317332e-03 1.695507e-02 6.014775e-02 4.284181e-02 3.158666e-03 1.184586e-02 8.278189e-02 9.083575e-02 1.164305e-01 1.176299e-01 
1.584893e-03 5.420323e-01 4.837644e-01 7.974427e-03 2.137392e-02 7.590361e-02 5.409903e-02 3.987214e-03 1.495774e-02 9.322647e-02 1.022826e-01 1.310916e-01 1.324218e-01 
1.807769e-03 5.423003e-01 4.836878e-01 1.001367e-02 2.676479e-02 9.522635e-02 6.794180e-02 5.006833e-03 1.878868e-02 1.046980e-01 1.148758e-01 1.470964e-01 1.487532e-01 
2.061986e-03 5.425165e-01 4.836499e-01 1.250830e-02 3.330350e-02 1.186147e-01 8.468008e-02 6.254152e-03 2.342613e-02 1.172461e-01 1.286467e-01 1.647343e-01 1.665019e-01 
2.351953e-03 5.430421e-01 4.837085e-01 1.552158e-02 4.113744e-02 1.466616e-01 1.047915e-01 7.760790e-03 2.900291e-02 1.308235e-01 1.435735e-01 1.837911e-01 1.857163e-01 
2.682696e-03 5.438057e-01 4.841414e-01 1.906937e-02 5.020277e-02 1.791435e-01 1.280633e-01 9.534686e-03 3.547490e-02 1.452753e-01 1.594393e-01 2.039938e-01 2.062439e-01 
3.059950e-03 5.447744e-01 4.848321e-01 2.322390e-02 6.066011e-02 2.164110e-01 1.546904e-01 1.161195e-02 4.290535e-02 1.605421e-01 1.762336e-01 2.254605e-01 2.278772e-01 
3.490255e-03 5.458992e-01 4.859060e-01 2.800820e-02 7.240628e-02 2.580533e-01 1.843465e-01 1.400410e-02 5.122256e-02 1.763624e-01 1.936925e-01 2.476878e-01 2.504544e-01 
3.981072e-03 5.473914e-01 4.873614e-01 3.346888e-02 8.555572e-02 3.040738e-01 2.169034e-01 1.673444e-02 6.040424e-02 1.926207e-01 2.116963e-01 2.706794e-01 2.736867e-01 
4.540910e-03 5.491611e-01 4.893325e-01 3.966983e-02 1.001326e-01 3.545251e-01 2.522547e-01 1.983491e-02 7.045033e-02 2.092175e-01 2.302293e-01 2.943137e-01 2.975942e-01 
5.179475e-03 5.509573e-01 4.915352e-01 4.657241e-02 1.160933e-01 4.089860e-01 2.901609e-01 2.328620e-02 8.128348e-02 2.260215e-01 2.490779e-01 3.183959e-01 3.218975e-01 
5.907838e-03 5.528794e-01 4.940035e-01 5.425924e-02 1.335009e-01 4.673782e-01 3.303056e-01 2.712962e-02 9.285750e-02 2.429855e-01 2.681907e-01 3.427879e-01 3.466579e-01 
6.738627e-03 5.546233e-01 4.964357e-01 6.272780e-02 1.524491e-01 5.296205e-01 3.724481e-01 3.136390e-02 1.051072e-01 2.601561e-01 2.875431e-01 3.676516e-01 3.717919e-01 
7.686246e-03 5.565442e-01 4.993392e-01 7.200701e-02 1.728241e-01 5.957179e-01 4.168108e-01 3.600350e-02 1.181048e-01 2.772850e-01 3.071802e-01 3.927833e-01 3.971521e-01 
8.767124e-03 5.580501e-01 5.019600e-01 8.222185e-02 1.952169e-01 6.668247e-01 4.638005e-01 4.111092e-02 1.319650e-01 2.947962e-01 3.272406e-01 4.185745e-01 4.232212e-01 
1.000000e-02 5.596265e-01 5.046172e-01 9.335302e-02 2.191451e-01 7.421067e-01 5.131293e-01 4.667651e-02 1.466353e-01 3.125292e-01 3.476075e-01 4.446795e-01 4.498112e-01 
1.140625e-02 5.609724e-01 5.073384e-01 1.054790e-01 2.451436e-01 8.223108e-01 5.649054e-01 5.273950e-02 1.621532e-01 3.304927e-01 3.683244e-01 4.714036e-01 4.768620e-01 
1.301025e-02 5.622779e-01 5.100479e-01 1.186704e-01 2.729164e-01 9.066596e-01 6.186744e-01 5.933520e-02 1.784187e-01 3.487330e-01 3.893677e-01 4.984676e-01 5.045860e-01 
1.483982e-02 5.635154e-01 5.129549e-01 1.331393e-01 3.029016e-01 9.965105e-01 6.752016e-01 6.656966e-02 1.957046e-01 3.672739e-01 4.109674e-01 5.262888e-01 5.329829e-01 
1.692667e-02 5.647889e-01 5.159497e-01 1.488912e-01 3.350209e-01 1.091434e+00 7.342228e-01 7.444558e-02 2.139342e-01 3.862232e-01 4.329496e-01 5.545203e-01 5.621866e-01 
1.930698e-02 5.659908e-01 5.190171e-01 1.660634e-01 3.694421e-01 1.191223e+00 7.950894e-01 8.303169e-02 2.329867e-01 4.054822e-01 4.553832e-01 5.835350e-01 5.920165e-01 
2.202202e-02 5.672183e-01 5.221431e-01 1.848544e-01 4.064440e-01 1.297476e+00 8.589840e-01 9.242720e-02 2.532165e-01 4.253796e-01 4.783772e-01 6.132925e-01 6.229057e-01 
2.511886e-02 5.685705e-01 5.254950e-01 2.053552e-01 4.461559e-01 1.409557e+00 9.252032e-01 1.026776e-01 2.744807e-01 4.456711e-01 5.018883e-01 6.436404e-01 6.547356e-01 
2.865120e-02 5.700297e-01 5.289120e-01 2.277964e-01 4.884763e-01 1.527505e+00 9.939782e-01 1.138982e-01 2.969146e-01 4.664629e-01 5.258426e-01 6.745557e-01 6.874228e-01 
3.268028e-02 5.717142e-01 5.325451e-01 2.524129e-01 5.339240e-01 1.652398e+00 1.065533e+00 1.262065e-01 3.206443e-01 4.877756e-01 5.504691e-01 7.062402e-01 7.212368e-01 
3.727594e-02 5.735585e-01 5.362460e-01 2.793185e-01 5.825135e-01 1.786147e+00 1.142294e+00 1.396592e-01 3.462950e-01 5.099438e-01 5.758082e-01 7.387879e-01 7.562352e-01 
4.251786e-02 5.755740e-01 5.398681e-01 3.088813e-01 6.343535e-01 1.928046e+00 1.223411e+00 1.544406e-01 3.737419e-01 5.330879e-01 6.017377e-01 7.719244e-01 7.927440e-01 
4.849693e-02 5.778187e-01 5.434535e-01 3.411424e-01 6.898619e-01 2.078917e+00 1.309126e+00 1.705712e-01 4.030593e-01 5.571839e-01 6.281640e-01 8.059986e-01 8.302727e-01 
5.531681e-02 5.803591e-01 5.471182e-01 3.771284e-01 7.502956e-01 2.242447e+00 1.401084e+00 1.885642e-01 4.350049e-01 5.827222e-01 6.556980e-01 8.413130e-01 8.699858e-01 
6.309573e-02 5.831258e-01 5.507931e-01 4.166756e-01 8.151838e-01 2.417846e+00 1.499501e+00 2.083378e-01 4.695865e-01 6.094875e-01 6.838893e-01 8.777152e-01 9.110361e-01 
7.196857e-02 5.861431e-01 5.546290e-01 4.601281e-01 8.854259e-01 2.605873e+00 1.603727e+00 2.300641e-01 5.067434e-01 6.374225e-01 7.128510e-01 9.154039e-01 9.536531e-01 
8.208914e-02 5.892614e-01 5.585807e-01 5.082546e-01 9.620722e-01 2.809236e+00 1.714987e+00 2.541273e-01 5.470190e-01 6.670547e-01 7.423810e-01 9.545211e-01 9.981013e-01 
9.363292e-02 5.926138e-01 5.627531e-01 5.610207e-01 1.044363e+00 3.026092e+00 1.832155e+00 2.805104e-01 5.902950e-01 6.976816e-01 7.726760e-01 9.950669e-01 1.043595e+00 
1.068000e-01 5.959789e-01 5.670221e-01 6.200976e-01 1.135166e+00 3.260205e+00 1.954744e+00 3.100488e-01 6.368449e-01 7.300718e-01 8.039312e-01 1.038235e+00 1.090745e+00 
1.218188e-01 5.997589e-01 5.716841e-01 6.849974e-01 1.231533e+00 3.506206e+00 2.080450e+00 3.424987e-01 6.862631e-01 7.638897e-01 8.352259e-01 1.082720e+00 1.138660e+00 
1.389495e-01 6.037770e-01 5.767423e-01 7.560564e-01 1.335020e+00 3.767323e+00 2.211353e+00 3.780282e-01 7.389811e-01 7.995507e-01 8.661804e-01 1.128227e+00 1.187942e+00 
1.584893e-01 6.077137e-01 5.813550e-01 8.315536e-01 1.444606e+00 4.042589e+00 2.349110e+00 4.157768e-01 7.948251e-01 8.367975e-01 8.965648e-01 1.175395e+00 1.236924e+00 
1.807769e-01 6.114982e-01 5.862915e-01 9.117139e-01 1.563118e+00 4.335503e+00 2.490612e+00 4.558569e-01 8.533298e-01 8.756671e-01 9.261935e-01 1.224866e+00 1.285651e+00 
2.061986e-01 6.146617e-01 5.911664e-01 9.962597e-01 1.690311e+00 4.648876e+00 2.640352e+00 4.981298e-01 9.152925e-01 9.154977e-01 9.564062e-01 1.276724e+00 1.334609e+00 
2.351953e-01 6.168378e-01 5.959376e-01 1.082730e+00 1.822659e+00 4.967235e+00 2.783612e+00 5.413650e-01 9.769134e-01 9.548704e-01 9.853197e-01 1.329513e+00 1.381471e+00 
2.682696e-01 6.177823e-01 6.006129e-01 1.169962e+00 1.960554e+00 5.288861e+00 2.918416e+00 5.849811e-01 1.037152e+00 9.935811e-01 1.013446e+00 1.383233e+00 1.427224e+00 
3.059950e-01 6.185784e-01 6.047867e-01 1.255096e+00 2.094959e+00 5.601002e+00 3.048307e+00 6.275480e-01 1.095715e+00 1.031058e+00 1.039418e+00 1.437169e+00 1.467717e+00 
3.490255e-01 6.190004e-01 6.081978e-01 1.334223e+00 2.218583e+00 5.889472e+00 3.168547e+00 6.671116e-01 1.150234e+00 1.066585e+00 1.061708e+00 1.489529e+00 1.501171e+00 
3.981072e-01 6.198640e-01 6.112293e-01 1.404660e+00 2.323134e+00 6.136237e+00 3.274537e+00 7.023298e-01 1.198371e+00 1.095595e+00 1.082064e+00 1.535873e+00 1.527456e+00 
4.540910e-01 6.220161e-01 6.126994e-01 1.463371e+00 2.401634e+00 6.338123e+00 3.376604e+00 7.316854e-01 1.241277e+00 1.116923e+00 1.102041e+00 1.576037e+00 1.544467e+00 
5.179475e-01 6.240683e-01 6.146790e-01 1.507852e+00 2.462143e+00 6.480545e+00 3.437448e+00 7.539260e-01 1.270294e+00 1.128326e+00 1.118732e+00 1.609591e+00 1.551113e+00 
5.907838e-01 6.246930e-01 6.168560e-01 1.526125e+00 2.488551e+00 6.533514e+00 3.450305e+00 7.630625e-01 1.279539e+00 1.126240e+00 1.129546e+00 1.628347e+00 1.546910e+00 
6.738627e-01 6.259323e-01 6.163429e-01 1.503948e+00 2.447536e+00 6.433186e+00 3.405793e+00 7.519739e-01 1.262097e+00 1.111151e+00 1.126164e+00 1.618656e+00 1.528240e+00 
7.686246e-01 6.273266e-01 6.145145e-01 1.432390e+00 2.322843e+00 6.130422e+00 3.267086e+00 7.161948e-01 1.206737e+00 1.078201e+00 1.100611e+00 1.568045e+00 1.492023e+00 
8.767124e-01 6.229455e-01 6.079877e-01 1.305545e+00 2.134306e+00 5.680082e+00 3.066299e+00 6.527725e-01 1.118436e+00 1.029094e+00 1.051398e+00 1.477473e+00 1.440281e+00 
