1.000000e-04 5.384993e-01 4.848977e-01 3.829234e-05 1.042693e-04 3.636204e-04 2.560844e-04 1.914617e-05 7.092821e-05 6.378701e-03 7.033040e-03 9.021059e-03 9.125461e-03 
1.140625e-04 5.384711e-01 4.850040e-01 4.972707e-05 1.354443e-04 4.723487e-04 3.326704e-04 2.486353e-05 9.213581e-05 7.270337e-03 8.015148e-03 1.028437e-02 1.039799e-02 
1.301025e-04 5.385766e-01 4.849177e-01 6.459689e-05 1.760134e-04 6.141138e-04 4.326512e-04 3.229845e-05 1.198074e-04 8.288387e-03 9.138322e-03 1.172121e-02 1.185602e-02 
1.483982e-04 5.385462e-01 4.848886e-01 8.388339e-05 2.285541e-04 7.968611e-04 5.611217e-04 4.194170e-05 1.554073e-04 9.443468e-03 1.041247e-02 1.335705e-02 1.350857e-02 
1.692667e-04 5.385893e-01 4.849054e-01 1.088818e-04 2.966400e-04 1.034779e-03 7.288953e-04 5.444088e-05 2.018550e-04 1.075988e-02 1.186339e-02 1.521620e-02 1.539181e-02 
1.930698e-04 5.385404e-01 4.847587e-01 1.411230e-04 3.845366e-04 1.342205e-03 9.457830e-04 7.056151e-05 2.618965e-04 1.225892e-02 1.351357e-02 1.733395e-02 1.753175e-02 
2.202202e-04 5.386160e-01 4.849920e-01 1.831895e-04 4.994065e-04 1.741011e-03 1.225736e-03 9.159474e-05 3.394706e-04 1.396076e-02 1.539132e-02 1.974313e-02 1.997152e-02 
2.511886e-04 5.385864e-01 4.848378e-01 2.374064e-04 6.464547e-04 2.257219e-03 1.590886e-03 1.187032e-04 4.405152e-04 1.589824e-02 1.752577e-02 2.247494e-02 2.274020e-02 
2.865120e-04 5.385503e-01 4.847555e-01 3.075188e-04 8.378799e-04 2.924436e-03 2.060503e-03 1.537594e-04 5.705735e-04 1.809606e-02 1.995233e-02 2.558734e-02 2.588573e-02 
3.268028e-04 5.384523e-01 4.846071e-01 3.978409e-04 1.084847e-03 3.787886e-03 2.669605e-03 1.989205e-04 7.390931e-04 2.059876e-02 2.271004e-02 2.912512e-02 2.946034e-02 
3.727594e-04 5.386208e-01 4.845925e-01 5.149335e-04 1.403907e-03 4.903987e-03 3.457243e-03 2.574668e-04 9.570893e-04 2.343968e-02 2.583690e-02 3.313590e-02 3.351246e-02 
4.251786e-04 5.386440e-01 4.846314e-01 6.652867e-04 1.813571e-03 6.339399e-03 4.470929e-03 3.326434e-04 1.237611e-03 2.666172e-02 2.937776e-02 3.768641e-02 3.810587e-02 
4.849693e-04 5.386122e-01 4.844956e-01 8.589150e-04 2.342431e-03 8.186336e-03 5.772950e-03 4.294575e-04 1.597959e-03 3.030098e-02 3.339824e-02 4.282393e-02 4.332460e-02 
5.531681e-04 5.386882e-01 4.845111e-01 1.107648e-03 3.022158e-03 1.056368e-02 7.450616e-03 5.538242e-04 2.062133e-03 3.442443e-02 3.793958e-02 4.864192e-02 4.922182e-02 
6.309573e-04 5.387352e-01 4.842890e-01 1.426889e-03 3.892432e-03 1.362250e-02 9.616137e-03 7.134447e-04 2.660826e-03 3.910301e-02 4.309008e-02 5.524502e-02 5.589059e-02 
7.196857e-04 5.387811e-01 4.841764e-01 1.833814e-03 5.000009e-03 1.750319e-02 1.235529e-02 9.169069e-04 3.418857e-03 4.435800e-02 4.887801e-02 6.266067e-02 6.339100e-02 
8.208914e-04 5.388534e-01 4.841541e-01 2.352521e-03 6.418924e-03 2.248335e-02 1.587819e-02 1.176261e-03 4.392987e-03 5.028868e-02 5.541271e-02 7.101938e-02 7.186988e-02 
9.363292e-04 5.388072e-01 4.838645e-01 3.011593e-03 8.215455e-03 2.880684e-02 2.035733e-02 1.505796e-03 5.630953e-03 5.697390e-02 6.277056e-02 8.045003e-02 8.139163e-02 
1.068000e-03 5.390624e-01 4.838768e-01 3.841794e-03 1.047264e-02 3.674495e-02 2.597914e-02 1.920897e-03 7.186033e-03 6.443693e-02 7.097838e-02 9.097192e-02 9.201893e-02 
1.218188e-03 5.390417e-01 4.835141e-01 4.887711e-03 1.332284e-02 4.681015e-02 3.312388e-02 2.443855e-03 9.160114e-03 7.281143e-02 8.019270e-02 1.027513e-01 1.039438e-01 
1.389495e-03 5.391528e-01 4.834244e-01 6.195825e-03 1.687238e-02 5.932791e-02 4.200155e-02 3.097912e-03 1.161494e-02 8.213454e-02 9.045367e-02 1.158507e-01 1.172633e-01 
1.584893e-03 5.393199e-01 4.830809e-01 7.825619e-03 2.128095e-02 7.497880e-02 5.314818e-02 3.912810e-03 1.469424e-02 9.254713e-02 1.018607e-01 1.304988e-01 1.319897e-01 
1.807769e-03 5.394757e-01 4.829879e-01 9.823731e-03 2.667513e-02 9.409771e-02 6.674853e-02 4.911866e-03 1.845604e-02 1.039665e-01 1.144030e-01 1.464582e-01 1.483025e-01 
2.061986e-03 5.398246e-01 4.828999e-01 1.227318e-02 3.320410e-02 1.172633e-01 8.324056e-02 6.136592e-03 2.302302e-02 1.164314e-01 1.281380e-01 1.640408e-01 1.659915e-01 
2.351953e-03 5.402071e-01 4.829200e-01 1.521213e-02 4.101437e-02 1.450431e-01 1.030583e-01 7.606065e-03 2.851262e-02 1.299463e-01 1.429829e-01 1.829834e-01 1.852057e-01 
2.682696e-03 5.406918e-01 4.830681e-01 1.869634e-02 5.012739e-02 1.774114e-01 1.261345e-01 9.348172e-03 3.491990e-02 1.443717e-01 1.588235e-01 2.032045e-01 2.056922e-01 
3.059950e-03 5.414130e-01 4.835523e-01 2.274490e-02 6.056050e-02 2.143303e-01 1.523651e-01 1.137245e-02 4.222818e-02 1.595013e-01 1.755719e-01 2.245084e-01 2.273138e-01 
3.490255e-03 5.425364e-01 4.844753e-01 2.741376e-02 7.237353e-02 2.558029e-01 1.817386e-01 1.370688e-02 5.044715e-02 1.752704e-01 1.929777e-01 2.467391e-01 2.498020e-01 
3.981072e-03 5.438870e-01 4.857582e-01 3.274783e-02 8.555512e-02 3.017041e-01 2.140306e-01 1.637391e-02 5.953462e-02 1.915087e-01 2.109598e-01 2.696173e-01 2.731453e-01 
4.540910e-03 5.455655e-01 4.875014e-01 3.875403e-02 1.000573e-01 3.515258e-01 2.488528e-01 1.937701e-02 6.939815e-02 2.079904e-01 2.293128e-01 2.930162e-01 2.969134e-01 
5.179475e-03 5.472687e-01 4.894560e-01 4.553559e-02 1.162220e-01 4.061581e-01 2.866163e-01 2.276779e-02 8.016563e-02 2.248372e-01 2.481844e-01 3.171453e-01 3.213355e-01 
5.907838e-03 5.489698e-01 4.916224e-01 5.303888e-02 1.338014e-01 4.645656e-01 3.264895e-01 2.651944e-02 9.161904e-02 2.417710e-01 2.673511e-01 3.415104e-01 3.462173e-01 
6.738627e-03 5.509570e-01 4.941584e-01 6.129262e-02 1.527606e-01 5.267218e-01 3.685707e-01 3.064631e-02 1.037958e-01 2.588279e-01 2.866054e-01 3.660790e-01 3.713148e-01 
7.686246e-03 5.527535e-01 4.967588e-01 7.043364e-02 1.735067e-01 5.934013e-01 4.130729e-01 3.521682e-02 1.167820e-01 2.760648e-01 3.062701e-01 3.910413e-01 3.970886e-01 
8.767124e-03 5.543391e-01 4.994502e-01 8.045073e-02 1.960518e-01 6.645718e-01 4.598212e-01 4.022536e-02 1.305292e-01 2.934976e-01 3.262707e-01 4.164962e-01 4.233590e-01 
1.000000e-02 5.558862e-01 5.021296e-01 9.143624e-02 2.207120e-01 7.411196e-01 5.094863e-01 4.571812e-02 1.452285e-01 3.111959e-01 3.468464e-01 4.427635e-01 4.501886e-01 
1.140625e-02 5.570968e-01 5.048615e-01 1.033623e-01 2.470454e-01 8.214471e-01 5.607474e-01 5.168113e-02 1.605525e-01 3.289752e-01 3.676680e-01 4.689400e-01 4.778413e-01 
1.301025e-02 5.584069e-01 5.077745e-01 1.165000e-01 2.758853e-01 9.077889e-01 6.148641e-01 5.824999e-02 1.768939e-01 3.471821e-01 3.889552e-01 4.959198e-01 5.061774e-01 
1.483982e-02 5.595337e-01 5.106792e-01 1.308406e-01 3.072156e-01 9.991909e-01 6.708538e-01 6.542029e-02 1.939956e-01 3.655196e-01 4.109094e-01 5.235378e-01 5.353688e-01 
1.692667e-02 5.605523e-01 5.136699e-01 1.465255e-01 3.407792e-01 1.095901e+00 7.292846e-01 7.326275e-02 2.120511e-01 3.841626e-01 4.332821e-01 5.516750e-01 5.652543e-01 
1.930698e-02 5.616633e-01 5.168118e-01 1.635739e-01 3.766929e-01 1.198253e+00 7.902948e-01 8.178694e-02 2.311068e-01 4.032025e-01 4.561413e-01 5.805240e-01 5.959146e-01 
2.202202e-02 5.627301e-01 5.200447e-01 1.823271e-01 4.152611e-01 1.306550e+00 8.537315e-01 9.116355e-02 2.512132e-01 4.225523e-01 4.797109e-01 6.099967e-01 6.275761e-01 
2.511886e-02 5.640490e-01 5.236020e-01 2.029263e-01 4.567483e-01 1.421054e+00 9.194999e-01 1.014632e-01 2.724114e-01 4.421339e-01 5.039159e-01 6.402925e-01 6.599237e-01 
2.865120e-02 5.652538e-01 5.272145e-01 2.253710e-01 5.012699e-01 1.542276e+00 9.880935e-01 1.126855e-01 2.948320e-01 4.623374e-01 5.287480e-01 6.711077e-01 6.937586e-01 
3.268028e-02 5.667966e-01 5.311075e-01 2.500911e-01 5.490064e-01 1.669936e+00 1.058740e+00 1.250456e-01 3.184314e-01 4.828700e-01 5.543063e-01 7.026064e-01 7.285754e-01 
3.727594e-02 5.684137e-01 5.350366e-01 2.772033e-01 6.000443e-01 1.805762e+00 1.133387e+00 1.386016e-01 3.436764e-01 5.038470e-01 5.808809e-01 7.350434e-01 7.646038e-01 
4.251786e-02 5.700725e-01 5.391276e-01 3.069803e-01 6.550631e-01 1.949632e+00 1.210157e+00 1.534901e-01 3.702588e-01 5.251787e-01 6.083272e-01 7.685254e-01 8.016566e-01 
4.849693e-02 5.718637e-01 5.435947e-01 3.396565e-01 7.142605e-01 2.103325e+00 1.291470e+00 1.698282e-01 3.988285e-01 5.470886e-01 6.367729e-01 8.028143e-01 8.403243e-01 
5.531681e-02 5.737854e-01 5.477234e-01 3.756249e-01 7.776439e-01 2.267914e+00 1.378138e+00 1.878124e-01 4.297201e-01 5.698101e-01 6.666291e-01 8.382027e-01 8.808477e-01 
6.309573e-02 5.759057e-01 5.518958e-01 4.149824e-01 8.454216e-01 2.444373e+00 1.471886e+00 2.074912e-01 4.632572e-01 5.931344e-01 6.977294e-01 8.748154e-01 9.225317e-01 
7.196857e-02 5.779163e-01 5.562009e-01 4.581256e-01 9.184830e-01 2.632934e+00 1.570668e+00 2.290628e-01 4.991971e-01 6.172120e-01 7.299292e-01 9.127015e-01 9.658550e-01 
8.208914e-02 5.799669e-01 5.605512e-01 5.052654e-01 9.967924e-01 2.833348e+00 1.674184e+00 2.526327e-01 5.375532e-01 6.414938e-01 7.636131e-01 9.523560e-01 1.009893e+00 
9.363292e-02 5.820360e-01 5.650292e-01 5.561138e-01 1.080825e+00 3.045457e+00 1.780991e+00 2.780569e-01 5.779353e-01 6.657256e-01 7.985373e-01 9.929979e-01 1.055048e+00 
1.068000e-01 5.843862e-01 5.698069e-01 6.112199e-01 1.170291e+00 3.269120e+00 1.890578e+00 3.056100e-01 6.205637e-01 6.896142e-01 8.347214e-01 1.034605e+00 1.100644e+00 
1.218188e-01 5.865635e-01 5.746899e-01 6.702623e-01 1.265490e+00 3.504174e+00 2.003504e+00 3.351312e-01 6.653131e-01 7.130257e-01 8.723814e-01 1.077694e+00 1.146571e+00 
1.389495e-01 5.884915e-01 5.796871e-01 7.333474e-01 1.367250e+00 3.749972e+00 2.116433e+00 3.666737e-01 7.116497e-01 7.361090e-01 9.111878e-01 1.121822e+00 1.193353e+00 
1.584893e-01 5.903636e-01 5.849367e-01 8.017930e-01 1.477395e+00 4.012619e+00 2.233446e+00 4.008965e-01 7.608499e-01 7.588510e-01 9.516416e-01 1.167508e+00 1.241129e+00 
1.807769e-01 5.919918e-01 5.902298e-01 8.748794e-01 1.596523e+00 4.292529e+00 2.354609e+00 4.374397e-01 8.126254e-01 7.812721e-01 9.934387e-01 1.215026e+00 1.289272e+00 
2.061986e-01 5.928869e-01 5.959029e-01 9.516250e-01 1.724964e+00 4.584949e+00 2.470131e+00 4.758125e-01 8.646856e-01 8.021025e-01 1.036210e+00 1.264152e+00 1.336814e+00 
2.351953e-01 5.933209e-01 6.011846e-01 1.031533e+00 1.861754e+00 4.891103e+00 2.585145e+00 5.157666e-01 9.176713e-01 8.214346e-01 1.081070e+00 1.316371e+00 1.383119e+00 
2.682696e-01 5.926666e-01 6.061944e-01 1.113344e+00 2.008475e+00 5.211239e+00 2.695718e+00 5.566721e-01 9.702919e-01 8.387793e-01 1.127187e+00 1.372913e+00 1.426159e+00 
3.059950e-01 5.915468e-01 6.101839e-01 1.195288e+00 2.157551e+00 5.540328e+00 2.813587e+00 5.976440e-01 1.024441e+00 8.553694e-01 1.173266e+00 1.431897e+00 1.465070e+00 
3.490255e-01 5.898724e-01 6.127708e-01 1.271284e+00 2.303066e+00 5.865841e+00 2.933125e+00 6.356420e-01 1.076855e+00 8.702162e-01 1.216851e+00 1.489251e+00 1.499023e+00 
3.981072e-01 5.883576e-01 6.154144e-01 1.337584e+00 2.439606e+00 6.167962e+00 3.037773e+00 6.687921e-01 1.122808e+00 8.808145e-01 1.256974e+00 1.541169e+00 1.527805e+00 
4.540910e-01 5.862124e-01 6.172913e-01 1.390159e+00 2.560479e+00 6.431651e+00 3.122881e+00 6.950795e-01 1.160109e+00 8.875527e-01 1.293081e+00 1.586704e+00 1.551814e+00 
5.179475e-01 5.836541e-01 6.168966e-01 1.421753e+00 2.644429e+00 6.623716e+00 3.191939e+00 7.108766e-01 1.186525e+00 8.892102e-01 1.323066e+00 1.624669e+00 1.564194e+00 
5.907838e-01 5.813878e-01 6.156101e-01 1.429165e+00 2.679361e+00 6.702646e+00 3.224220e+00 7.145825e-01 1.195670e+00 8.857735e-01 1.340709e+00 1.646563e+00 1.565469e+00 
6.738627e-01 5.801716e-01 6.150232e-01 1.406792e+00 2.639237e+00 6.602470e+00 3.180037e+00 7.033958e-01 1.178302e+00 8.753845e-01 1.335715e+00 1.639939e+00 1.550252e+00 
7.686246e-01 5.825928e-01 6.140450e-01 1.340002e+00 2.493449e+00 6.269672e+00 3.050629e+00 6.700009e-01 1.127231e+00 8.594731e-01 1.293349e+00 1.586867e+00 1.512582e+00 
8.767124e-01 5.864779e-01 6.090460e-01 1.223187e+00 2.258323e+00 5.742648e+00 2.854090e+00 6.115933e-01 1.043611e+00 8.384491e-01 1.211059e+00 1.487578e+00 1.450023e+00 
