1.000000e-04 5.414883e-01 4.870805e-01 3.769695e-05 1.005546e-04 3.508138e-04 2.470327e-04 1.884847e-05 6.860764e-05 6.281847e-03 6.951784e-03 8.857273e-03 9.042296e-03 
1.140625e-04 5.414981e-01 4.870072e-01 4.896928e-05 1.307181e-04 4.558580e-04 3.209450e-04 2.448464e-05 8.913415e-05 7.160698e-03 7.923661e-03 1.009566e-02 1.030724e-02 
1.301025e-04 5.414519e-01 4.870110e-01 6.360567e-05 1.697681e-04 5.920264e-04 4.168240e-04 3.180284e-05 1.157615e-04 8.162318e-03 9.031170e-03 1.150696e-02 1.174768e-02 
1.483982e-04 5.415327e-01 4.871036e-01 8.254141e-05 2.202854e-04 7.681478e-04 5.408711e-04 4.127071e-05 1.502105e-04 9.298343e-03 1.028805e-02 1.310941e-02 1.338211e-02 
1.692667e-04 5.415103e-01 4.869811e-01 1.071643e-04 2.860094e-04 9.982654e-04 7.032433e-04 5.358215e-05 1.952752e-04 1.059952e-02 1.172690e-02 1.494041e-02 1.525476e-02 
1.930698e-04 5.415283e-01 4.869817e-01 1.391048e-04 3.710522e-04 1.294901e-03 9.122232e-04 6.955240e-05 2.533306e-04 1.207409e-02 1.335568e-02 1.702105e-02 1.737058e-02 
2.202202e-04 5.414746e-01 4.868599e-01 1.802232e-04 4.810149e-04 1.679040e-03 1.183069e-03 9.011160e-05 3.284864e-04 1.374938e-02 1.521216e-02 1.938085e-02 1.978459e-02 
2.511886e-04 5.416195e-01 4.870606e-01 2.335841e-04 6.234762e-04 2.175484e-03 1.532174e-03 1.167920e-04 4.254665e-04 1.565585e-02 1.731669e-02 2.206361e-02 2.252870e-02 
2.865120e-04 5.415734e-01 4.869292e-01 3.025789e-04 8.073777e-04 2.817331e-03 1.984491e-03 1.512894e-04 5.510755e-04 1.781921e-02 1.971427e-02 2.511660e-02 2.564181e-02 
3.268028e-04 5.415326e-01 4.867421e-01 3.915835e-04 1.045548e-03 3.651518e-03 2.573393e-03 1.957917e-04 7.144073e-04 2.028188e-02 2.243974e-02 2.857817e-02 2.918851e-02 
3.727594e-04 5.416434e-01 4.868519e-01 5.067769e-04 1.353449e-03 4.727512e-03 3.331528e-03 2.533885e-04 9.248788e-04 2.307861e-02 2.553018e-02 3.252144e-02 3.320538e-02 
4.251786e-04 5.416660e-01 4.867704e-01 6.548121e-04 1.748086e-03 6.108417e-03 4.306488e-03 3.274060e-04 1.195456e-03 2.624576e-02 2.903482e-02 3.698372e-02 3.775800e-02 
4.849693e-04 5.417137e-01 4.867301e-01 8.454075e-04 2.257376e-03 7.885036e-03 5.557765e-03 4.227037e-04 1.542847e-03 2.983203e-02 3.299239e-02 4.202637e-02 4.291223e-02 
5.531681e-04 5.417714e-01 4.866227e-01 1.090290e-03 2.911131e-03 1.018117e-02 7.181882e-03 5.451450e-04 1.993317e-03 3.390102e-02 3.748550e-02 4.775891e-02 4.874122e-02 
6.309573e-04 5.419015e-01 4.865858e-01 1.403899e-03 3.747624e-03 1.310361e-02 9.241782e-03 7.019496e-04 2.565231e-03 3.849255e-02 4.256006e-02 5.422399e-02 5.533505e-02 
7.196857e-04 5.418218e-01 4.863929e-01 1.804644e-03 4.818856e-03 1.687171e-02 1.190931e-02 9.023218e-04 3.304756e-03 4.367960e-02 4.829064e-02 6.149710e-02 6.279935e-02 
8.208914e-04 5.419686e-01 4.863569e-01 2.314309e-03 6.174223e-03 2.164030e-02 1.528759e-02 1.157155e-03 4.241444e-03 4.950585e-02 5.473350e-02 6.969147e-02 7.115851e-02 
9.363292e-04 5.420114e-01 4.861409e-01 2.959529e-03 7.894433e-03 2.769173e-02 1.956707e-02 1.479764e-03 5.428326e-03 5.606953e-02 6.196249e-02 7.887971e-02 8.058052e-02 
1.068000e-03 5.420919e-01 4.859946e-01 3.777179e-03 1.008022e-02 3.539153e-02 2.502514e-02 1.888590e-03 6.940810e-03 6.343770e-02 7.011131e-02 8.924085e-02 9.114318e-02 
1.218188e-03 5.421739e-01 4.858167e-01 4.808323e-03 1.282729e-02 4.505867e-02 3.186963e-02 2.404162e-03 8.838763e-03 7.166592e-02 7.919183e-02 1.007914e-01 1.029409e-01 
1.389495e-03 5.424305e-01 4.857604e-01 6.096003e-03 1.623406e-02 5.711140e-02 4.043703e-02 3.048002e-03 1.121405e-02 8.082155e-02 8.930944e-02 1.136362e-01 1.160626e-01 
1.584893e-03 5.426032e-01 4.855433e-01 7.688937e-03 2.045268e-02 7.207277e-02 5.108152e-02 3.844468e-03 1.416478e-02 9.100895e-02 1.005535e-01 1.278888e-01 1.306639e-01 
1.807769e-03 5.427228e-01 4.853767e-01 9.653869e-03 2.561900e-02 9.038096e-02 6.410168e-02 4.826935e-03 1.777764e-02 1.022202e-01 1.129053e-01 1.435859e-01 1.466927e-01 
2.061986e-03 5.431231e-01 4.852404e-01 1.205184e-02 3.188716e-02 1.126846e-01 7.999980e-02 6.025921e-03 2.218947e-02 1.144820e-01 1.264531e-01 1.607645e-01 1.642192e-01 
2.351953e-03 5.435855e-01 4.854171e-01 1.493179e-02 3.932643e-02 1.390950e-01 9.879811e-02 7.465894e-03 2.741964e-02 1.276978e-01 1.410327e-01 1.792204e-01 1.831669e-01 
2.682696e-03 5.442149e-01 4.857424e-01 1.833234e-02 4.800825e-02 1.699349e-01 1.207561e-01 9.166172e-03 3.354057e-02 1.417361e-01 1.565606e-01 1.989258e-01 2.032485e-01 
3.059950e-03 5.452072e-01 4.863658e-01 2.230487e-02 5.799545e-02 2.051872e-01 1.457760e-01 1.115243e-02 4.053662e-02 1.565854e-01 1.729967e-01 2.197556e-01 2.245312e-01 
3.490255e-03 5.463141e-01 4.874195e-01 2.688379e-02 6.927761e-02 2.447541e-01 1.737091e-01 1.344190e-02 4.838995e-02 1.719613e-01 1.901002e-01 2.413819e-01 2.467121e-01 
3.981072e-03 5.477272e-01 4.886783e-01 3.208549e-02 8.183683e-02 2.883868e-01 2.043707e-01 1.604275e-02 5.705585e-02 1.877812e-01 2.077053e-01 2.636561e-01 2.695665e-01 
4.540910e-03 5.495829e-01 4.906455e-01 3.797880e-02 9.574851e-02 3.361466e-01 2.376954e-01 1.898940e-02 6.653302e-02 2.039128e-01 2.257303e-01 2.865604e-01 2.929162e-01 
5.179475e-03 5.513292e-01 4.927070e-01 4.457883e-02 1.110233e-01 3.876768e-01 2.731874e-01 2.228942e-02 7.671404e-02 2.202572e-01 2.441058e-01 3.097580e-01 3.169323e-01 
5.907838e-03 5.532821e-01 4.952156e-01 5.191027e-02 1.278137e-01 4.433868e-01 3.111412e-01 2.595513e-02 8.767597e-02 2.367635e-01 2.627413e-01 3.334285e-01 3.412157e-01 
6.738627e-03 5.550774e-01 4.977393e-01 5.990595e-02 1.459184e-01 5.024962e-01 3.509843e-01 2.995297e-02 9.926298e-02 2.532972e-01 2.815587e-01 3.572407e-01 3.658275e-01 
7.686246e-03 5.567455e-01 5.004862e-01 6.882143e-02 1.659048e-01 5.664112e-01 3.933245e-01 3.441072e-02 1.116865e-01 2.701439e-01 3.008171e-01 3.816251e-01 3.911881e-01 
8.767124e-03 5.585910e-01 5.032847e-01 7.856503e-02 1.875326e-01 6.342316e-01 4.376506e-01 3.928251e-02 1.247948e-01 2.871197e-01 3.202997e-01 4.064058e-01 4.168204e-01 
1.000000e-02 5.601279e-01 5.060511e-01 8.922100e-02 2.109585e-01 7.069660e-01 4.847121e-01 4.461050e-02 1.388081e-01 3.044972e-01 3.402074e-01 4.316813e-01 4.432599e-01 
1.140625e-02 5.614168e-01 5.088465e-01 1.008758e-01 2.366249e-01 7.848381e-01 5.341296e-01 5.043790e-02 1.536497e-01 3.219680e-01 3.606297e-01 4.574490e-01 4.703980e-01 
1.301025e-02 5.628366e-01 5.116904e-01 1.136011e-01 2.642771e-01 8.677363e-01 5.861947e-01 5.680055e-02 1.693962e-01 3.398528e-01 3.814258e-01 4.836439e-01 4.983250e-01 
1.483982e-02 5.639967e-01 5.145518e-01 1.275493e-01 2.944757e-01 9.566718e-01 6.410625e-01 6.377464e-02 1.861508e-01 3.580116e-01 4.030779e-01 5.106960e-01 5.272231e-01 
1.692667e-02 5.649905e-01 5.173035e-01 1.427358e-01 3.268935e-01 1.051046e+00 6.984944e-01 7.136789e-02 2.038588e-01 3.766546e-01 4.250839e-01 5.381829e-01 5.570470e-01 
1.930698e-02 5.660297e-01 5.204615e-01 1.594485e-01 3.618937e-01 1.150547e+00 7.576178e-01 7.972426e-02 2.223972e-01 3.954997e-01 4.477605e-01 5.664348e-01 5.877902e-01 
2.202202e-02 5.671955e-01 5.235450e-01 1.776974e-01 3.993905e-01 1.256487e+00 8.199993e-01 8.884868e-02 2.421299e-01 4.148286e-01 4.711765e-01 5.954103e-01 6.195110e-01 
2.511886e-02 5.681655e-01 5.267230e-01 1.975519e-01 4.396313e-01 1.367849e+00 8.842901e-01 9.877594e-02 2.627777e-01 4.344573e-01 4.951180e-01 6.249504e-01 6.522355e-01 
2.865120e-02 5.693002e-01 5.303252e-01 2.195225e-01 4.832888e-01 1.486676e+00 9.514483e-01 1.097613e-01 2.847377e-01 4.544269e-01 5.200560e-01 6.555251e-01 6.861614e-01 
3.268028e-02 5.704361e-01 5.339275e-01 2.433648e-01 5.300591e-01 1.611976e+00 1.020877e+00 1.216824e-01 3.077792e-01 4.747774e-01 5.455595e-01 6.869230e-01 7.208435e-01 
3.727594e-02 5.716466e-01 5.377218e-01 2.697456e-01 5.801933e-01 1.744333e+00 1.092939e+00 1.348728e-01 3.322320e-01 4.957127e-01 5.719361e-01 7.192299e-01 7.568870e-01 
4.251786e-02 5.731038e-01 5.417456e-01 2.981734e-01 6.331668e-01 1.883106e+00 1.167649e+00 1.490867e-01 3.579362e-01 5.170918e-01 5.987896e-01 7.520719e-01 7.938280e-01 
4.849693e-02 5.748331e-01 5.459186e-01 3.299631e-01 6.908542e-01 2.033294e+00 1.247720e+00 1.649816e-01 3.859277e-01 5.393526e-01 6.270365e-01 7.864508e-01 8.324178e-01 
5.531681e-02 5.767738e-01 5.502636e-01 3.648031e-01 7.525612e-01 2.191287e+00 1.329771e+00 1.824016e-01 4.153636e-01 5.619356e-01 6.560469e-01 8.217457e-01 8.718655e-01 
6.309573e-02 5.789335e-01 5.545682e-01 4.032034e-01 8.192857e-01 2.361537e+00 1.417912e+00 2.016017e-01 4.473436e-01 5.853810e-01 6.864227e-01 8.585321e-01 9.128470e-01 
7.196857e-02 5.813394e-01 5.589571e-01 4.453570e-01 8.895157e-01 2.538639e+00 1.508143e+00 2.226785e-01 4.810303e-01 6.092969e-01 7.174116e-01 8.961649e-01 9.544613e-01 
8.208914e-02 5.838659e-01 5.636711e-01 4.915260e-01 9.646942e-01 2.727250e+00 1.602630e+00 2.457630e-01 5.170652e-01 6.338690e-01 7.495379e-01 9.353675e-01 9.971588e-01 
9.363292e-02 5.865586e-01 5.683948e-01 5.417352e-01 1.044455e+00 2.926521e+00 1.700809e+00 2.708676e-01 5.553679e-01 6.590107e-01 7.823835e-01 9.757081e-01 1.040547e+00 
1.068000e-01 5.895113e-01 5.735928e-01 5.971447e-01 1.130624e+00 3.140771e+00 1.804706e+00 2.985723e-01 5.968555e-01 6.852024e-01 8.162558e-01 1.017842e+00 1.085242e+00 
1.218188e-01 5.922805e-01 5.788091e-01 6.583005e-01 1.225100e+00 3.374729e+00 1.917178e+00 3.291502e-01 6.422263e-01 7.130414e-01 8.511699e-01 1.062411e+00 1.131600e+00 
1.389495e-01 5.949377e-01 5.841852e-01 7.254586e-01 1.328514e+00 3.629769e+00 2.037952e+00 3.627293e-01 6.916978e-01 7.424893e-01 8.870872e-01 1.109049e+00 1.179799e+00 
1.584893e-01 5.981317e-01 5.894110e-01 7.988033e-01 1.440658e+00 3.905401e+00 2.168094e+00 3.994017e-01 7.454667e-01 7.740435e-01 9.236490e-01 1.157663e+00 1.229548e+00 
1.807769e-01 6.013374e-01 5.942998e-01 8.794050e-01 1.563514e+00 4.205592e+00 2.307862e+00 4.397025e-01 8.039125e-01 8.076491e-01 9.613950e-01 1.208810e+00 1.281222e+00 
2.061986e-01 6.049820e-01 5.992582e-01 9.683533e-01 1.698283e+00 4.532062e+00 2.458004e+00 4.841767e-01 8.674347e-01 8.419961e-01 1.001379e+00 1.263242e+00 1.333994e+00 
2.351953e-01 6.088774e-01 6.049150e-01 1.064268e+00 1.844063e+00 4.877771e+00 2.610011e+00 5.321340e-01 9.336797e-01 8.761927e-01 1.042219e+00 1.321267e+00 1.385424e+00 
2.682696e-01 6.124944e-01 6.098592e-01 1.164616e+00 1.998395e+00 5.244358e+00 2.771190e+00 5.823082e-01 1.003540e+00 9.115005e-01 1.083270e+00 1.381681e+00 1.436256e+00 
3.059950e-01 6.152622e-01 6.143116e-01 1.267264e+00 2.156847e+00 5.619897e+00 2.934036e+00 6.336321e-01 1.075081e+00 9.470981e-01 1.123021e+00 1.444135e+00 1.483709e+00 
3.490255e-01 6.169777e-01 6.175309e-01 1.365203e+00 2.312185e+00 5.991582e+00 3.098239e+00 6.826017e-01 1.145611e+00 9.815789e-01 1.160495e+00 1.507012e+00 1.525583e+00 
3.981072e-01 6.171621e-01 6.193520e-01 1.454279e+00 2.457912e+00 6.348278e+00 3.261065e+00 7.271396e-01 1.213135e+00 1.013855e+00 1.194423e+00 1.567427e+00 1.561160e+00 
4.540910e-01 6.176189e-01 6.201070e-01 1.523148e+00 2.565386e+00 6.625151e+00 3.398578e+00 7.615738e-01 1.267594e+00 1.041802e+00 1.217640e+00 1.616624e+00 1.584061e+00 
5.179475e-01 6.176657e-01 6.191046e-01 1.562039e+00 2.625652e+00 6.795287e+00 3.498313e+00 7.810193e-01 1.302577e+00 1.064213e+00 1.227101e+00 1.649028e+00 1.594708e+00 
5.907838e-01 6.178058e-01 6.184015e-01 1.567090e+00 2.630234e+00 6.811259e+00 3.512124e+00 7.835451e-01 1.307273e+00 1.075799e+00 1.220723e+00 1.658713e+00 1.591504e+00 
6.738627e-01 6.196608e-01 6.194410e-01 1.532874e+00 2.557235e+00 6.623957e+00 3.419768e+00 7.664368e-01 1.274942e+00 1.069012e+00 1.196686e+00 1.637728e+00 1.567173e+00 
7.686246e-01 6.208991e-01 6.194095e-01 1.451136e+00 2.408858e+00 6.246624e+00 3.234195e+00 7.255681e-01 1.205693e+00 1.037222e+00 1.158303e+00 1.580706e+00 1.522683e+00 
8.767124e-01 6.175436e-01 6.140387e-01 1.323018e+00 2.212906e+00 5.769539e+00 3.012764e+00 6.615091e-01 1.113080e+00 9.775095e-01 1.114816e+00 1.490382e+00 1.464097e+00 
