1.000000e-04 5.414380e-01 4.875489e-01 3.521549e-05 9.397079e-05 3.284929e-04 2.315959e-04 1.760774e-05 6.428002e-05 6.113067e-03 6.735783e-03 8.574450e-03 8.806519e-03 
1.140625e-04 5.415118e-01 4.875016e-01 4.577965e-05 1.220671e-04 4.267073e-04 3.008584e-04 2.288982e-05 8.351029e-05 6.968881e-03 7.679272e-03 9.774374e-03 1.003881e-02 
1.301025e-04 5.414886e-01 4.874530e-01 5.940012e-05 1.584446e-04 5.539253e-04 3.905807e-04 2.970006e-05 1.084087e-04 7.939438e-03 8.748637e-03 1.113625e-02 1.143590e-02 
1.483982e-04 5.414194e-01 4.873811e-01 7.713187e-05 2.057656e-04 7.199105e-04 5.078838e-04 3.856594e-05 1.409374e-04 9.050372e-03 9.971654e-03 1.269012e-02 1.303738e-02 
1.692667e-04 5.415436e-01 4.874419e-01 1.001609e-04 2.671813e-04 9.347714e-04 6.593589e-04 5.008044e-05 1.829816e-04 1.031311e-02 1.136511e-02 1.446338e-02 1.485552e-02 
1.930698e-04 5.415531e-01 4.873950e-01 1.299451e-04 3.466041e-04 1.212099e-03 8.547611e-04 6.497255e-05 2.372261e-04 1.174826e-02 1.294226e-02 1.647599e-02 1.691770e-02 
2.202202e-04 5.415982e-01 4.874685e-01 1.684353e-04 4.493135e-04 1.571786e-03 1.108812e-03 8.421765e-05 3.077138e-04 1.337771e-02 1.473980e-02 1.876010e-02 1.926748e-02 
2.511886e-04 5.416283e-01 4.874837e-01 2.183263e-04 5.820721e-04 2.036533e-03 1.436791e-03 1.091632e-04 3.987494e-04 1.523173e-02 1.678183e-02 2.135525e-02 2.193957e-02 
2.865120e-04 5.416915e-01 4.873739e-01 2.828727e-04 7.544731e-04 2.640616e-03 1.863133e-03 1.414364e-04 5.170078e-04 1.734286e-02 1.910258e-02 2.431653e-02 2.496974e-02 
3.268028e-04 5.416424e-01 4.873849e-01 3.663427e-04 9.774038e-04 3.420942e-03 2.413765e-03 1.831713e-04 6.697855e-04 1.974166e-02 2.175112e-02 2.768074e-02 2.843130e-02 
3.727594e-04 5.417524e-01 4.873662e-01 4.739101e-04 1.263809e-03 4.424536e-03 3.122692e-03 2.369550e-04 8.665158e-04 2.246106e-02 2.473324e-02 3.147848e-02 3.233854e-02 
4.251786e-04 5.418213e-01 4.872920e-01 6.125349e-04 1.633416e-03 5.722538e-03 4.041023e-03 3.062674e-04 1.121145e-03 2.554740e-02 2.813365e-02 3.579825e-02 3.678288e-02 
4.849693e-04 5.417938e-01 4.872522e-01 7.910504e-04 2.110045e-03 7.394201e-03 5.221088e-03 3.955252e-04 1.448502e-03 2.904067e-02 3.197867e-02 4.069427e-02 4.180641e-02 
5.531681e-04 5.418548e-01 4.871607e-01 1.020455e-03 2.720292e-03 9.538796e-03 6.738428e-03 5.102276e-04 1.869314e-03 3.300311e-02 3.634500e-02 4.624088e-02 4.750729e-02 
6.309573e-04 5.419126e-01 4.871267e-01 1.313970e-03 3.503865e-03 1.229309e-02 8.686237e-03 6.569849e-04 2.409436e-03 3.747951e-02 4.127093e-02 5.249876e-02 5.394902e-02 
7.196857e-04 5.420628e-01 4.871528e-01 1.689434e-03 4.505115e-03 1.581332e-02 1.117738e-02 8.447172e-04 3.100227e-03 4.251334e-02 4.681312e-02 5.954502e-02 6.118964e-02 
8.208914e-04 5.422397e-01 4.871194e-01 2.168328e-03 5.774915e-03 2.028001e-02 1.433893e-02 1.084164e-03 3.977299e-03 4.819294e-02 5.304662e-02 6.746787e-02 6.934918e-02 
9.363292e-04 5.422336e-01 4.869991e-01 2.775909e-03 7.388084e-03 2.596037e-02 1.836297e-02 1.387954e-03 5.093297e-03 5.458740e-02 6.007396e-02 7.639420e-02 7.853731e-02 
1.068000e-03 5.423913e-01 4.869398e-01 3.548034e-03 9.441361e-03 3.321398e-02 2.350926e-02 1.774017e-03 6.519648e-03 6.177040e-02 6.799851e-02 8.643060e-02 8.888314e-02 
1.218188e-03 5.425713e-01 4.868244e-01 4.513005e-03 1.198912e-02 4.224324e-02 2.993208e-02 2.256502e-03 8.299861e-03 6.978429e-02 7.676829e-02 9.759940e-02 1.003403e-01 
1.389495e-03 5.427666e-01 4.867002e-01 5.726946e-03 1.518645e-02 5.359918e-02 3.802240e-02 2.863473e-03 1.054267e-02 7.875620e-02 8.660911e-02 1.100626e-01 1.132140e-01 
1.584893e-03 5.429584e-01 4.866492e-01 7.237759e-03 1.917430e-02 6.770063e-02 4.803387e-02 3.618879e-03 1.332028e-02 8.867876e-02 9.755848e-02 1.239009e-01 1.275198e-01 
1.807769e-03 5.431636e-01 4.864556e-01 9.098008e-03 2.402040e-02 8.496732e-02 6.035287e-02 4.549004e-03 1.673945e-02 9.965272e-02 1.095787e-01 1.391385e-01 1.432283e-01 
2.061986e-03 5.437084e-01 4.866165e-01 1.136132e-02 2.986982e-02 1.057719e-01 7.517066e-02 5.680660e-03 2.085941e-02 1.115737e-01 1.226444e-01 1.556689e-01 1.603349e-01 
2.351953e-03 5.441554e-01 4.867174e-01 1.410093e-02 3.688096e-02 1.307069e-01 9.294895e-02 7.050463e-03 2.580770e-02 1.244857e-01 1.368728e-01 1.736221e-01 1.789084e-01 
2.682696e-03 5.450842e-01 4.872513e-01 1.735745e-02 4.507182e-02 1.598002e-01 1.136616e-01 8.678725e-03 3.159226e-02 1.383031e-01 1.520006e-01 1.927426e-01 1.987511e-01 
3.059950e-03 5.459823e-01 4.879963e-01 2.114898e-02 5.446459e-02 1.930762e-01 1.373326e-01 1.057449e-02 3.822091e-02 1.527860e-01 1.680153e-01 2.129131e-01 2.196604e-01 
3.490255e-03 5.473237e-01 4.893062e-01 2.552093e-02 6.496226e-02 2.301101e-01 1.636012e-01 1.276047e-02 4.562322e-02 1.678353e-01 1.845740e-01 2.338516e-01 2.413469e-01 
3.981072e-03 5.488868e-01 4.908226e-01 3.051828e-02 7.680241e-02 2.714075e-01 1.926711e-01 1.525914e-02 5.385791e-02 1.833453e-01 2.017394e-01 2.554231e-01 2.639158e-01 
4.540910e-03 5.506598e-01 4.927898e-01 3.615417e-02 8.981478e-02 3.160919e-01 2.238711e-01 1.807709e-02 6.276436e-02 1.991604e-01 2.192326e-01 2.775556e-01 2.869337e-01 
5.179475e-03 5.525672e-01 4.951681e-01 4.248261e-02 1.040748e-01 3.643683e-01 2.572119e-01 2.124131e-02 7.236668e-02 2.150804e-01 2.370276e-01 2.999364e-01 3.104089e-01 
5.907838e-03 5.546815e-01 4.977705e-01 4.950530e-02 1.196749e-01 4.165157e-01 2.929510e-01 2.475265e-02 8.272034e-02 2.312505e-01 2.551329e-01 3.228342e-01 3.342398e-01 
6.738627e-03 5.567956e-01 5.005482e-01 5.722199e-02 1.364696e-01 4.715505e-01 3.301469e-01 2.861100e-02 9.360538e-02 2.474525e-01 2.734130e-01 3.458612e-01 3.584201e-01 
7.686246e-03 5.586226e-01 5.032809e-01 6.574500e-02 1.548407e-01 5.309999e-01 3.699111e-01 3.287250e-02 1.053203e-01 2.638862e-01 2.920044e-01 3.694814e-01 3.829273e-01 
8.767124e-03 5.605369e-01 5.062189e-01 7.507054e-02 1.747664e-01 5.944658e-01 4.119533e-01 3.753527e-02 1.177866e-01 2.804813e-01 3.109925e-01 3.933674e-01 4.081010e-01 
1.000000e-02 5.621152e-01 5.090343e-01 8.534752e-02 1.965320e-01 6.627770e-01 4.565347e-01 4.267376e-02 1.311137e-01 2.974425e-01 3.304485e-01 4.178871e-01 4.339943e-01 
1.140625e-02 5.636728e-01 5.118485e-01 9.655812e-02 2.199777e-01 7.351690e-01 5.032055e-01 4.827906e-02 1.451933e-01 3.145853e-01 3.502604e-01 4.428814e-01 4.603281e-01 
1.301025e-02 5.651781e-01 5.147004e-01 1.089024e-01 2.455646e-01 8.136077e-01 5.534874e-01 5.445122e-02 1.604330e-01 3.321918e-01 3.707328e-01 4.685738e-01 4.875814e-01 
1.483982e-02 5.665243e-01 5.176607e-01 1.224691e-01 2.734142e-01 8.973400e-01 6.061188e-01 6.123455e-02 1.765790e-01 3.502261e-01 3.918880e-01 4.951576e-01 5.157943e-01 
1.692667e-02 5.679196e-01 5.206284e-01 1.372182e-01 3.030444e-01 9.852905e-01 6.608498e-01 6.860912e-02 1.935413e-01 3.685541e-01 4.133309e-01 5.222063e-01 5.444743e-01 
1.930698e-02 5.692652e-01 5.236027e-01 1.534517e-01 3.353645e-01 1.080414e+00 7.195200e-01 7.672584e-02 2.118575e-01 3.874463e-01 4.356220e-01 5.501098e-01 5.743535e-01 
2.202202e-02 5.706175e-01 5.267594e-01 1.711510e-01 3.700613e-01 1.180619e+00 7.801198e-01 8.557550e-02 2.310494e-01 4.067919e-01 4.583766e-01 5.787702e-01 6.051019e-01 
2.511886e-02 5.721446e-01 5.300257e-01 1.907771e-01 4.076931e-01 1.288191e+00 8.445182e-01 9.538854e-02 2.516778e-01 4.267727e-01 4.818941e-01 6.083909e-01 6.369220e-01 
2.865120e-02 5.734580e-01 5.331795e-01 2.123793e-01 4.487666e-01 1.404160e+00 9.131713e-01 1.061897e-01 2.738704e-01 4.475532e-01 5.063295e-01 6.391234e-01 6.702145e-01 
3.268028e-02 5.749494e-01 5.364577e-01 2.361731e-01 4.929523e-01 1.527484e+00 9.852095e-01 1.180865e-01 2.975011e-01 4.690631e-01 5.314744e-01 6.707140e-01 7.047635e-01 
3.727594e-02 5.764070e-01 5.401159e-01 2.624158e-01 5.410607e-01 1.658842e+00 1.059815e+00 1.312079e-01 3.224772e-01 4.912216e-01 5.571983e-01 7.034963e-01 7.403428e-01 
4.251786e-02 5.779027e-01 5.439920e-01 2.916806e-01 5.939543e-01 1.800947e+00 1.138906e+00 1.458403e-01 3.494252e-01 5.142333e-01 5.839431e-01 7.376655e-01 7.775196e-01 
4.849693e-02 5.796216e-01 5.480725e-01 3.241063e-01 6.519163e-01 1.954624e+00 1.222630e+00 1.620532e-01 3.784259e-01 5.381404e-01 6.116222e-01 7.729393e-01 8.163701e-01 
5.531681e-02 5.815235e-01 5.523022e-01 3.602793e-01 7.157431e-01 2.121181e+00 1.311190e+00 1.801396e-01 4.097470e-01 5.632816e-01 6.403019e-01 8.098781e-01 8.569775e-01 
6.309573e-02 5.836608e-01 5.564626e-01 4.002477e-01 7.850473e-01 2.299184e+00 1.403524e+00 2.001238e-01 4.431731e-01 5.892661e-01 6.699752e-01 8.484023e-01 8.986902e-01 
7.196857e-02 5.861735e-01 5.609366e-01 4.448360e-01 8.607911e-01 2.492550e+00 1.502651e+00 2.224180e-01 4.796970e-01 6.167135e-01 7.007840e-01 8.892156e-01 9.417931e-01 
8.208914e-02 5.889904e-01 5.657575e-01 4.943112e-01 9.434467e-01 2.699704e+00 1.606294e+00 2.471556e-01 5.188620e-01 6.457467e-01 7.320878e-01 9.322402e-01 9.859867e-01 
9.363292e-02 5.918490e-01 5.705190e-01 5.491635e-01 1.033553e+00 2.923770e+00 1.717306e+00 2.745818e-01 5.614705e-01 6.762644e-01 7.645097e-01 9.771638e-01 1.032018e+00 
1.068000e-01 5.946882e-01 5.751588e-01 6.096828e-01 1.131252e+00 3.165714e+00 1.835274e+00 3.048414e-01 6.075629e-01 7.084180e-01 7.980971e-01 1.024638e+00 1.079602e+00 
1.218188e-01 5.973669e-01 5.799085e-01 6.756769e-01 1.237564e+00 3.426978e+00 1.959502e+00 3.378384e-01 6.569525e-01 7.418377e-01 8.324548e-01 1.074201e+00 1.128548e+00 
1.389495e-01 5.996312e-01 5.847632e-01 7.478778e-01 1.353662e+00 3.710955e+00 2.091612e+00 3.739389e-01 7.104547e-01 7.769180e-01 8.681343e-01 1.126308e+00 1.179663e+00 
1.584893e-01 6.022376e-01 5.899458e-01 8.265323e-01 1.479824e+00 4.017010e+00 2.230783e+00 4.132661e-01 7.679886e-01 8.135838e-01 9.047748e-01 1.180599e+00 1.232527e+00 
1.807769e-01 6.048778e-01 5.951665e-01 9.126785e-01 1.617419e+00 4.347580e+00 2.378400e+00 4.563393e-01 8.300846e-01 8.518790e-01 9.424193e-01 1.237303e+00 1.287194e+00 
2.061986e-01 6.076053e-01 6.004479e-01 1.006214e+00 1.765036e+00 4.701896e+00 2.536883e+00 5.031070e-01 8.971961e-01 8.917018e-01 9.809042e-01 1.296022e+00 1.343087e+00 
2.351953e-01 6.104426e-01 6.050223e-01 1.103905e+00 1.915724e+00 5.070422e+00 2.708819e+00 5.519527e-01 9.687034e-01 9.333405e-01 1.018445e+00 1.354871e+00 1.398622e+00 
2.682696e-01 6.132652e-01 6.085431e-01 1.204980e+00 2.068414e+00 5.454183e+00 2.898005e+00 6.024899e-01 1.044990e+00 9.768877e-01 1.054842e+00 1.414346e+00 1.452846e+00 
3.059950e-01 6.152527e-01 6.107919e-01 1.306626e+00 2.222699e+00 5.844687e+00 3.094869e+00 6.533131e-01 1.122923e+00 1.021596e+00 1.088686e+00 1.474344e+00 1.504092e+00 
3.490255e-01 6.166869e-01 6.123737e-01 1.401782e+00 2.366919e+00 6.217165e+00 3.287160e+00 7.008908e-01 1.198126e+00 1.067083e+00 1.115858e+00 1.532367e+00 1.548209e+00 
3.981072e-01 6.163604e-01 6.133176e-01 1.479947e+00 2.493195e+00 6.542336e+00 3.452016e+00 7.399737e-01 1.261432e+00 1.110893e+00 1.133209e+00 1.584713e+00 1.583304e+00 
4.540910e-01 6.159877e-01 6.129589e-01 1.535171e+00 2.585171e+00 6.791490e+00 3.589308e+00 7.675853e-01 1.310522e+00 1.148483e+00 1.141386e+00 1.625636e+00 1.606368e+00 
5.179475e-01 6.159352e-01 6.111236e-01 1.560284e+00 2.624698e+00 6.914104e+00 3.673280e+00 7.801422e-01 1.336435e+00 1.174406e+00 1.139654e+00 1.649409e+00 1.614030e+00 
5.907838e-01 6.164328e-01 6.102201e-01 1.548980e+00 2.602711e+00 6.870148e+00 3.664607e+00 7.744899e-01 1.329822e+00 1.184854e+00 1.123897e+00 1.652415e+00 1.601475e+00 
6.738627e-01 6.179490e-01 6.104557e-01 1.489770e+00 2.499002e+00 6.605819e+00 3.532624e+00 7.448850e-01 1.280628e+00 1.170757e+00 1.092203e+00 1.626805e+00 1.560557e+00 
7.686246e-01 6.176166e-01 6.106174e-01 1.400012e+00 2.353549e+00 6.214614e+00 3.315014e+00 7.000060e-01 1.202849e+00 1.128454e+00 1.059064e+00 1.572364e+00 1.509665e+00 
8.767124e-01 6.154494e-01 6.068650e-01 1.299216e+00 2.190717e+00 5.804779e+00 3.111558e+00 6.496081e-01 1.123937e+00 1.059348e+00 1.037548e+00 1.488286e+00 1.463717e+00 
