1.000000e-04 5.511403e-01 4.886775e-01 3.376919e-05 8.652597e-05 3.085399e-04 2.203551e-04 1.688460e-05 6.123932e-05 6.033053e-03 6.457990e-03 8.319638e-03 8.478409e-03 
1.140625e-04 5.512491e-01 4.887427e-01 4.386791e-05 1.123203e-04 4.006931e-04 2.862693e-04 2.193396e-05 7.955671e-05 6.877277e-03 7.360178e-03 9.481942e-03 9.664059e-03 
1.301025e-04 5.510419e-01 4.885613e-01 5.698851e-05 1.459618e-04 5.207043e-04 3.720099e-04 2.849426e-05 1.033789e-04 7.838352e-03 8.390420e-03 1.080875e-02 1.101361e-02 
1.483982e-04 5.511565e-01 4.887133e-01 7.402302e-05 1.895626e-04 6.761806e-04 4.830250e-04 3.701151e-05 1.342362e-04 8.932163e-03 9.561281e-03 1.231722e-02 1.255194e-02 
1.692667e-04 5.511492e-01 4.887142e-01 9.604500e-05 2.460795e-04 8.773126e-04 6.264989e-04 4.802250e-05 1.741244e-04 1.017326e-02 1.089618e-02 1.403041e-02 1.430401e-02 
1.930698e-04 5.511662e-01 4.886227e-01 1.246586e-04 3.192462e-04 1.139303e-03 8.140885e-04 6.232932e-05 2.262392e-04 1.159608e-02 1.241115e-02 1.598676e-02 1.629364e-02 
2.202202e-04 5.512300e-01 4.886474e-01 1.617912e-04 4.141218e-04 1.477596e-03 1.055706e-03 8.089558e-05 2.933941e-04 1.320699e-02 1.413762e-02 1.821197e-02 1.855816e-02 
2.511886e-04 5.512103e-01 4.886003e-01 2.097217e-04 5.368901e-04 1.915996e-03 1.369041e-03 1.048608e-04 3.804603e-04 1.504437e-02 1.610174e-02 2.074033e-02 2.113846e-02 
2.865120e-04 5.513123e-01 4.885991e-01 2.718606e-04 6.958268e-04 2.484656e-03 1.776012e-03 1.359303e-04 4.935353e-04 1.712871e-02 1.833338e-02 2.361470e-02 2.406391e-02 
3.268028e-04 5.513974e-01 4.886336e-01 3.522374e-04 9.014474e-04 3.218484e-03 2.300487e-03 1.761187e-04 6.392808e-04 1.949840e-02 2.086785e-02 2.687906e-02 2.739157e-02 
3.727594e-04 5.513926e-01 4.885756e-01 4.557276e-04 1.165446e-03 4.164799e-03 2.978551e-03 2.278638e-04 8.276668e-04 2.218724e-02 2.374273e-02 3.058002e-02 3.116509e-02 
4.251786e-04 5.514897e-01 4.885007e-01 5.896885e-04 1.508433e-03 5.387921e-03 3.852166e-03 2.948442e-04 1.070451e-03 2.523997e-02 2.701498e-02 3.478061e-02 3.546474e-02 
4.849693e-04 5.515302e-01 4.886482e-01 7.616478e-04 1.947840e-03 6.962408e-03 4.979919e-03 3.808239e-04 1.383749e-03 2.869348e-02 3.070761e-02 3.953003e-02 4.031898e-02 
5.531681e-04 5.515976e-01 4.885921e-01 9.834651e-04 2.514807e-03 8.992374e-03 6.432565e-03 4.917326e-04 1.787277e-03 3.261978e-02 3.490039e-02 4.492962e-02 4.582509e-02 
6.309573e-04 5.517349e-01 4.886502e-01 1.267569e-03 3.240012e-03 1.158790e-02 8.291206e-03 6.337843e-04 2.303746e-03 3.704541e-02 3.964987e-02 5.102597e-02 5.205649e-02 
7.196857e-04 5.517806e-01 4.885465e-01 1.630991e-03 4.166227e-03 1.491021e-02 1.067246e-02 8.154953e-04 2.965296e-03 4.204514e-02 4.498942e-02 5.790721e-02 5.905699e-02 
8.208914e-04 5.518080e-01 4.884556e-01 2.096058e-03 5.349684e-03 1.915342e-02 1.371283e-02 1.048029e-03 3.810249e-03 4.769560e-02 5.101744e-02 6.565656e-02 6.699028e-02 
9.363292e-04 5.520453e-01 4.884974e-01 2.689039e-03 6.856223e-03 2.455404e-02 1.758369e-02 1.344520e-03 4.886105e-03 5.404728e-02 5.781426e-02 7.438049e-02 7.591140e-02 
1.068000e-03 5.521710e-01 4.884005e-01 3.439791e-03 8.758672e-03 3.139607e-02 2.249316e-02 1.719895e-03 6.250503e-03 6.118992e-02 6.544164e-02 8.419989e-02 8.591555e-02 
1.218188e-03 5.524748e-01 4.884786e-01 4.389505e-03 1.115229e-02 4.001929e-02 2.869354e-02 2.194753e-03 7.974229e-03 6.917680e-02 7.397394e-02 9.513543e-02 9.713279e-02 
1.389495e-03 5.526755e-01 4.884535e-01 5.584785e-03 1.416140e-02 5.084710e-02 3.646910e-02 2.792392e-03 1.013700e-02 7.812136e-02 8.353947e-02 1.074269e-01 1.096669e-01 
1.584893e-03 5.529662e-01 4.884742e-01 7.074499e-03 1.788628e-02 6.431528e-02 4.617084e-02 3.537249e-03 1.283577e-02 8.806916e-02 9.415290e-02 1.210093e-01 1.236301e-01 
1.807769e-03 5.533113e-01 4.884676e-01 8.919529e-03 2.246314e-02 8.085841e-02 5.807744e-02 4.459765e-03 1.615291e-02 9.905774e-02 1.058445e-01 1.360318e-01 1.389976e-01 
2.061986e-03 5.538291e-01 4.886219e-01 1.118510e-02 2.805105e-02 1.010143e-01 7.256340e-02 5.592550e-03 2.019400e-02 1.110576e-01 1.186823e-01 1.524153e-01 1.558879e-01 
2.351953e-03 5.545966e-01 4.891956e-01 1.394100e-02 3.473083e-02 1.250374e-01 8.981540e-02 6.970499e-03 2.502233e-02 1.240366e-01 1.325573e-01 1.701873e-01 1.741203e-01 
2.682696e-03 5.554488e-01 4.897729e-01 1.722957e-02 4.255589e-02 1.532377e-01 1.101040e-01 8.614786e-03 3.071211e-02 1.379659e-01 1.474445e-01 1.892726e-01 1.936401e-01 
3.059950e-03 5.564113e-01 4.906414e-01 2.109700e-02 5.162736e-02 1.857324e-01 1.333814e-01 1.054850e-02 3.726717e-02 1.526839e-01 1.632140e-01 2.093269e-01 2.144902e-01 
3.490255e-03 5.576976e-01 4.919899e-01 2.559276e-02 6.201183e-02 2.224144e-01 1.594206e-01 1.279638e-02 4.464697e-02 1.680277e-01 1.796965e-01 2.304297e-01 2.361893e-01 
3.981072e-03 5.592336e-01 4.936852e-01 3.073652e-02 7.354038e-02 2.629430e-01 1.881422e-01 1.536826e-02 5.283389e-02 1.838396e-01 1.967144e-01 2.521893e-01 2.586597e-01 
4.540910e-03 5.611273e-01 4.959398e-01 3.659306e-02 8.640398e-02 3.072767e-01 2.191770e-01 1.829653e-02 6.176064e-02 1.999895e-01 2.141178e-01 2.744342e-01 2.817656e-01 
5.179475e-03 5.630600e-01 4.982973e-01 4.316432e-02 1.005461e-01 3.553833e-01 2.525223e-01 2.158216e-02 7.142661e-02 2.163504e-01 2.319167e-01 2.971224e-01 3.053542e-01 
5.907838e-03 5.650639e-01 5.011449e-01 5.047591e-02 1.160138e-01 4.065790e-01 2.873905e-01 2.523795e-02 8.164794e-02 2.327857e-01 2.499039e-01 3.201322e-01 3.292847e-01 
6.738627e-03 5.669953e-01 5.040142e-01 5.856272e-02 1.328189e-01 4.615668e-01 3.245279e-01 2.928136e-02 9.261724e-02 2.494329e-01 2.681925e-01 3.434167e-01 3.537614e-01 
7.686246e-03 5.689798e-01 5.070997e-01 6.747744e-02 1.510661e-01 5.203938e-01 3.638509e-01 3.373872e-02 1.043304e-01 2.662266e-01 2.866750e-01 3.672244e-01 3.783639e-01 
8.767124e-03 5.706893e-01 5.101918e-01 7.728563e-02 1.709918e-01 5.830982e-01 4.049604e-01 3.864281e-02 1.167106e-01 2.832168e-01 3.055449e-01 3.913296e-01 4.037311e-01 
1.000000e-02 5.722587e-01 5.133006e-01 8.806705e-02 1.928082e-01 6.504941e-01 4.484363e-01 4.403353e-02 1.299176e-01 3.004034e-01 3.249162e-01 4.159601e-01 4.297948e-01 
1.140625e-02 5.736943e-01 5.164860e-01 9.980511e-02 2.162358e-01 7.221960e-01 4.943778e-01 4.990256e-02 1.439705e-01 3.178817e-01 3.445938e-01 4.411889e-01 4.562130e-01 
1.301025e-02 5.751134e-01 5.196714e-01 1.127870e-01 2.420749e-01 7.997080e-01 5.430403e-01 5.639351e-02 1.590220e-01 3.357040e-01 3.649921e-01 4.670956e-01 4.837032e-01 
1.483982e-02 5.763307e-01 5.228562e-01 1.270037e-01 2.697961e-01 8.822240e-01 5.946331e-01 6.350185e-02 1.751113e-01 3.538988e-01 3.859022e-01 4.935906e-01 5.119432e-01 
1.692667e-02 5.774987e-01 5.260505e-01 1.426179e-01 3.004011e-01 9.721322e-01 6.500666e-01 7.130897e-02 1.925065e-01 3.726820e-01 4.076936e-01 5.212314e-01 5.413086e-01 
1.930698e-02 5.786106e-01 5.292844e-01 1.598542e-01 3.336730e-01 1.068482e+00 7.085459e-01 7.992712e-02 2.110871e-01 3.918273e-01 4.302916e-01 5.496886e-01 5.716974e-01 
2.202202e-02 5.796135e-01 5.327506e-01 1.789292e-01 3.702660e-01 1.172803e+00 7.708232e-01 8.946460e-02 2.311014e-01 4.115200e-01 4.537712e-01 5.792586e-01 6.033250e-01 
2.511886e-02 5.806509e-01 5.361244e-01 1.998140e-01 4.099118e-01 1.284956e+00 8.373778e-01 9.990702e-02 2.526341e-01 4.318443e-01 4.782184e-01 6.100282e-01 6.360304e-01 
2.865120e-02 5.817770e-01 5.396322e-01 2.228304e-01 4.531581e-01 1.405199e+00 9.073570e-01 1.114152e-01 2.755926e-01 4.525503e-01 5.037113e-01 6.419666e-01 6.698876e-01 
3.268028e-02 5.828644e-01 5.432930e-01 2.483033e-01 5.005357e-01 1.535308e+00 9.818903e-01 1.241516e-01 3.003534e-01 4.739421e-01 5.304380e-01 6.751343e-01 7.054853e-01 
3.727594e-02 5.839706e-01 5.469033e-01 2.765093e-01 5.525778e-01 1.676465e+00 1.061498e+00 1.382546e-01 3.271174e-01 4.958520e-01 5.587086e-01 7.100275e-01 7.424763e-01 
4.251786e-02 5.850662e-01 5.507200e-01 3.076045e-01 6.096194e-01 1.828259e+00 1.144868e+00 1.538022e-01 3.556529e-01 5.181495e-01 5.883933e-01 7.464476e-01 7.809452e-01 
4.849693e-02 5.861152e-01 5.546859e-01 3.419616e-01 6.726176e-01 1.993716e+00 1.233785e+00 1.709808e-01 3.865348e-01 5.414095e-01 6.195428e-01 7.848169e-01 8.213035e-01 
5.531681e-02 5.873307e-01 5.586164e-01 3.798987e-01 7.414378e-01 2.171860e+00 1.327542e+00 1.899493e-01 4.196651e-01 5.652518e-01 6.521957e-01 8.246318e-01 8.634015e-01 
6.309573e-02 5.882324e-01 5.624410e-01 4.220176e-01 8.180367e-01 2.368187e+00 1.429088e+00 2.110088e-01 4.559442e-01 5.899788e-01 6.870505e-01 8.667930e-01 9.078977e-01 
7.196857e-02 5.890354e-01 5.663698e-01 4.685890e-01 9.021862e-01 2.580994e+00 1.537323e+00 2.342945e-01 4.951556e-01 6.152892e-01 7.236833e-01 9.107614e-01 9.543572e-01 
8.208914e-02 5.898225e-01 5.704161e-01 5.198359e-01 9.953501e-01 2.814415e+00 1.653398e+00 2.599179e-01 5.377913e-01 6.413555e-01 7.624336e-01 9.573130e-01 1.002747e+00 
9.363292e-02 5.903267e-01 5.744135e-01 5.767873e-01 1.098962e+00 3.071410e+00 1.778644e+00 2.883937e-01 5.843859e-01 6.683024e-01 8.035504e-01 1.006511e+00 1.053630e+00 
1.068000e-01 5.910106e-01 5.786199e-01 6.390846e-01 1.212782e+00 3.351564e+00 1.912508e+00 3.195423e-01 6.347265e-01 6.955112e-01 8.469544e-01 1.057951e+00 1.106391e+00 
1.218188e-01 5.912841e-01 5.827272e-01 7.079130e-01 1.339934e+00 3.663118e+00 2.059339e+00 3.539565e-01 6.902239e-01 7.239955e-01 8.932826e-01 1.113279e+00 1.161874e+00 
1.389495e-01 5.915632e-01 5.868986e-01 7.824603e-01 1.477952e+00 3.999880e+00 2.215316e+00 3.912301e-01 7.497245e-01 7.528065e-01 9.415364e-01 1.170740e+00 1.218856e+00 
1.584893e-01 5.916954e-01 5.905089e-01 8.623630e-01 1.627094e+00 4.362813e+00 2.383594e+00 4.311815e-01 8.135928e-01 7.822937e-01 9.918095e-01 1.231354e+00 1.276607e+00 
1.807769e-01 5.911181e-01 5.933506e-01 9.474820e-01 1.788511e+00 4.755323e+00 2.565389e+00 4.737410e-01 8.821008e-01 8.126021e-01 1.043824e+00 1.295113e+00 1.335225e+00 
2.061986e-01 5.902642e-01 5.958530e-01 1.036875e+00 1.959365e+00 5.171164e+00 2.756102e+00 5.184375e-01 9.541302e-01 8.437006e-01 1.096394e+00 1.361064e+00 1.393788e+00 
2.351953e-01 5.888911e-01 5.983278e-01 1.129199e+00 2.134468e+00 5.592376e+00 2.945110e+00 5.645995e-01 1.027224e+00 8.743581e-01 1.148319e+00 1.427924e+00 1.450424e+00 
2.682696e-01 5.873652e-01 6.015202e-01 1.221265e+00 2.306278e+00 5.993466e+00 3.112901e+00 6.106327e-01 1.096000e+00 9.019448e-01 1.197787e+00 1.492558e+00 1.502757e+00 
3.059950e-01 5.878227e-01 6.061717e-01 1.311485e+00 2.461297e+00 6.347604e+00 3.249028e+00 6.557423e-01 1.157801e+00 9.260014e-01 1.241188e+00 1.550600e+00 1.547244e+00 
3.490255e-01 5.902236e-01 6.112749e-01 1.395517e+00 2.589610e+00 6.638762e+00 3.358190e+00 6.977585e-01 1.211667e+00 9.474600e-01 1.275516e+00 1.597798e+00 1.583466e+00 
3.981072e-01 5.927885e-01 6.151722e-01 1.464513e+00 2.684826e+00 6.851339e+00 3.434114e+00 7.322565e-01 1.253188e+00 9.660861e-01 1.298936e+00 1.632037e+00 1.611070e+00 
4.540910e-01 5.964156e-01 6.183007e-01 1.509281e+00 2.728178e+00 6.950894e+00 3.470397e+00 7.546404e-01 1.277794e+00 9.810274e-01 1.306589e+00 1.648563e+00 1.625103e+00 
5.179475e-01 6.010702e-01 6.194762e-01 1.519758e+00 2.705087e+00 6.915897e+00 3.477414e+00 7.598791e-01 1.282711e+00 9.912354e-01 1.295771e+00 1.646988e+00 1.619023e+00 
5.907838e-01 6.042037e-01 6.186119e-01 1.491452e+00 2.623815e+00 6.749794e+00 3.440194e+00 7.457258e-01 1.263253e+00 9.937056e-01 1.269549e+00 1.632355e+00 1.591816e+00 
6.738627e-01 6.072676e-01 6.171661e-01 1.432232e+00 2.501096e+00 6.479082e+00 3.348931e+00 7.161158e-01 1.221887e+00 9.870393e-01 1.230947e+00 1.602551e+00 1.549304e+00 
7.686246e-01 6.070237e-01 6.129207e-01 1.347764e+00 2.362799e+00 6.154370e+00 3.213566e+00 6.738822e-01 1.162812e+00 9.653500e-01 1.189301e+00 1.554004e+00 1.502742e+00 
8.767124e-01 6.018147e-01 6.100399e-01 1.261177e+00 2.244582e+00 5.840950e+00 3.041358e+00 6.305886e-01 1.095862e+00 9.227699e-01 1.158343e+00 1.491869e+00 1.464439e+00 
