1.000000e-04 5.412794e-01 4.907868e-01 4.067320e-05 1.088251e-04 3.713759e-04 2.577460e-04 2.033660e-05 7.189944e-05 6.449941e-03 7.179209e-03 9.169047e-03 9.330134e-03 
1.140625e-04 5.413323e-01 4.908667e-01 5.280803e-05 1.412410e-04 4.820035e-04 3.345614e-04 2.640402e-05 9.332694e-05 7.348539e-03 8.178995e-03 1.044318e-02 1.063302e-02 
1.301025e-04 5.413914e-01 4.908358e-01 6.863708e-05 1.835010e-04 6.263612e-04 4.347801e-04 3.431854e-05 1.212903e-04 8.376467e-03 9.323531e-03 1.190513e-02 1.211896e-02 
1.483982e-04 5.412791e-01 4.906840e-01 8.899188e-05 2.381222e-04 8.131332e-04 5.646341e-04 4.449594e-05 1.574774e-04 9.545391e-03 1.062196e-02 1.356696e-02 1.380474e-02 
1.692667e-04 5.413626e-01 4.907155e-01 1.155705e-04 3.090616e-04 1.055440e-03 7.329324e-04 5.778523e-05 2.044309e-04 1.087635e-02 1.210134e-02 1.545249e-02 1.573235e-02 
1.930698e-04 5.413344e-01 4.906286e-01 1.498855e-04 4.008128e-04 1.369936e-03 9.518678e-04 7.494273e-05 2.654594e-04 1.239230e-02 1.379037e-02 1.760503e-02 1.792667e-02 
2.202202e-04 5.413673e-01 4.907468e-01 1.945105e-04 5.203602e-04 1.777230e-03 1.234102e-03 9.725525e-05 3.442105e-04 1.411140e-02 1.570514e-02 2.005492e-02 2.041208e-02 
2.511886e-04 5.414255e-01 4.905519e-01 2.519457e-04 6.745227e-04 2.304536e-03 1.600815e-03 1.259728e-04 4.463772e-04 1.606874e-02 1.788887e-02 2.283219e-02 2.324740e-02 
2.865120e-04 5.414339e-01 4.905910e-01 3.263267e-04 8.733088e-04 2.983073e-03 2.071737e-03 1.631633e-04 5.777645e-04 1.828691e-02 2.035676e-02 2.598653e-02 2.645582e-02 
3.268028e-04 5.415140e-01 4.905066e-01 4.225214e-04 1.130051e-03 3.864789e-03 2.686465e-03 2.112607e-04 7.490687e-04 2.082030e-02 2.316394e-02 2.957503e-02 3.010416e-02 
3.727594e-04 5.414496e-01 4.905248e-01 5.465202e-04 1.462679e-03 4.998085e-03 3.471885e-03 2.732601e-04 9.681648e-04 2.368098e-02 2.635280e-02 3.364217e-02 3.425015e-02 
4.251786e-04 5.414143e-01 4.903759e-01 7.057499e-04 1.887705e-03 6.462365e-03 4.495070e-03 3.528749e-04 1.253085e-03 2.693512e-02 2.996587e-02 3.825336e-02 3.894142e-02 
4.849693e-04 5.414599e-01 4.904007e-01 9.112906e-04 2.439549e-03 8.342996e-03 5.798800e-03 4.556453e-04 1.616743e-03 3.060806e-02 3.406364e-02 4.347382e-02 4.426836e-02 
5.531681e-04 5.415107e-01 4.902767e-01 1.174821e-03 3.145622e-03 1.076305e-02 7.484417e-03 5.874103e-04 2.086390e-03 3.476986e-02 3.869247e-02 4.938602e-02 5.027015e-02 
6.309573e-04 5.416058e-01 4.902974e-01 1.512585e-03 4.048772e-03 1.386665e-02 9.646650e-03 7.562924e-04 2.688784e-03 3.947609e-02 4.392972e-02 5.606111e-02 5.707127e-02 
7.196857e-04 5.415869e-01 4.901112e-01 1.942800e-03 5.200446e-03 1.781620e-02 1.239946e-02 9.713998e-04 3.455622e-03 4.478303e-02 4.982574e-02 6.358758e-02 6.472565e-02 
8.208914e-04 5.416973e-01 4.900003e-01 2.490360e-03 6.665428e-03 2.285526e-02 1.591336e-02 1.245180e-03 4.434207e-03 5.075327e-02 5.646621e-02 7.204221e-02 7.335703e-02 
9.363292e-04 5.418795e-01 4.899852e-01 3.187342e-03 8.528794e-03 2.927725e-02 2.040120e-02 1.593671e-03 5.683781e-03 5.747471e-02 6.393510e-02 8.156903e-02 8.303280e-02 
1.068000e-03 5.419643e-01 4.897319e-01 4.066917e-03 1.087784e-02 3.737836e-02 2.606108e-02 2.033458e-03 7.259699e-03 6.501049e-02 7.231360e-02 9.223572e-02 9.391046e-02 
1.218188e-03 5.420735e-01 4.896085e-01 5.167141e-03 1.380816e-02 4.749425e-02 3.313992e-02 2.583571e-03 9.230865e-03 7.340001e-02 8.164149e-02 1.041319e-01 1.059878e-01 
1.389495e-03 5.421912e-01 4.893971e-01 6.547883e-03 1.748546e-02 6.020248e-02 4.202985e-02 3.273941e-03 1.170626e-02 8.277844e-02 9.207481e-02 1.173946e-01 1.195157e-01 
1.584893e-03 5.423811e-01 4.892669e-01 8.255699e-03 2.199831e-02 7.583424e-02 5.298264e-02 4.127849e-03 1.475874e-02 9.315373e-02 1.035884e-01 1.320395e-01 1.344477e-01 
1.807769e-03 5.424757e-01 4.889829e-01 1.035365e-02 2.755687e-02 9.513747e-02 6.654433e-02 5.176825e-03 1.853404e-02 1.046201e-01 1.163222e-01 1.482066e-01 1.509696e-01 
2.061986e-03 5.428609e-01 4.889989e-01 1.291965e-02 3.426055e-02 1.183646e-01 8.283024e-02 6.459827e-03 2.307955e-02 1.170590e-01 1.301818e-01 1.658013e-01 1.688996e-01 
2.351953e-03 5.433730e-01 4.891888e-01 1.599799e-02 4.223801e-02 1.459941e-01 1.021766e-01 7.998995e-03 2.849032e-02 1.304867e-01 1.451617e-01 1.848092e-01 1.882764e-01 
2.682696e-03 5.440899e-01 4.895153e-01 1.963230e-02 5.151872e-02 1.781007e-01 1.246697e-01 9.816150e-03 3.479482e-02 1.447964e-01 1.610815e-01 2.050145e-01 2.089074e-01 
3.059950e-03 5.449073e-01 4.901818e-01 2.385809e-02 6.209907e-02 2.147152e-01 1.503084e-01 1.192904e-02 4.200545e-02 1.598052e-01 1.778704e-01 2.263653e-01 2.305248e-01 
3.490255e-03 5.461222e-01 4.912162e-01 2.871961e-02 7.405500e-02 2.557132e-01 1.788692e-01 1.435981e-02 5.007691e-02 1.754025e-01 1.953569e-01 2.485225e-01 2.531337e-01 
3.981072e-03 5.477629e-01 4.928346e-01 3.426613e-02 8.741224e-02 3.010038e-01 2.101544e-01 1.713307e-02 5.898108e-02 1.914243e-01 2.133903e-01 2.713776e-01 2.764678e-01 
4.540910e-03 5.494269e-01 4.947842e-01 4.053318e-02 1.021389e-01 3.504021e-01 2.440115e-01 2.026659e-02 6.868621e-02 2.077641e-01 2.318401e-01 2.948820e-01 3.002971e-01 
5.179475e-03 5.513585e-01 4.969760e-01 4.755271e-02 1.182756e-01 4.035235e-01 2.799558e-01 2.377636e-02 7.908407e-02 2.242030e-01 2.506164e-01 3.186256e-01 3.246253e-01 
5.907838e-03 5.533958e-01 4.996169e-01 5.530887e-02 1.357920e-01 4.604547e-01 3.181294e-01 2.765443e-02 9.020823e-02 2.407873e-01 2.696280e-01 3.428602e-01 3.491425e-01 
6.738627e-03 5.552930e-01 5.021695e-01 6.389864e-02 1.549902e-01 5.217702e-01 3.586688e-01 3.194932e-02 1.021155e-01 2.576447e-01 2.890193e-01 3.675074e-01 3.743422e-01 
7.686246e-03 5.571463e-01 5.051104e-01 7.338377e-02 1.757379e-01 5.870614e-01 4.012782e-01 3.669189e-02 1.147521e-01 2.745435e-01 3.086885e-01 3.926605e-01 3.997086e-01 
8.767124e-03 5.590359e-01 5.079710e-01 8.374242e-02 1.981378e-01 6.565406e-01 4.461206e-01 4.187121e-02 1.281622e-01 2.916391e-01 3.286992e-01 4.181311e-01 4.256140e-01 
1.000000e-02 5.606659e-01 5.107384e-01 9.511291e-02 2.225780e-01 7.312451e-01 4.938029e-01 4.755646e-02 1.425064e-01 3.091386e-01 3.492193e-01 4.445164e-01 4.520826e-01 
1.140625e-02 5.621797e-01 5.136909e-01 1.076268e-01 2.491414e-01 8.114478e-01 5.442087e-01 5.381339e-02 1.578224e-01 3.269747e-01 3.702735e-01 4.715278e-01 4.793522e-01 
1.301025e-02 5.636147e-01 5.166052e-01 1.212103e-01 2.774912e-01 8.956045e-01 5.964918e-01 6.060516e-02 1.738769e-01 3.450197e-01 3.916826e-01 4.990896e-01 5.070615e-01 
1.483982e-02 5.648976e-01 5.194918e-01 1.361693e-01 3.085410e-01 9.864281e-01 6.521040e-01 6.808465e-02 1.911081e-01 3.635900e-01 4.137662e-01 5.277030e-01 5.355916e-01 
1.692667e-02 5.661699e-01 5.225369e-01 1.524628e-01 3.418131e-01 1.082194e+00 7.097518e-01 7.623139e-02 2.091964e-01 3.824419e-01 4.363526e-01 5.569599e-01 5.648409e-01 
1.930698e-02 5.674858e-01 5.256466e-01 1.703023e-01 3.776128e-01 1.184073e+00 7.706202e-01 8.515115e-02 2.284744e-01 4.018489e-01 4.594241e-01 5.870969e-01 5.947934e-01 
2.202202e-02 5.688135e-01 5.288959e-01 1.897727e-01 4.163156e-01 1.292851e+00 8.345479e-01 9.488636e-02 2.489655e-01 4.216265e-01 4.832694e-01 6.182384e-01 6.255763e-01 
2.511886e-02 5.704863e-01 5.322249e-01 2.112975e-01 4.577514e-01 1.408516e+00 9.020750e-01 1.056487e-01 2.708911e-01 4.421810e-01 5.076854e-01 6.505523e-01 6.570388e-01 
2.865120e-02 5.720236e-01 5.356686e-01 2.345927e-01 5.019825e-01 1.530943e+00 9.727909e-01 1.172964e-01 2.941115e-01 4.631176e-01 5.327185e-01 6.836542e-01 6.892826e-01 
3.268028e-02 5.737768e-01 5.392110e-01 2.601606e-01 5.496472e-01 1.661008e+00 1.046662e+00 1.300803e-01 3.187338e-01 4.847804e-01 5.583432e-01 7.177372e-01 7.225702e-01 
3.727594e-02 5.754193e-01 5.427597e-01 2.882011e-01 6.009366e-01 1.798868e+00 1.123406e+00 1.441006e-01 3.447756e-01 5.071091e-01 5.848436e-01 7.531887e-01 7.568780e-01 
4.251786e-02 5.771620e-01 5.465857e-01 3.184940e-01 6.548120e-01 1.942056e+00 1.201747e+00 1.592470e-01 3.719101e-01 5.298861e-01 6.114784e-01 7.891170e-01 7.917729e-01 
4.849693e-02 5.790010e-01 5.506437e-01 3.515367e-01 7.125281e-01 2.092880e+00 1.282061e+00 1.757684e-01 4.003480e-01 5.531706e-01 6.388457e-01 8.258954e-01 8.279268e-01 
5.531681e-02 5.811709e-01 5.551212e-01 3.875880e-01 7.734348e-01 2.249821e+00 1.364173e+00 1.937940e-01 4.302084e-01 5.768309e-01 6.664397e-01 8.627326e-01 8.650449e-01 
6.309573e-02 5.835477e-01 5.596937e-01 4.267294e-01 8.380540e-01 2.414868e+00 1.448909e+00 2.133647e-01 4.616968e-01 6.011371e-01 6.944293e-01 8.996188e-01 9.036686e-01 
7.196857e-02 5.862506e-01 5.646198e-01 4.691216e-01 9.060965e-01 2.586404e+00 1.534746e+00 2.345608e-01 4.945452e-01 6.261777e-01 7.224801e-01 9.366892e-01 9.434121e-01 
8.208914e-02 5.891753e-01 5.696828e-01 5.147197e-01 9.780602e-01 2.767065e+00 1.624999e+00 2.573598e-01 5.295080e-01 6.518416e-01 7.508135e-01 9.735841e-01 9.844451e-01 
9.363292e-02 5.924925e-01 5.744359e-01 5.638320e-01 1.053714e+00 2.956515e+00 1.719537e+00 2.819160e-01 5.666079e-01 6.783216e-01 7.793613e-01 1.010583e+00 1.026478e+00 
1.068000e-01 5.956319e-01 5.792753e-01 6.171693e-01 1.134662e+00 3.157244e+00 1.817830e+00 3.085847e-01 6.060563e-01 7.054356e-01 8.084885e-01 1.048244e+00 1.069872e+00 
1.218188e-01 5.990193e-01 5.842566e-01 6.753566e-01 1.221737e+00 3.372424e+00 1.922621e+00 3.376783e-01 6.486885e-01 7.336530e-01 8.386948e-01 1.087542e+00 1.114648e+00 
1.389495e-01 6.019241e-01 5.888536e-01 7.379917e-01 1.315790e+00 3.602227e+00 2.031688e+00 3.689959e-01 6.938852e-01 7.629605e-01 8.695753e-01 1.128365e+00 1.160827e+00 
1.584893e-01 6.048258e-01 5.938066e-01 8.066559e-01 1.418763e+00 3.852553e+00 2.147843e+00 4.033280e-01 7.428659e-01 7.932569e-01 9.019825e-01 1.171165e+00 1.209116e+00 
1.807769e-01 6.077219e-01 5.988651e-01 8.814500e-01 1.532252e+00 4.126788e+00 2.273306e+00 4.407250e-01 7.961327e-01 8.242215e-01 9.364665e-01 1.216578e+00 1.259006e+00 
2.061986e-01 6.104682e-01 6.033594e-01 9.613149e-01 1.653720e+00 4.423238e+00 2.410724e+00 4.806575e-01 8.538825e-01 8.566142e-01 9.722041e-01 1.265494e+00 1.308700e+00 
2.351953e-01 6.124213e-01 6.073754e-01 1.048075e+00 1.789225e+00 4.749358e+00 2.558648e+00 5.240374e-01 9.163593e-01 8.910779e-01 1.009877e+00 1.318438e+00 1.360775e+00 
2.682696e-01 6.142028e-01 6.110975e-01 1.142239e+00 1.937178e+00 5.103104e+00 2.715536e+00 5.711193e-01 9.836950e-01 9.268923e-01 1.049274e+00 1.376212e+00 1.412619e+00 
3.059950e-01 6.165700e-01 6.150440e-01 1.239950e+00 2.085984e+00 5.453055e+00 2.862704e+00 6.199751e-01 1.050592e+00 9.612513e-01 1.087770e+00 1.435668e+00 1.459467e+00 
3.490255e-01 6.196899e-01 6.199268e-01 1.338593e+00 2.227318e+00 5.780799e+00 2.995861e+00 6.692963e-01 1.115242e+00 9.917353e-01 1.125042e+00 1.491910e+00 1.501898e+00 
3.981072e-01 6.235092e-01 6.256128e-01 1.433281e+00 2.354981e+00 6.070103e+00 3.104425e+00 7.166406e-01 1.173388e+00 1.016968e+00 1.158325e+00 1.543076e+00 1.536267e+00 
4.540910e-01 6.269108e-01 6.307828e-01 1.515092e+00 2.462514e+00 6.313399e+00 3.197224e+00 7.575462e-01 1.223331e+00 1.037635e+00 1.184841e+00 1.591481e+00 1.556791e+00 
5.179475e-01 6.292700e-01 6.337267e-01 1.566448e+00 2.528159e+00 6.460356e+00 3.250861e+00 7.832241e-01 1.253741e+00 1.048119e+00 1.201322e+00 1.624271e+00 1.563235e+00 
5.907838e-01 6.314597e-01 6.346986e-01 1.579366e+00 2.537245e+00 6.477330e+00 3.254330e+00 7.896830e-01 1.259585e+00 1.047991e+00 1.204869e+00 1.632625e+00 1.558308e+00 
6.738627e-01 6.321724e-01 6.339588e-01 1.550546e+00 2.484192e+00 6.345693e+00 3.193135e+00 7.752729e-01 1.236338e+00 1.035268e+00 1.193632e+00 1.615332e+00 1.539805e+00 
7.686246e-01 6.319121e-01 6.304067e-01 1.468040e+00 2.352419e+00 6.043987e+00 3.076500e+00 7.340202e-01 1.181008e+00 1.008846e+00 1.159145e+00 1.561028e+00 1.502846e+00 
8.767124e-01 6.253383e-01 6.221997e-01 1.329704e+00 2.160817e+00 5.596136e+00 2.885994e+00 6.648521e-01 1.090417e+00 9.671714e-01 1.102958e+00 1.478364e+00 1.444324e+00 
