     0 5.32520e-02 1.38777e-01
     1 1.78351e-01 2.03971e-01
     2 3.75400e-02 3.74988e-02
     3 1.75663e-02 2.03798e-02
     4 1.02886e-02 1.30369e-02
     5 7.34949e-03 9.15215e-03
     6 5.41028e-03 6.83316e-03
     7 4.24241e-03 5.49336e-03
     8 3.47558e-03 4.53324e-03
     9 2.88396e-03 3.74677e-03
    10 2.44656e-03 3.14720e-03
    11 2.10000e-03 2.71107e-03
    12 1.82085e-03 2.35342e-03
    13 1.60367e-03 2.07034e-03
    14 1.42246e-03 1.83037e-03
    15 1.27167e-03 1.63037e-03
    16 1.14536e-03 1.46547e-03
    17 1.03460e-03 1.32043e-03
    18 9.35270e-04 1.19838e-03
    19 8.53673e-04 1.09287e-03
    20 7.83178e-04 1.00211e-03
    21 7.20933e-04 9.19731e-04
    22 6.65885e-04 8.48413e-04
    23 6.16210e-04 7.86340e-04
    24 5.72750e-04 7.31338e-04
    25 5.34044e-04 6.80370e-04
    26 4.98700e-04 6.34924e-04
    27 4.67714e-04 5.94794e-04
    28 4.39617e-04 5.57692e-04
    29 4.14317e-04 5.23079e-04
    30 3.89648e-04 4.91970e-04
    31 3.66972e-04 4.64728e-04
    32 3.46392e-04 4.39057e-04
    33 3.27957e-04 4.15123e-04
    34 3.11010e-04 3.93107e-04
    35 2.94936e-04 3.73137e-04
    36 2.79935e-04 3.54785e-04
    37 2.66318e-04 3.37152e-04
    38 2.53582e-04 3.21006e-04
    39 2.41519e-04 3.05788e-04
    40 2.30371e-04 2.91715e-04
    41 2.20112e-04 2.78550e-04
    42 2.10372e-04 2.65989e-04
    43 2.01091e-04 2.54447e-04
    44 1.92527e-04 2.43531e-04
    45 1.84584e-04 2.33412e-04
    46 1.77095e-04 2.24221e-04
    47 1.69944e-04 2.15237e-04
    48 1.63286e-04 2.06558e-04
    49 1.57075e-04 1.98433e-04
    50 1.50988e-04 1.90898e-04
    51 1.45263e-04 1.83726e-04
    52 1.39887e-04 1.76890e-04
    53 1.34744e-04 1.70531e-04
    54 1.29845e-04 1.64415e-04
    55 1.25257e-04 1.58684e-04
    56 1.20921e-04 1.53128e-04
    57 1.16766e-04 1.47914e-04
    58 1.12710e-04 1.42902e-04
    59 1.08942e-04 1.37977e-04
    60 1.05406e-04 1.33398e-04
    61 1.01997e-04 1.29081e-04
    62 9.86892e-05 1.24924e-04
    63 9.55650e-05 1.20964e-04
    64 9.25945e-05 1.17242e-04
    65 8.96626e-05 1.13715e-04
    66 8.69612e-05 1.10294e-04
    67 8.43460e-05 1.07040e-04
    68 8.18096e-05 1.03879e-04
    69 7.94041e-05 1.00818e-04
    70 7.70718e-05 9.79941e-05
    71 7.48591e-05 9.52041e-05
    72 7.28031e-05 9.25107e-05
    73 7.07931e-05 8.99500e-05
    74 6.88002e-05 8.74228e-05
    75 6.68664e-05 8.50126e-05
    76 6.50456e-05 8.27837e-05
    77 6.32752e-05 8.05553e-05
    78 6.16024e-05 7.83835e-05
    79 5.99637e-05 7.62915e-05
    80 5.83484e-05 7.42720e-05
    81 5.68177e-05 7.23366e-05
    82 5.53665e-05 7.04875e-05
    83 5.39355e-05 6.87131e-05
    84 5.25734e-05 6.70302e-05
    85 5.12366e-05 6.53824e-05
    86 4.99329e-05 6.37453e-05
    87 4.87063e-05 6.21799e-05
    88 4.75332e-05 6.06809e-05
    89 4.63738e-05 5.92057e-05
    90 4.52473e-05 5.78070e-05
    91 4.41406e-05 5.64765e-05
    92 4.30904e-05 5.51604e-05
    93 4.20990e-05 5.38939e-05
    94 4.11188e-05 5.26219e-05
    95 4.01715e-05 5.14376e-05
    96 3.92461e-05 5.02679e-05
    97 3.83563e-05 4.91281e-05
    98 3.74836e-05 4.80184e-05
    99 3.66389e-05 4.69651e-05
   100 3.58089e-05 4.59333e-05
   101 3.49982e-05 4.49176e-05
   102 3.42326e-05 4.39505e-05
   103 3.34911e-05 4.30159e-05
   104 3.27710e-05 4.21082e-05
   105 3.20632e-05 4.12310e-05
   106 3.13829e-05 4.03609e-05
   107 3.07162e-05 3.95127e-05
   108 3.00678e-05 3.87016e-05
   109 2.94358e-05 3.78963e-05
   110 2.88167e-05 3.71117e-05
   111 2.82263e-05 3.63570e-05
   112 2.76535e-05 3.56207e-05
   113 2.70898e-05 3.48980e-05
   114 2.65469e-05 3.42015e-05
   115 2.60109e-05 3.35435e-05
   116 2.54806e-05 3.28878e-05
   117 2.49611e-05 3.22350e-05
   118 2.44657e-05 3.16054e-05
   119 2.39904e-05 3.10018e-05
   120 2.35227e-05 3.04068e-05
   121 2.30669e-05 2.98197e-05
   122 2.26143e-05 2.92593e-05
   123 2.21781e-05 2.87108e-05
   124 2.17540e-05 2.81741e-05
   125 2.13425e-05 2.76526e-05
   126 2.09391e-05 2.71488e-05
   127 2.05454e-05 2.66486e-05
   128 2.01627e-05 2.61627e-05
   129 1.97915e-05 2.56848e-05
   130 1.94305e-05 2.52217e-05
   131 1.90761e-05 2.47699e-05
   132 1.87242e-05 2.43292e-05
   133 1.83835e-05 2.38945e-05
   134 1.80562e-05 2.34689e-05
   135 1.77332e-05 2.30522e-05
   136 1.74138e-05 2.26561e-05
   137 1.71024e-05 2.22708e-05
   138 1.67991e-05 2.18904e-05
   139 1.65024e-05 2.15125e-05
   140 1.62094e-05 2.11432e-05
   141 1.59244e-05 2.07821e-05
   142 1.56483e-05 2.04305e-05
   143 1.53803e-05 2.00832e-05
   144 1.51116e-05 1.97474e-05
   145 1.48521e-05 1.94218e-05
   146 1.45996e-05 1.90979e-05
   147 1.43527e-05 1.87828e-05
   148 1.41117e-05 1.84712e-05
   149 1.38764e-05 1.81656e-05
   150 1.36450e-05 1.78693e-05
   151 1.34208e-05 1.75790e-05
   152 1.31994e-05 1.72955e-05
   153 1.29827e-05 1.70185e-05
   154 1.27696e-05 1.67490e-05
   155 1.25626e-05 1.64849e-05
   156 1.23569e-05 1.62221e-05
   157 1.21535e-05 1.59646e-05
   158 1.19613e-05 1.57151e-05
   159 1.17703e-05 1.54694e-05
   160 1.15833e-05 1.52282e-05
   161 1.13963e-05 1.49944e-05
   162 1.12150e-05 1.47637e-05
   163 1.10386e-05 1.45404e-05
   164 1.08648e-05 1.43194e-05
   165 1.06967e-05 1.41017e-05
   166 1.05294e-05 1.38900e-05
   167 1.03676e-05 1.36816e-05
   168 1.02083e-05 1.34756e-05
   169 1.00523e-05 1.32743e-05
   170 9.89863e-06 1.30776e-05
   171 9.74750e-06 1.28827e-05
   172 9.59940e-06 1.26917e-05
   173 9.45476e-06 1.25041e-05
   174 9.31428e-06 1.23209e-05
   175 9.17593e-06 1.21388e-05
   176 9.03761e-06 1.19626e-05
   177 8.90012e-06 1.17912e-05
   178 8.76709e-06 1.16224e-05
   179 8.63898e-06 1.14559e-05
   180 8.51135e-06 1.12909e-05
   181 8.38816e-06 1.11291e-05
   182 8.26724e-06 1.09742e-05
   183 8.14815e-06 1.08211e-05
   184 8.02925e-06 1.06686e-05
   185 7.91342e-06 1.05198e-05
   186 7.79771e-06 1.03720e-05
   187 7.68522e-06 1.02266e-05
   188 7.57602e-06 1.00858e-05
   189 7.46821e-06 9.94649e-06
   190 7.36056e-06 9.80873e-06
   191 7.25636e-06 9.67485e-06
   192 7.15499e-06 9.54208e-06
   193 7.05556e-06 9.41230e-06
   194 6.95783e-06 9.28484e-06
   195 6.86025e-06 9.16107e-06
   196 6.76407e-06 9.04018e-06
   197 6.66977e-06 8.92069e-06
   198 6.57772e-06 8.80114e-06
   199 6.48789e-06 8.68377e-06
   200 6.39969e-06 8.56861e-06
   201 6.31367e-06 8.45656e-06
   202 6.22764e-06 8.34516e-06
   203 6.14266e-06 8.23553e-06
   204 6.06078e-06 8.12761e-06
   205 5.98022e-06 8.02094e-06
   206 5.90106e-06 7.91778e-06
   207 5.82194e-06 7.81554e-06
   208 5.74458e-06 7.71401e-06
   209 5.66836e-06 7.61428e-06
   210 5.59303e-06 7.51551e-06
   211 5.51900e-06 7.41853e-06
   212 5.44722e-06 7.32494e-06
   213 5.37462e-06 7.23111e-06
   214 5.30398e-06 7.13990e-06
   215 5.23521e-06 7.05094e-06
   216 5.16768e-06 6.96156e-06
   217 5.10109e-06 6.87478e-06
   218 5.03516e-06 6.78976e-06
   219 4.97091e-06 6.70541e-06
   220 4.90731e-06 6.62220e-06
   221 4.84453e-06 6.54139e-06
   222 4.78172e-06 6.46111e-06
   223 4.72133e-06 6.38123e-06
   224 4.66187e-06 6.30350e-06
   225 4.60284e-06 6.22677e-06
   226 4.54503e-06 6.15030e-06
   227 4.48803e-06 6.07543e-06
   228 4.43154e-06 6.00232e-06
   229 4.37552e-06 5.92999e-06
   230 4.32108e-06 5.85968e-06
   231 4.26786e-06 5.79046e-06
   232 4.21516e-06 5.72149e-06
   233 4.16307e-06 5.65360e-06
   234 4.11212e-06 5.58669e-06
   235 4.06211e-06 5.52088e-06
   236 4.01220e-06 5.45588e-06
   237 3.96306e-06 5.39165e-06
   238 3.91527e-06 5.32744e-06
   239 3.86803e-06 5.26542e-06
   240 3.82177e-06 5.20433e-06
   241 3.77546e-06 5.14432e-06
   242 3.72938e-06 5.08410e-06
   243 3.68504e-06 5.02519e-06
   244 3.64126e-06 4.96712e-06
   245 3.59752e-06 4.90937e-06
   246 3.55499e-06 4.85334e-06
   247 3.51315e-06 4.79831e-06
   248 3.47137e-06 4.74398e-06
   249 3.43052e-06 4.68970e-06
   250 3.39070e-06 4.63644e-06
   251 3.35163e-06 4.58446e-06
   252 3.31260e-06 4.53291e-06
   253 3.27343e-06 4.48263e-06
   254 3.23497e-06 4.43270e-06
   255 3.19723e-06 4.38331e-06
   256 3.16072e-06 4.33451e-06
   257 3.12496e-06 4.28633e-06
   258 3.08908e-06 4.23880e-06
   259 3.05371e-06 4.19211e-06
   260 3.01883e-06 4.14634e-06
   261 2.98448e-06 4.10119e-06
   262 2.95089e-06 4.05677e-06
   263 2.91788e-06 4.01233e-06
   264 2.88487e-06 3.96855e-06
   265 2.85185e-06 3.92539e-06
   266 2.81978e-06 3.88300e-06
   267 2.78868e-06 3.84066e-06
   268 2.75766e-06 3.79911e-06
   269 2.72673e-06 3.75810e-06
   270 2.69626e-06 3.71792e-06
   271 2.66664e-06 3.67825e-06
   272 2.63737e-06 3.63889e-06
   273 2.60803e-06 3.59974e-06
   274 2.57899e-06 3.56137e-06
   275 2.55065e-06 3.52384e-06
   276 2.52263e-06 3.48662e-06
   277 2.49510e-06 3.45004e-06
   278 2.46794e-06 3.41384e-06
   279 2.44122e-06 3.37815e-06
   280 2.41477e-06 3.34276e-06
   281 2.38860e-06 3.30766e-06
   282 2.36258e-06 3.27335e-06
   283 2.33712e-06 3.23974e-06
   284 2.31222e-06 3.20613e-06
   285 2.28745e-06 3.17312e-06
   286 2.26304e-06 3.14003e-06
   287 2.23907e-06 3.10792e-06
   288 2.21526e-06 3.07634e-06
   289 2.19169e-06 3.04499e-06
   290 2.16841e-06 3.01378e-06
   291 2.14540e-06 2.98287e-06
   292 2.12267e-06 2.95260e-06
   293 2.10018e-06 2.92274e-06
   294 2.07781e-06 2.89297e-06
   295 2.05581e-06 2.86385e-06
   296 2.03446e-06 2.83492e-06
   297 2.01331e-06 2.80661e-06
   298 1.99231e-06 2.77857e-06
   299 1.97151e-06 2.75110e-06
   300 1.95109e-06 2.72397e-06
   301 1.93076e-06 2.69690e-06
   302 1.91089e-06 2.67004e-06
   303 1.89123e-06 2.64377e-06
   304 1.87180e-06 2.61765e-06
   305 1.85263e-06 2.59186e-06
   306 1.83374e-06 2.56636e-06
   307 1.81518e-06 2.54123e-06
   308 1.79673e-06 2.51636e-06
   309 1.77848e-06 2.49152e-06
   310 1.76052e-06 2.46720e-06
   311 1.74262e-06 2.44311e-06
   312 1.72497e-06 2.41947e-06
   313 1.70775e-06 2.39622e-06
   314 1.69047e-06 2.37325e-06
   315 1.67366e-06 2.35059e-06
   316 1.65702e-06 2.32827e-06
   317 1.64047e-06 2.30577e-06
   318 1.62419e-06 2.28355e-06
   319 1.60810e-06 2.26164e-06
   320 1.59221e-06 2.24043e-06
   321 1.57649e-06 2.21944e-06
   322 1.56107e-06 2.19827e-06
   323 1.54574e-06 2.17756e-06
   324 1.53035e-06 2.15718e-06
   325 1.51524e-06 2.13697e-06
   326 1.50051e-06 2.11696e-06
   327 1.48598e-06 2.09692e-06
   328 1.47160e-06 2.07718e-06
   329 1.45730e-06 2.05777e-06
   330 1.44319e-06 2.03859e-06
   331 1.42927e-06 2.01986e-06
   332 1.41554e-06 2.00131e-06
   333 1.40193e-06 1.98280e-06
   334 1.38852e-06 1.96430e-06
   335 1.37518e-06 1.94609e-06
   336 1.36209e-06 1.92812e-06
   337 1.34899e-06 1.91042e-06
   338 1.33605e-06 1.89316e-06
   339 1.32327e-06 1.87609e-06
   340 1.31090e-06 1.85896e-06
   341 1.29861e-06 1.84191e-06
   342 1.28636e-06 1.82528e-06
   343 1.27423e-06 1.80878e-06
   344 1.26237e-06 1.79254e-06
   345 1.25059e-06 1.77637e-06
   346 1.23877e-06 1.76052e-06
   347 1.22702e-06 1.74465e-06
   348 1.21555e-06 1.72908e-06
   349 1.20412e-06 1.71358e-06
   350 1.19284e-06 1.69820e-06
   351 1.18181e-06 1.68298e-06
   352 1.17076e-06 1.66783e-06
   353 1.15994e-06 1.65309e-06
   354 1.14922e-06 1.63859e-06
   355 1.13867e-06 1.62414e-06
   356 1.12838e-06 1.60961e-06
   357 1.11809e-06 1.59523e-06
   358 1.10781e-06 1.58127e-06
   359 1.09766e-06 1.56758e-06
   360 1.08774e-06 1.55384e-06
   361 1.07782e-06 1.54021e-06
   362 1.06808e-06 1.52677e-06
   363 1.05843e-06 1.51344e-06
   364 1.04883e-06 1.50030e-06
   365 1.03933e-06 1.48721e-06
   366 1.02989e-06 1.47438e-06
   367 1.02063e-06 1.46165e-06
   368 1.01149e-06 1.44913e-06
   369 1.00239e-06 1.43659e-06
   370 9.93372e-07 1.42425e-06
   371 9.84522e-07 1.41200e-06
   372 9.75806e-07 1.39984e-06
   373 9.67201e-07 1.38777e-06
   374 9.58603e-07 1.37600e-06
   375 9.50088e-07 1.36430e-06
   376 9.41747e-07 1.35284e-06
   377 9.33540e-07 1.34153e-06
   378 9.25302e-07 1.33018e-06
   379 9.17103e-07 1.31906e-06
   380 9.09097e-07 1.30801e-06
   381 9.01224e-07 1.29703e-06
   382 8.93415e-07 1.28610e-06
   383 8.85601e-07 1.27541e-06
   384 8.77864e-07 1.26481e-06
   385 8.70268e-07 1.25418e-06
   386 8.62739e-07 1.24370e-06
   387 8.55194e-07 1.23328e-06
   388 8.47815e-07 1.22294e-06
   389 8.40491e-07 1.21274e-06
   390 8.33250e-07 1.20267e-06
   391 8.26082e-07 1.19284e-06
   392 8.18958e-07 1.18302e-06
   393 8.11998e-07 1.17324e-06
   394 8.05098e-07 1.16353e-06
   395 7.98289e-07 1.15395e-06
   396 7.91551e-07 1.14453e-06
   397 7.84786e-07 1.13525e-06
   398 7.78129e-07 1.12606e-06
   399 7.71530e-07 1.11696e-06
   400 7.65060e-07 1.10791e-06
   401 7.58588e-07 1.09900e-06
   402 7.52248e-07 1.09015e-06
   403 7.45930e-07 1.08131e-06
   404 7.39649e-07 1.07258e-06
   405 7.33443e-07 1.06404e-06
   406 7.27300e-07 1.05548e-06
   407 7.21215e-07 1.04690e-06
   408 7.15241e-07 1.03852e-06
   409 7.09293e-07 1.03027e-06
   410 7.03351e-07 1.02195e-06
   411 6.97523e-07 1.01379e-06
   412 6.91744e-07 1.00576e-06
   413 6.86036e-07 9.97822e-07
   414 6.80318e-07 9.89901e-07
   415 6.74718e-07 9.82005e-07
   416 6.69189e-07 9.74245e-07
   417 6.63705e-07 9.66541e-07
   418 6.58213e-07 9.58951e-07
   419 6.52799e-07 9.51352e-07
   420 6.47480e-07 9.43860e-07
   421 6.42279e-07 9.36436e-07
   422 6.37068e-07 9.29038e-07
   423 6.31862e-07 9.21780e-07
   424 6.26771e-07 9.14591e-07
   425 6.21701e-07 9.07501e-07
   426 6.16667e-07 9.00465e-07
   427 6.11711e-07 8.93452e-07
   428 6.06771e-07 8.86532e-07
   429 6.01895e-07 8.79705e-07
   430 5.97064e-07 8.72880e-07
   431 5.92293e-07 8.66107e-07
   432 5.87544e-07 8.59414e-07
   433 5.82886e-07 8.52870e-07
   434 5.78287e-07 8.46342e-07
   435 5.73659e-07 8.39871e-07
   436 5.69124e-07 8.33502e-07
   437 5.64626e-07 8.27216e-07
   438 5.60124e-07 8.20936e-07
   439 5.55691e-07 8.14677e-07
   440 5.51328e-07 8.08384e-07
   441 5.46971e-07 8.02246e-07
   442 5.42659e-07 7.96148e-07
   443 5.38413e-07 7.90102e-07
   444 5.34217e-07 7.84166e-07
   445 5.30062e-07 7.78316e-07
   446 5.25932e-07 7.72448e-07
   447 5.21796e-07 7.66630e-07
   448 5.17728e-07 7.60857e-07
   449 5.13676e-07 7.55152e-07
   450 5.09702e-07 7.49470e-07
   451 5.05762e-07 7.43805e-07
   452 5.01876e-07 7.38227e-07
   453 4.97997e-07 7.32749e-07
   454 4.94180e-07 7.27339e-07
   455 4.90409e-07 7.21950e-07
   456 4.86644e-07 7.16610e-07
   457 4.82903e-07 7.11304e-07
   458 4.79190e-07 7.06066e-07
   459 4.75522e-07 7.00890e-07
   460 4.71878e-07 6.95816e-07
   461 4.68291e-07 6.90684e-07
   462 4.64728e-07 6.85569e-07
   463 4.61170e-07 6.80539e-07
   464 4.57658e-07 6.75570e-07
   465 4.54171e-07 6.70692e-07
   466 4.50755e-07 6.65814e-07
   467 4.47349e-07 6.60992e-07
   468 4.43944e-07 6.56188e-07
   469 4.40630e-07 6.51425e-07
   470 4.37305e-07 6.46721e-07
   471 4.34035e-07 6.42037e-07
   472 4.30811e-07 6.37401e-07
   473 4.27589e-07 6.32736e-07
   474 4.24411e-07 6.28129e-07
   475 4.21253e-07 6.23630e-07
   476 4.18089e-07 6.19181e-07
   477 4.14951e-07 6.14757e-07
   478 4.11870e-07 6.10351e-07
   479 4.08850e-07 6.06031e-07
   480 4.05824e-07 6.01720e-07
   481 4.02808e-07 5.97445e-07
   482 3.99848e-07 5.93194e-07
   483 3.96937e-07 5.88951e-07
   484 3.94039e-07 5.84754e-07
   485 3.91144e-07 5.80600e-07
   486 3.88271e-07 5.76499e-07
   487 3.85437e-07 5.72406e-07
   488 3.82625e-07 5.68349e-07
   489 3.79824e-07 5.64360e-07
   490 3.77040e-07 5.60395e-07
   491 3.74321e-07 5.56460e-07
   492 3.71612e-07 5.52569e-07
   493 3.68898e-07 5.48708e-07
   494 3.66225e-07 5.44927e-07
   495 3.63593e-07 5.41137e-07
   496 3.61006e-07 5.37340e-07
   497 3.58406e-07 5.33595e-07
   498 3.55846e-07 5.29872e-07
   499 3.53298e-07 5.26192e-07
   500 3.50752e-07 5.22551e-07
   501 3.48229e-07 5.18976e-07
   502 3.45748e-07 5.15402e-07
   503 3.43291e-07 5.11856e-07
   504 3.40858e-07 5.08314e-07
   505 3.38432e-07 5.04830e-07
   506 3.36016e-07 5.01373e-07
   507 3.33642e-07 4.97929e-07
   508 3.31287e-07 4.94513e-07
   509 3.28944e-07 4.91134e-07
   510 3.26623e-07 4.87779e-07
   511 3.24344e-07 4.84460e-07
   512 3.22066e-07 4.81181e-07
   513 3.19805e-07 4.77926e-07
   514 3.17546e-07 4.74685e-07
   515 3.15329e-07 4.71481e-07
   516 3.13119e-07 4.68297e-07
   517 3.10921e-07 4.65108e-07
   518 3.08764e-07 4.61974e-07
   519 3.06617e-07 4.58875e-07
   520 3.04466e-07 4.55789e-07
   521 3.02327e-07 4.52710e-07
   522 3.00212e-07 4.49680e-07
   523 2.98151e-07 4.46691e-07
   524 2.96101e-07 4.43686e-07
   525 2.94043e-07 4.40724e-07
   526 2.92025e-07 4.37779e-07
   527 2.90019e-07 4.34838e-07
   528 2.88036e-07 4.31923e-07
   529 2.86076e-07 4.29036e-07
   530 2.84129e-07 4.26154e-07
   531 2.82189e-07 4.23333e-07
   532 2.80286e-07 4.20531e-07
   533 2.78372e-07 4.17768e-07
   534 2.76472e-07 4.15005e-07
   535 2.74593e-07 4.12278e-07
   536 2.72720e-07 4.09566e-07
   537 2.70868e-07 4.06869e-07
   538 2.69017e-07 4.04190e-07
   539 2.67202e-07 4.01565e-07
   540 2.65423e-07 3.98924e-07
   541 2.63622e-07 3.96332e-07
   542 2.61856e-07 3.93775e-07
   543 2.60109e-07 3.91223e-07
   544 2.58368e-07 3.88688e-07
   545 2.56634e-07 3.86149e-07
   546 2.54939e-07 3.83627e-07
   547 2.53262e-07 3.81140e-07
   548 2.51573e-07 3.78664e-07
   549 2.49885e-07 3.76201e-07
   550 2.48231e-07 3.73769e-07
   551 2.46602e-07 3.71367e-07
   552 2.44970e-07 3.68996e-07
   553 2.43346e-07 3.66626e-07
   554 2.41740e-07 3.64258e-07
   555 2.40157e-07 3.61915e-07
   556 2.38571e-07 3.59579e-07
   557 2.37014e-07 3.57298e-07
   558 2.35464e-07 3.55025e-07
   559 2.33915e-07 3.52768e-07
   560 2.32385e-07 3.50500e-07
   561 2.30883e-07 3.48276e-07
   562 2.29376e-07 3.46083e-07
   563 2.27877e-07 3.43897e-07
   564 2.26394e-07 3.41720e-07
   565 2.24929e-07 3.39565e-07
   566 2.23468e-07 3.37410e-07
   567 2.22002e-07 3.35272e-07
   568 2.20571e-07 3.33151e-07
   569 2.19165e-07 3.31050e-07
   570 2.17765e-07 3.28968e-07
   571 2.16361e-07 3.26908e-07
   572 2.14960e-07 3.24843e-07
   573 2.13577e-07 3.22808e-07
   574 2.12206e-07 3.20784e-07
   575 2.10857e-07 3.18780e-07
   576 2.09499e-07 3.16777e-07
   577 2.08166e-07 3.14800e-07
   578 2.06842e-07 3.12840e-07
   579 2.05516e-07 3.10910e-07
   580 2.04206e-07 3.08999e-07
   581 2.02913e-07 3.07080e-07
   582 2.01631e-07 3.05194e-07
   583 2.00361e-07 3.03318e-07
   584 1.99108e-07 3.01432e-07
   585 1.97867e-07 2.99561e-07
   586 1.96635e-07 2.97728e-07
   587 1.95393e-07 2.95892e-07
   588 1.94161e-07 2.94071e-07
   589 1.92939e-07 2.92267e-07
   590 1.91730e-07 2.90469e-07
   591 1.90532e-07 2.88681e-07
   592 1.89343e-07 2.86922e-07
   593 1.88156e-07 2.85181e-07
   594 1.86979e-07 2.83448e-07
   595 1.85805e-07 2.81733e-07
   596 1.84646e-07 2.80020e-07
   597 1.83507e-07 2.78320e-07
   598 1.82372e-07 2.76646e-07
   599 1.81249e-07 2.74955e-07
   600 1.80129e-07 2.73260e-07
   601 1.79016e-07 2.71600e-07
   602 1.77911e-07 2.69957e-07
   603 1.76813e-07 2.68351e-07
   604 1.75736e-07 2.66729e-07
   605 1.74671e-07 2.65129e-07
   606 1.73601e-07 2.63540e-07
   607 1.72536e-07 2.61956e-07
   608 1.71484e-07 2.60372e-07
   609 1.70447e-07 2.58817e-07
   610 1.69399e-07 2.57274e-07
   611 1.68367e-07 2.55734e-07
   612 1.67342e-07 2.54202e-07
   613 1.66327e-07 2.52690e-07
   614 1.65317e-07 2.51180e-07
   615 1.64323e-07 2.49693e-07
   616 1.63331e-07 2.48210e-07
   617 1.62344e-07 2.46745e-07
   618 1.61375e-07 2.45292e-07
   619 1.60405e-07 2.43838e-07
   620 1.59442e-07 2.42395e-07
   621 1.58499e-07 2.40966e-07
   622 1.57549e-07 2.39548e-07
   623 1.56597e-07 2.38132e-07
   624 1.55657e-07 2.36730e-07
   625 1.54726e-07 2.35340e-07
   626 1.53800e-07 2.33961e-07
   627 1.52888e-07 2.32595e-07
   628 1.51983e-07 2.31241e-07
   629 1.51085e-07 2.29899e-07
   630 1.50188e-07 2.28561e-07
   631 1.49300e-07 2.27240e-07
   632 1.48428e-07 2.25930e-07
   633 1.47551e-07 2.24607e-07
   634 1.46679e-07 2.23297e-07
   635 1.45814e-07 2.22004e-07
   636 1.44959e-07 2.20713e-07
   637 1.44103e-07 2.19433e-07
   638 1.43253e-07 2.18162e-07
   639 1.42420e-07 2.16904e-07
   640 1.41595e-07 2.15665e-07
   641 1.40767e-07 2.14425e-07
   642 1.39945e-07 2.13193e-07
   643 1.39139e-07 2.11970e-07
   644 1.38338e-07 2.10757e-07
   645 1.37540e-07 2.09539e-07
   646 1.36755e-07 2.08351e-07
   647 1.35964e-07 2.07156e-07
   648 1.35177e-07 2.05963e-07
   649 1.34398e-07 2.04786e-07
   650 1.33624e-07 2.03621e-07
   651 1.32867e-07 2.02460e-07
   652 1.32105e-07 2.01304e-07
   653 1.31342e-07 2.00164e-07
   654 1.30585e-07 1.99029e-07
   655 1.29832e-07 1.97911e-07
   656 1.29085e-07 1.96805e-07
   657 1.28354e-07 1.95700e-07
   658 1.27625e-07 1.94592e-07
   659 1.26905e-07 1.93490e-07
   660 1.26188e-07 1.92403e-07
   661 1.25469e-07 1.91320e-07
   662 1.24755e-07 1.90238e-07
   663 1.24052e-07 1.89179e-07
   664 1.23355e-07 1.88125e-07
   665 1.22659e-07 1.87082e-07
   666 1.21965e-07 1.86046e-07
   667 1.21281e-07 1.85011e-07
   668 1.20600e-07 1.83985e-07
   669 1.19924e-07 1.82959e-07
   670 1.19256e-07 1.81928e-07
   671 1.18600e-07 1.80919e-07
   672 1.17938e-07 1.79911e-07
   673 1.17276e-07 1.78919e-07
   674 1.16624e-07 1.77933e-07
   675 1.15976e-07 1.76948e-07
   676 1.15330e-07 1.75971e-07
   677 1.14694e-07 1.74995e-07
   678 1.14056e-07 1.74039e-07
   679 1.13428e-07 1.73085e-07
   680 1.12804e-07 1.72131e-07
   681 1.12184e-07 1.71183e-07
   682 1.11571e-07 1.70235e-07
   683 1.10959e-07 1.69307e-07
   684 1.10349e-07 1.68383e-07
   685 1.09743e-07 1.67457e-07
   686 1.09141e-07 1.66548e-07
   687 1.08547e-07 1.65645e-07
   688 1.07954e-07 1.64742e-07
   689 1.07361e-07 1.63846e-07
   690 1.06779e-07 1.62955e-07
   691 1.06199e-07 1.62076e-07
   692 1.05622e-07 1.61203e-07
   693 1.05044e-07 1.60329e-07
   694 1.04475e-07 1.59463e-07
   695 1.03914e-07 1.58602e-07
   696 1.03354e-07 1.57747e-07
   697 1.02798e-07 1.56891e-07
   698 1.02248e-07 1.56051e-07
   699 1.01694e-07 1.55213e-07
   700 1.01145e-07 1.54379e-07
   701 1.00598e-07 1.53549e-07
   702 1.00057e-07 1.52717e-07
   703 9.95195e-08 1.51894e-07
   704 9.89901e-08 1.51079e-07
   705 9.84653e-08 1.50267e-07
   706 9.79421e-08 1.49468e-07
   707 9.74219e-08 1.48677e-07
   708 9.69082e-08 1.47883e-07
   709 9.63944e-08 1.47100e-07
   710 9.58797e-08 1.46313e-07
   711 9.53700e-08 1.45534e-07
   712 9.48667e-08 1.44759e-07
   713 9.43617e-08 1.43988e-07
   714 9.38651e-08 1.43222e-07
   715 9.33739e-08 1.42462e-07
   716 9.28841e-08 1.41712e-07
   717 9.24011e-08 1.40961e-07
   718 9.19206e-08 1.40215e-07
   719 9.14430e-08 1.39476e-07
   720 9.09661e-08 1.38741e-07
   721 9.04937e-08 1.38014e-07
   722 9.00230e-08 1.37290e-07
   723 8.95493e-08 1.36571e-07
   724 8.90832e-08 1.35861e-07
   725 8.86180e-08 1.35155e-07
   726 8.81544e-08 1.34449e-07
   727 8.76991e-08 1.33749e-07
   728 8.72441e-08 1.33056e-07
   729 8.67948e-08 1.32371e-07
   730 8.63493e-08 1.31681e-07
   731 8.59034e-08 1.30994e-07
   732 8.54619e-08 1.30313e-07
   733 8.50247e-08 1.29642e-07
   734 8.45902e-08 1.28973e-07
   735 8.41578e-08 1.28300e-07
   736 8.37305e-08 1.27638e-07
   737 8.33007e-08 1.26980e-07
   738 8.28762e-08 1.26322e-07
   739 8.24565e-08 1.25673e-07
   740 8.20418e-08 1.25025e-07
   741 8.16277e-08 1.24383e-07
   742 8.12181e-08 1.23747e-07
   743 8.08057e-08 1.23110e-07
   744 8.03950e-08 1.22485e-07
   745 7.99906e-08 1.21857e-07
   746 7.95890e-08 1.21237e-07
   747 7.91849e-08 1.20624e-07
   748 7.87834e-08 1.20012e-07
   749 7.83868e-08 1.19401e-07
   750 7.79966e-08 1.18793e-07
   751 7.76087e-08 1.18190e-07
   752 7.72224e-08 1.17592e-07
   753 7.68372e-08 1.16997e-07
   754 7.64552e-08 1.16402e-07
   755 7.60717e-08 1.15815e-07
   756 7.56911e-08 1.15233e-07
   757 7.53188e-08 1.14655e-07
   758 7.49447e-08 1.14078e-07
   759 7.45748e-08 1.13508e-07
   760 7.42061e-08 1.12940e-07
   761 7.38406e-08 1.12371e-07
   762 7.34757e-08 1.11804e-07
   763 7.31128e-08 1.11241e-07
   764 7.27522e-08 1.10686e-07
   765 7.23971e-08 1.10133e-07
   766 7.20431e-08 1.09579e-07
   767 7.16908e-08 1.09036e-07
   768 7.13444e-08 1.08496e-07
   769 7.09976e-08 1.07954e-07
   770 7.06559e-08 1.07416e-07
   771 7.03125e-08 1.06890e-07
   772 6.99680e-08 1.06363e-07
   773 6.96314e-08 1.05837e-07
   774 6.92970e-08 1.05315e-07
   775 6.89667e-08 1.04795e-07
   776 6.86365e-08 1.04281e-07
   777 6.83051e-08 1.03769e-07
   778 6.79767e-08 1.03263e-07
   779 6.76483e-08 1.02757e-07
   780 6.73193e-08 1.02254e-07
   781 6.69947e-08 1.01749e-07
   782 6.66742e-08 1.01247e-07
   783 6.63583e-08 1.00751e-07
   784 6.60371e-08 1.00258e-07
   785 6.57226e-08 9.97676e-08
   786 6.54106e-08 9.92827e-08
   787 6.50971e-08 9.88012e-08
   788 6.47888e-08 9.83234e-08
   789 6.44848e-08 9.78484e-08
   790 6.41800e-08 9.73708e-08
   791 6.38748e-08 9.68985e-08
   792 6.35706e-08 9.64297e-08
   793 6.32669e-08 9.59594e-08
   794 6.29659e-08 9.54970e-08
   795 6.26678e-08 9.50355e-08
   796 6.23794e-08 9.45768e-08
   797 6.20874e-08 9.41173e-08
   798 6.17942e-08 9.36596e-08
   799 6.15042e-08 9.32087e-08
   800 6.12190e-08 9.27619e-08
   801 6.09353e-08 9.23164e-08
   802 6.06503e-08 9.18768e-08
   803 6.03686e-08 9.14394e-08
   804 6.00905e-08 9.10038e-08
   805 5.98130e-08 9.05709e-08
   806 5.95382e-08 9.01415e-08
   807 5.92650e-08 8.97130e-08
   808 5.89916e-08 8.92862e-08
   809 5.87201e-08 8.88625e-08
   810 5.84513e-08 8.84423e-08
   811 5.81824e-08 8.80241e-08
   812 5.79169e-08 8.76068e-08
   813 5.76514e-08 8.71925e-08
   814 5.73877e-08 8.67809e-08
   815 5.71263e-08 8.63682e-08
   816 5.68658e-08 8.59557e-08
   817 5.66055e-08 8.55481e-08
   818 5.63494e-08 8.51470e-08
   819 5.60933e-08 8.47488e-08
   820 5.58391e-08 8.43528e-08
   821 5.55866e-08 8.39573e-08
   822 5.53366e-08 8.35639e-08
   823 5.50879e-08 8.31735e-08
   824 5.48400e-08 8.27828e-08
   825 5.45928e-08 8.24008e-08
   826 5.43479e-08 8.20183e-08
   827 5.41046e-08 8.16340e-08
   828 5.38621e-08 8.12516e-08
   829 5.36234e-08 8.08735e-08
   830 5.33857e-08 8.04989e-08
   831 5.31476e-08 8.01238e-08
   832 5.29110e-08 7.97507e-08
   833 5.26742e-08 7.93813e-08
   834 5.24407e-08 7.90146e-08
   835 5.22073e-08 7.86493e-08
   836 5.19759e-08 7.82866e-08
   837 5.17459e-08 7.79253e-08
   838 5.15184e-08 7.75678e-08
   839 5.12914e-08 7.72146e-08
   840 5.10646e-08 7.68631e-08
   841 5.08385e-08 7.65110e-08
   842 5.06157e-08 7.61606e-08
   843 5.03971e-08 7.58119e-08
   844 5.01776e-08 7.54648e-08
   845 4.99582e-08 7.51176e-08
   846 4.97404e-08 7.47725e-08
   847 4.95245e-08 7.44309e-08
   848 4.93097e-08 7.40905e-08
   849 4.90935e-08 7.37551e-08
   850 4.88800e-08 7.34240e-08
   851 4.86677e-08 7.30914e-08
   852 4.84568e-08 7.27561e-08
   853 4.82467e-08 7.24234e-08
   854 4.80377e-08 7.20964e-08
   855 4.78310e-08 7.17691e-08
   856 4.76252e-08 7.14454e-08
   857 4.74206e-08 7.11218e-08
   858 4.72192e-08 7.08011e-08
   859 4.70171e-08 7.04843e-08
   860 4.68176e-08 7.01701e-08
   861 4.66184e-08 6.98579e-08
   862 4.64203e-08 6.95423e-08
   863 4.62259e-08 6.92293e-08
   864 4.60303e-08 6.89181e-08
   865 4.58360e-08 6.86088e-08
   866 4.56431e-08 6.83032e-08
   867 4.54518e-08 6.79977e-08
   868 4.52591e-08 6.76938e-08
   869 4.50666e-08 6.73913e-08
   870 4.48768e-08 6.70913e-08
   871 4.46890e-08 6.67951e-08
   872 4.45011e-08 6.64989e-08
   873 4.43138e-08 6.62018e-08
   874 4.41278e-08 6.59088e-08
   875 4.39437e-08 6.56201e-08
   876 4.37618e-08 6.53323e-08
   877 4.35800e-08 6.50449e-08
   878 4.33968e-08 6.47582e-08
   879 4.32159e-08 6.44737e-08
   880 4.30371e-08 6.41913e-08
   881 4.28590e-08 6.39087e-08
   882 4.26799e-08 6.36282e-08
   883 4.25021e-08 6.33490e-08
   884 4.23249e-08 6.30726e-08
   885 4.21509e-08 6.27969e-08
   886 4.19788e-08 6.25209e-08
   887 4.18066e-08 6.22476e-08
   888 4.16368e-08 6.19780e-08
   889 4.14672e-08 6.17069e-08
   890 4.12970e-08 6.14390e-08
   891 4.11282e-08 6.11719e-08
   892 4.09618e-08 6.09083e-08
   893 4.07959e-08 6.06449e-08
   894 4.06299e-08 6.03819e-08
   895 4.04641e-08 6.01204e-08
   896 4.03021e-08 5.98593e-08
   897 4.01400e-08 5.96003e-08
   898 3.99771e-08 5.93454e-08
   899 3.98159e-08 5.90916e-08
   900 3.96547e-08 5.88384e-08
   901 3.94959e-08 5.85870e-08
   902 3.93371e-08 5.83346e-08
   903 3.91790e-08 5.80831e-08
   904 3.90222e-08 5.78339e-08
   905 3.88659e-08 5.75879e-08
   906 3.87105e-08 5.73437e-08
   907 3.85562e-08 5.70991e-08
   908 3.84041e-08 5.68561e-08
   909 3.82527e-08 5.66141e-08
   910 3.81027e-08 5.63747e-08
   911 3.79535e-08 5.61369e-08
   912 3.78047e-08 5.58992e-08
   913 3.76575e-08 5.56640e-08
   914 3.75087e-08 5.54292e-08
   915 3.73603e-08 5.51964e-08
   916 3.72150e-08 5.49618e-08
   917 3.70704e-08 5.47306e-08
   918 3.69246e-08 5.44981e-08
   919 3.67794e-08 5.42691e-08
   920 3.66351e-08 5.40414e-08
   921 3.64918e-08 5.38135e-08
   922 3.63494e-08 5.35890e-08
   923 3.62075e-08 5.33637e-08
   924 3.60667e-08 5.31375e-08
   925 3.59274e-08 5.29146e-08
   926 3.57884e-08 5.26953e-08
   927 3.56494e-08 5.24766e-08
   928 3.55126e-08 5.22584e-08
   929 3.53776e-08 5.20381e-08
   930 3.52430e-08 5.18204e-08
   931 3.51094e-08 5.16076e-08
   932 3.49764e-08 5.13952e-08
   933 3.48442e-08 5.11825e-08
   934 3.47121e-08 5.09713e-08
   935 3.45791e-08 5.07607e-08
   936 3.44466e-08 5.05513e-08
   937 3.43158e-08 5.03432e-08
   938 3.41860e-08 5.01370e-08
   939 3.40560e-08 4.99317e-08
   940 3.39270e-08 4.97269e-08
   941 3.37983e-08 4.95256e-08
   942 3.36717e-08 4.93243e-08
   943 3.35464e-08 4.91220e-08
   944 3.34211e-08 4.89216e-08
   945 3.32959e-08 4.87222e-08
   946 3.31714e-08 4.85236e-08
   947 3.30480e-08 4.83244e-08
   948 3.29258e-08 4.81288e-08
   949 3.28051e-08 4.79344e-08
   950 3.26840e-08 4.77400e-08
   951 3.25630e-08 4.75444e-08
   952 3.24431e-08 4.73508e-08
   953 3.23241e-08 4.71581e-08
   954 3.22054e-08 4.69675e-08
   955 3.20869e-08 4.67782e-08
   956 3.19683e-08 4.65915e-08
   957 3.18503e-08 4.64033e-08
   958 3.17334e-08 4.62177e-08
   959 3.16174e-08 4.60342e-08
   960 3.15014e-08 4.58485e-08
   961 3.13858e-08 4.56655e-08
   962 3.12721e-08 4.54847e-08
   963 3.11593e-08 4.53030e-08
   964 3.10468e-08 4.51214e-08
   965 3.09343e-08 4.49425e-08
   966 3.08237e-08 4.47639e-08
   967 3.07131e-08 4.45843e-08
   968 3.06021e-08 4.44067e-08
   969 3.04921e-08 4.42310e-08
   970 3.03824e-08 4.40573e-08
   971 3.02739e-08 4.38835e-08
   972 3.01662e-08 4.37100e-08
   973 3.00578e-08 4.35372e-08
   974 2.99503e-08 4.33660e-08
   975 2.98448e-08 4.31948e-08
   976 2.97387e-08 4.30257e-08
   977 2.96327e-08 4.28572e-08
   978 2.95283e-08 4.26903e-08
   979 2.94237e-08 4.25218e-08
   980 2.93197e-08 4.23557e-08
   981 2.92170e-08 4.21902e-08
   982 2.91133e-08 4.20272e-08
   983 2.90111e-08 4.18625e-08
   984 2.89097e-08 4.17005e-08
   985 2.88081e-08 4.15408e-08
   986 2.87068e-08 4.13802e-08
   987 2.86082e-08 4.12208e-08
   988 2.85091e-08 4.10627e-08
   989 2.84110e-08 4.09054e-08
   990 2.83137e-08 4.07489e-08
   991 2.82159e-08 4.05919e-08
   992 2.81183e-08 4.04341e-08
   993 2.80217e-08 4.02805e-08
   994 2.79260e-08 4.01260e-08
   995 2.78303e-08 3.99712e-08
   996 2.77335e-08 3.98160e-08
   997 2.76383e-08 3.96637e-08
   998 2.75441e-08 3.95111e-08
   999 2.74506e-08 3.93609e-08
  1000 2.73571e-08 3.92106e-08
  1001 2.72660e-08 3.90607e-08
  1002 2.71737e-08 3.89118e-08
  1003 2.70819e-08 3.87640e-08
  1004 2.69904e-08 3.86169e-08
  1005 2.69001e-08 3.84706e-08
  1006 2.68101e-08 3.83244e-08
  1007 2.67211e-08 3.81796e-08
  1008 2.66309e-08 3.80365e-08
  1009 2.65419e-08 3.78928e-08
  1010 2.64525e-08 3.77504e-08
  1011 2.63651e-08 3.76095e-08
  1012 2.62778e-08 3.74698e-08
  1013 2.61904e-08 3.73295e-08
  1014 2.61035e-08 3.71901e-08
  1015 2.60168e-08 3.70512e-08
  1016 2.59309e-08 3.69119e-08
  1017 2.58457e-08 3.67738e-08
  1018 2.57615e-08 3.66349e-08
  1019 2.56775e-08 3.64977e-08
  1020 2.55935e-08 3.63626e-08
  1021 2.55102e-08 3.62273e-08
  1022 2.54270e-08 3.60919e-08
  1023 2.53441e-08 3.59580e-08
  1024 2.52615e-08 3.58264e-08
  1025 2.51800e-08 3.56941e-08
  1026 2.50987e-08 3.55613e-08
  1027 2.50175e-08 3.54300e-08
  1028 2.49370e-08 3.52998e-08
  1029 2.48573e-08 3.51703e-08
  1030 2.47784e-08 3.50402e-08
  1031 2.46991e-08 3.49122e-08
  1032 2.46193e-08 3.47853e-08
  1033 2.45406e-08 3.46592e-08
  1034 2.44625e-08 3.45336e-08
  1035 2.43852e-08 3.44078e-08
  1036 2.43071e-08 3.42830e-08
  1037 2.42294e-08 3.41590e-08
  1038 2.41524e-08 3.40347e-08
  1039 2.40775e-08 3.39124e-08
  1040 2.40017e-08 3.37908e-08
  1041 2.39257e-08 3.36682e-08
  1042 2.38508e-08 3.35466e-08
  1043 2.37763e-08 3.34271e-08
  1044 2.37021e-08 3.33084e-08
  1045 2.36276e-08 3.31880e-08
  1046 2.35538e-08 3.30691e-08
  1047 2.34807e-08 3.29508e-08
  1048 2.34073e-08 3.28334e-08
  1049 2.33344e-08 3.27166e-08
  1050 2.32637e-08 3.26000e-08
  1051 2.31931e-08 3.24848e-08
  1052 2.31224e-08 3.23709e-08
  1053 2.30509e-08 3.22571e-08
  1054 2.29802e-08 3.21423e-08
  1055 2.29093e-08 3.20273e-08
  1056 2.28389e-08 3.19145e-08
  1057 2.27696e-08 3.18022e-08
  1058 2.27010e-08 3.16910e-08
  1059 2.26328e-08 3.15782e-08
  1060 2.25638e-08 3.14672e-08
  1061 2.24962e-08 3.13559e-08
  1062 2.24290e-08 3.12457e-08
  1063 2.23619e-08 3.11364e-08
  1064 2.22942e-08 3.10276e-08
  1065 2.22271e-08 3.09185e-08
  1066 2.21609e-08 3.08112e-08
  1067 2.20949e-08 3.07043e-08
  1068 2.20282e-08 3.05983e-08
  1069 2.19622e-08 3.04932e-08
  1070 2.18976e-08 3.03889e-08
  1071 2.18334e-08 3.02833e-08
  1072 2.17687e-08 3.01796e-08
  1073 2.17044e-08 3.00780e-08
  1074 2.16413e-08 2.99749e-08
  1075 2.15779e-08 2.98711e-08
  1076 2.15145e-08 2.97688e-08
  1077 2.14516e-08 2.96672e-08
  1078 2.13886e-08 2.95653e-08
  1079 2.13260e-08 2.94636e-08
  1080 2.12641e-08 2.93632e-08
  1081 2.12033e-08 2.92639e-08
  1082 2.11420e-08 2.91645e-08
  1083 2.10814e-08 2.90653e-08
  1084 2.10212e-08 2.89670e-08
  1085 2.09612e-08 2.88691e-08
  1086 2.09022e-08 2.87714e-08
  1087 2.08421e-08 2.86749e-08
  1088 2.07821e-08 2.85796e-08
  1089 2.07232e-08 2.84830e-08
  1090 2.06646e-08 2.83868e-08
  1091 2.06064e-08 2.82924e-08
  1092 2.05490e-08 2.81970e-08
  1093 2.04909e-08 2.81022e-08
  1094 2.04329e-08 2.80085e-08
  1095 2.03758e-08 2.79147e-08
  1096 2.03195e-08 2.78224e-08
  1097 2.02627e-08 2.77298e-08
  1098 2.02064e-08 2.76385e-08
  1099 2.01507e-08 2.75481e-08
  1100 2.00942e-08 2.74571e-08
  1101 2.00385e-08 2.73661e-08
  1102 1.99833e-08 2.72763e-08
  1103 1.99286e-08 2.71879e-08
  1104 1.98735e-08 2.71000e-08
  1105 1.98186e-08 2.70114e-08
  1106 1.97644e-08 2.69233e-08
  1107 1.97107e-08 2.68356e-08
  1108 1.96575e-08 2.67478e-08
  1109 1.96052e-08 2.66605e-08
  1110 1.95524e-08 2.65751e-08
  1111 1.94999e-08 2.64896e-08
  1112 1.94474e-08 2.64043e-08
  1113 1.93957e-08 2.63191e-08
  1114 1.93439e-08 2.62336e-08
  1115 1.92916e-08 2.61496e-08
  1116 1.92403e-08 2.60661e-08
  1117 1.91889e-08 2.59822e-08
  1118 1.91374e-08 2.58977e-08
  1119 1.90867e-08 2.58148e-08
  1120 1.90359e-08 2.57329e-08
  1121 1.89865e-08 2.56515e-08
  1122 1.89370e-08 2.55705e-08
  1123 1.88875e-08 2.54895e-08
  1124 1.88381e-08 2.54097e-08
  1125 1.87892e-08 2.53294e-08
  1126 1.87405e-08 2.52501e-08
  1127 1.86918e-08 2.51709e-08
  1128 1.86435e-08 2.50923e-08
  1129 1.85954e-08 2.50136e-08
  1130 1.85477e-08 2.49348e-08
  1131 1.85007e-08 2.48579e-08
  1132 1.84538e-08 2.47803e-08
  1133 1.84073e-08 2.47027e-08
  1134 1.83605e-08 2.46249e-08
  1135 1.83134e-08 2.45483e-08
  1136 1.82669e-08 2.44727e-08
  1137 1.82206e-08 2.43965e-08
  1138 1.81749e-08 2.43218e-08
  1139 1.81300e-08 2.42480e-08
  1140 1.80853e-08 2.41744e-08
  1141 1.80403e-08 2.41010e-08
  1142 1.79953e-08 2.40280e-08
  1143 1.79504e-08 2.39556e-08
  1144 1.79067e-08 2.38838e-08
  1145 1.78626e-08 2.38116e-08
  1146 1.78182e-08 2.37399e-08
  1147 1.77740e-08 2.36685e-08
  1148 1.77306e-08 2.35969e-08
  1149 1.76875e-08 2.35260e-08
  1150 1.76444e-08 2.34559e-08
  1151 1.76018e-08 2.33847e-08
  1152 1.75599e-08 2.33149e-08
  1153 1.75183e-08 2.32453e-08
  1154 1.74763e-08 2.31755e-08
  1155 1.74342e-08 2.31067e-08
  1156 1.73926e-08 2.30381e-08
  1157 1.73511e-08 2.29697e-08
  1158 1.73091e-08 2.29020e-08
  1159 1.72685e-08 2.28352e-08
  1160 1.72278e-08 2.27677e-08
  1161 1.71869e-08 2.27006e-08
  1162 1.71466e-08 2.26345e-08
  1163 1.71064e-08 2.25692e-08
  1164 1.70662e-08 2.25038e-08
  1165 1.70261e-08 2.24388e-08
  1166 1.69863e-08 2.23735e-08
  1167 1.69472e-08 2.23081e-08
  1168 1.69080e-08 2.22437e-08
  1169 1.68692e-08 2.21800e-08
  1170 1.68307e-08 2.21163e-08
  1171 1.67926e-08 2.20530e-08
  1172 1.67549e-08 2.19895e-08
  1173 1.67172e-08 2.19273e-08
  1174 1.66792e-08 2.18652e-08
  1175 1.66414e-08 2.18032e-08
  1176 1.66042e-08 2.17409e-08
  1177 1.65680e-08 2.16792e-08
  1178 1.65314e-08 2.16182e-08
  1179 1.64953e-08 2.15576e-08
  1180 1.64591e-08 2.14972e-08
  1181 1.64221e-08 2.14366e-08
  1182 1.63859e-08 2.13769e-08
  1183 1.63499e-08 2.13180e-08
  1184 1.63147e-08 2.12591e-08
  1185 1.62796e-08 2.12002e-08
  1186 1.62446e-08 2.11411e-08
  1187 1.62095e-08 2.10827e-08
  1188 1.61749e-08 2.10250e-08
  1189 1.61406e-08 2.09672e-08
  1190 1.61063e-08 2.09096e-08
  1191 1.60721e-08 2.08529e-08
  1192 1.60381e-08 2.07964e-08
  1193 1.60044e-08 2.07409e-08
  1194 1.59709e-08 2.06850e-08
  1195 1.59371e-08 2.06301e-08
  1196 1.59040e-08 2.05752e-08
  1197 1.58713e-08 2.05202e-08
  1198 1.58390e-08 2.04654e-08
  1199 1.58064e-08 2.04110e-08
  1200 1.57750e-08 2.03572e-08
  1201 1.57441e-08 2.03036e-08
  1202 1.57124e-08 2.02498e-08
  1203 1.56811e-08 2.01963e-08
  1204 1.56496e-08 2.01438e-08
  1205 1.56183e-08 2.00922e-08
  1206 1.55882e-08 2.00406e-08
  1207 1.55575e-08 1.99886e-08
  1208 1.55266e-08 1.99364e-08
  1209 1.54959e-08 1.98851e-08
  1210 1.54662e-08 1.98344e-08
  1211 1.54363e-08 1.97841e-08
  1212 1.54066e-08 1.97340e-08
  1213 1.53771e-08 1.96848e-08
  1214 1.53479e-08 1.96356e-08
  1215 1.53187e-08 1.95869e-08
  1216 1.52899e-08 1.95377e-08
  1217 1.52608e-08 1.94882e-08
  1218 1.52318e-08 1.94390e-08
  1219 1.52028e-08 1.93913e-08
  1220 1.51747e-08 1.93425e-08
  1221 1.51461e-08 1.92941e-08
  1222 1.51185e-08 1.92460e-08
  1223 1.50907e-08 1.91987e-08
  1224 1.50633e-08 1.91519e-08
  1225 1.50358e-08 1.91051e-08
  1226 1.50089e-08 1.90597e-08
  1227 1.49819e-08 1.90138e-08
  1228 1.49551e-08 1.89680e-08
  1229 1.49285e-08 1.89222e-08
  1230 1.49022e-08 1.88768e-08
  1231 1.48760e-08 1.88322e-08
  1232 1.48504e-08 1.87878e-08
  1233 1.48250e-08 1.87426e-08
  1234 1.48000e-08 1.86990e-08
  1235 1.47755e-08 1.86566e-08
  1236 1.47512e-08 1.86145e-08
  1237 1.47268e-08 1.85717e-08
  1238 1.47023e-08 1.85294e-08
  1239 1.46792e-08 1.84879e-08
  1240 1.46555e-08 1.84458e-08
  1241 1.46313e-08 1.84036e-08
  1242 1.46072e-08 1.83621e-08
  1243 1.45841e-08 1.83217e-08
  1244 1.45614e-08 1.82808e-08
  1245 1.45383e-08 1.82406e-08
  1246 1.45158e-08 1.82003e-08
  1247 1.44932e-08 1.81603e-08
  1248 1.44715e-08 1.81215e-08
  1249 1.44499e-08 1.80827e-08
  1250 1.44288e-08 1.80435e-08
  1251 1.44075e-08 1.80039e-08
  1252 1.43861e-08 1.79653e-08
  1253 1.43646e-08 1.79267e-08
  1254 1.43435e-08 1.78886e-08
  1255 1.43231e-08 1.78511e-08
  1256 1.43041e-08 1.78139e-08
  1257 1.42845e-08 1.77777e-08
  1258 1.42645e-08 1.77415e-08
  1259 1.42440e-08 1.77046e-08
  1260 1.42233e-08 1.76676e-08
  1261 1.42041e-08 1.76315e-08
  1262 1.41859e-08 1.75953e-08
  1263 1.41671e-08 1.75600e-08
  1264 1.41478e-08 1.75245e-08
  1265 1.41284e-08 1.74890e-08
  1266 1.41094e-08 1.74541e-08
  1267 1.40917e-08 1.74213e-08
  1268 1.40741e-08 1.73879e-08
  1269 1.40562e-08 1.73540e-08
  1270 1.40391e-08 1.73208e-08
  1271 1.40229e-08 1.72878e-08
  1272 1.40067e-08 1.72546e-08
  1273 1.39900e-08 1.72223e-08
  1274 1.39737e-08 1.71909e-08
  1275 1.39572e-08 1.71585e-08
  1276 1.39408e-08 1.71274e-08
  1277 1.39252e-08 1.70976e-08
  1278 1.39093e-08 1.70669e-08
  1279 1.38939e-08 1.70367e-08
  1280 1.38799e-08 1.70078e-08
  1281 1.38663e-08 1.69788e-08
  1282 1.38525e-08 1.69500e-08
  1283 1.38392e-08 1.69208e-08
  1284 1.38257e-08 1.68917e-08
  1285 1.38114e-08 1.68639e-08
  1286 1.37975e-08 1.68362e-08
  1287 1.37850e-08 1.68072e-08
  1288 1.37717e-08 1.67795e-08
  1289 1.37594e-08 1.67531e-08
  1290 1.37463e-08 1.67265e-08
  1291 1.37350e-08 1.67011e-08
  1292 1.37240e-08 1.66763e-08
  1293 1.37135e-08 1.66526e-08
  1294 1.37036e-08 1.66299e-08
  1295 1.36932e-08 1.66054e-08
  1296 1.36829e-08 1.65810e-08
  1297 1.36727e-08 1.65573e-08
  1298 1.36622e-08 1.65343e-08
  1299 1.36536e-08 1.65129e-08
  1300 1.36450e-08 1.64908e-08
  1301 1.36360e-08 1.64689e-08
  1302 1.36288e-08 1.64466e-08
  1303 1.36216e-08 1.64251e-08
  1304 1.36145e-08 1.64049e-08
  1305 1.36087e-08 1.63849e-08
  1306 1.36037e-08 1.63653e-08
  1307 1.35985e-08 1.63465e-08
  1308 1.35932e-08 1.63285e-08
  1309 1.35890e-08 1.63107e-08
  1310 1.35840e-08 1.62936e-08
  1311 1.35814e-08 1.62766e-08
  1312 1.35792e-08 1.62598e-08
  1313 1.35760e-08 1.62436e-08
  1314 1.35736e-08 1.62259e-08
  1315 1.35722e-08 1.62101e-08
  1316 1.35721e-08 1.61953e-08
  1317 1.35724e-08 1.61817e-08
  1318 1.35735e-08 1.61687e-08
  1319 1.35741e-08 1.61545e-08
  1320 1.35769e-08 1.61438e-08
  1321 1.35794e-08 1.61327e-08
  1322 1.35843e-08 1.61232e-08
  1323 1.35922e-08 1.61168e-08
  1324 1.36012e-08 1.61103e-08
  1325 1.36094e-08 1.61032e-08
  1326 1.36175e-08 1.60971e-08
  1327 1.36269e-08 1.60931e-08
  1328 1.36377e-08 1.60886e-08
  1329 1.36478e-08 1.60839e-08
  1330 1.36604e-08 1.60817e-08
  1331 1.36761e-08 1.60833e-08
  1332 1.36935e-08 1.60858e-08
  1333 1.37107e-08 1.60861e-08
  1334 1.37293e-08 1.60897e-08
  1335 1.37492e-08 1.60926e-08
  1336 1.37709e-08 1.60980e-08
  1337 1.37962e-08 1.61049e-08
  1338 1.38234e-08 1.61127e-08
  1339 1.38501e-08 1.61204e-08
  1340 1.38769e-08 1.61287e-08
  1341 1.39042e-08 1.61345e-08
  1342 1.39380e-08 1.61483e-08
  1343 1.39734e-08 1.61623e-08
  1344 1.40093e-08 1.61725e-08
  1345 1.40483e-08 1.61888e-08
  1346 1.40935e-08 1.62084e-08
  1347 1.41380e-08 1.62271e-08
  1348 1.41886e-08 1.62463e-08
  1349 1.42447e-08 1.62711e-08
  1350 1.43016e-08 1.62964e-08
  1351 1.43574e-08 1.63160e-08
  1352 1.44098e-08 1.63289e-08
  1353 1.44698e-08 1.63427e-08
  1354 1.45289e-08 1.63511e-08
  1355 1.45832e-08 1.63504e-08
  1356 1.46548e-08 1.63599e-08
  1357 1.47177e-08 1.63518e-08
  1358 1.47606e-08 1.63091e-08
  1359 1.47804e-08 1.62043e-08
  1360 1.47775e-08 1.60612e-08
  1361 1.47445e-08 1.58586e-08
  1362 1.44579e-08 1.53244e-08
  1363 1.32136e-08 1.35772e-08
  1364 8.44057e-09 8.32395e-09
  1365 1.29829e-08 1.25157e-08
  1366 0.00000e+00 0.00000e+00
  1367 0.00000e+00 0.00000e+00
  1368 0.00000e+00 0.00000e+00
  1369 0.00000e+00 0.00000e+00
  1370 0.00000e+00 0.00000e+00
  1371 0.00000e+00 0.00000e+00
  1372 0.00000e+00 0.00000e+00
  1373 0.00000e+00 0.00000e+00
  1374 0.00000e+00 0.00000e+00
  1375 0.00000e+00 0.00000e+00
  1376 0.00000e+00 0.00000e+00
  1377 0.00000e+00 0.00000e+00
  1378 0.00000e+00 0.00000e+00
  1379 0.00000e+00 0.00000e+00
  1380 0.00000e+00 0.00000e+00
  1381 0.00000e+00 0.00000e+00
  1382 0.00000e+00 0.00000e+00
  1383 0.00000e+00 0.00000e+00
  1384 0.00000e+00 0.00000e+00
  1385 0.00000e+00 0.00000e+00
  1386 0.00000e+00 0.00000e+00
  1387 0.00000e+00 0.00000e+00
  1388 0.00000e+00 0.00000e+00
  1389 0.00000e+00 0.00000e+00
  1390 0.00000e+00 0.00000e+00
  1391 0.00000e+00 0.00000e+00
  1392 0.00000e+00 0.00000e+00
  1393 0.00000e+00 0.00000e+00
  1394 0.00000e+00 0.00000e+00
  1395 0.00000e+00 0.00000e+00
  1396 0.00000e+00 0.00000e+00
  1397 0.00000e+00 0.00000e+00
  1398 0.00000e+00 0.00000e+00
  1399 0.00000e+00 0.00000e+00
  1400 0.00000e+00 0.00000e+00
  1401 0.00000e+00 0.00000e+00
  1402 0.00000e+00 0.00000e+00
  1403 0.00000e+00 0.00000e+00
  1404 0.00000e+00 0.00000e+00
  1405 0.00000e+00 0.00000e+00
  1406 0.00000e+00 0.00000e+00
  1407 0.00000e+00 0.00000e+00
  1408 0.00000e+00 0.00000e+00
  1409 0.00000e+00 0.00000e+00
  1410 0.00000e+00 0.00000e+00
  1411 0.00000e+00 0.00000e+00
  1412 0.00000e+00 0.00000e+00
  1413 0.00000e+00 0.00000e+00
  1414 0.00000e+00 0.00000e+00
  1415 0.00000e+00 0.00000e+00
  1416 0.00000e+00 0.00000e+00
  1417 0.00000e+00 0.00000e+00
  1418 0.00000e+00 0.00000e+00
  1419 0.00000e+00 0.00000e+00
  1420 0.00000e+00 0.00000e+00
  1421 0.00000e+00 0.00000e+00
  1422 0.00000e+00 0.00000e+00
  1423 0.00000e+00 0.00000e+00
  1424 0.00000e+00 0.00000e+00
  1425 0.00000e+00 0.00000e+00
  1426 0.00000e+00 0.00000e+00
  1427 0.00000e+00 0.00000e+00
  1428 0.00000e+00 0.00000e+00
  1429 0.00000e+00 0.00000e+00
  1430 0.00000e+00 0.00000e+00
  1431 0.00000e+00 0.00000e+00
  1432 0.00000e+00 0.00000e+00
  1433 0.00000e+00 0.00000e+00
  1434 0.00000e+00 0.00000e+00
  1435 0.00000e+00 0.00000e+00
  1436 0.00000e+00 0.00000e+00
  1437 0.00000e+00 0.00000e+00
  1438 0.00000e+00 0.00000e+00
  1439 0.00000e+00 0.00000e+00
  1440 0.00000e+00 0.00000e+00
  1441 0.00000e+00 0.00000e+00
  1442 0.00000e+00 0.00000e+00
  1443 0.00000e+00 0.00000e+00
  1444 0.00000e+00 0.00000e+00
  1445 0.00000e+00 0.00000e+00
  1446 0.00000e+00 0.00000e+00
  1447 0.00000e+00 0.00000e+00
  1448 0.00000e+00 0.00000e+00
  1449 0.00000e+00 0.00000e+00
  1450 0.00000e+00 0.00000e+00
  1451 0.00000e+00 0.00000e+00
  1452 0.00000e+00 0.00000e+00
  1453 0.00000e+00 0.00000e+00
  1454 0.00000e+00 0.00000e+00
  1455 0.00000e+00 0.00000e+00
  1456 0.00000e+00 0.00000e+00
  1457 0.00000e+00 0.00000e+00
  1458 0.00000e+00 0.00000e+00
  1459 0.00000e+00 0.00000e+00
  1460 0.00000e+00 0.00000e+00
  1461 0.00000e+00 0.00000e+00
  1462 0.00000e+00 0.00000e+00
  1463 0.00000e+00 0.00000e+00
  1464 0.00000e+00 0.00000e+00
  1465 0.00000e+00 0.00000e+00
  1466 0.00000e+00 0.00000e+00
  1467 0.00000e+00 0.00000e+00
  1468 0.00000e+00 0.00000e+00
  1469 0.00000e+00 0.00000e+00
  1470 0.00000e+00 0.00000e+00
  1471 0.00000e+00 0.00000e+00
  1472 0.00000e+00 0.00000e+00
  1473 0.00000e+00 0.00000e+00
  1474 0.00000e+00 0.00000e+00
  1475 0.00000e+00 0.00000e+00
  1476 0.00000e+00 0.00000e+00
  1477 0.00000e+00 0.00000e+00
  1478 0.00000e+00 0.00000e+00
  1479 0.00000e+00 0.00000e+00
  1480 0.00000e+00 0.00000e+00
  1481 0.00000e+00 0.00000e+00
  1482 0.00000e+00 0.00000e+00
  1483 0.00000e+00 0.00000e+00
  1484 0.00000e+00 0.00000e+00
  1485 0.00000e+00 0.00000e+00
  1486 0.00000e+00 0.00000e+00
  1487 0.00000e+00 0.00000e+00
  1488 0.00000e+00 0.00000e+00
  1489 0.00000e+00 0.00000e+00
  1490 0.00000e+00 0.00000e+00
  1491 0.00000e+00 0.00000e+00
  1492 0.00000e+00 0.00000e+00
  1493 0.00000e+00 0.00000e+00
  1494 0.00000e+00 0.00000e+00
  1495 0.00000e+00 0.00000e+00
  1496 0.00000e+00 0.00000e+00
  1497 0.00000e+00 0.00000e+00
  1498 0.00000e+00 0.00000e+00
  1499 0.00000e+00 0.00000e+00
  1500 0.00000e+00 0.00000e+00
  1501 0.00000e+00 0.00000e+00
  1502 0.00000e+00 0.00000e+00
  1503 0.00000e+00 0.00000e+00
  1504 0.00000e+00 0.00000e+00
  1505 0.00000e+00 0.00000e+00
  1506 0.00000e+00 0.00000e+00
  1507 0.00000e+00 0.00000e+00
  1508 0.00000e+00 0.00000e+00
  1509 0.00000e+00 0.00000e+00
  1510 0.00000e+00 0.00000e+00
  1511 0.00000e+00 0.00000e+00
  1512 0.00000e+00 0.00000e+00
  1513 0.00000e+00 0.00000e+00
  1514 0.00000e+00 0.00000e+00
  1515 0.00000e+00 0.00000e+00
  1516 0.00000e+00 0.00000e+00
  1517 0.00000e+00 0.00000e+00
  1518 0.00000e+00 0.00000e+00
  1519 0.00000e+00 0.00000e+00
  1520 0.00000e+00 0.00000e+00
  1521 0.00000e+00 0.00000e+00
  1522 0.00000e+00 0.00000e+00
  1523 0.00000e+00 0.00000e+00
  1524 0.00000e+00 0.00000e+00
  1525 0.00000e+00 0.00000e+00
  1526 0.00000e+00 0.00000e+00
  1527 0.00000e+00 0.00000e+00
  1528 0.00000e+00 0.00000e+00
  1529 0.00000e+00 0.00000e+00
  1530 0.00000e+00 0.00000e+00
  1531 0.00000e+00 0.00000e+00
  1532 0.00000e+00 0.00000e+00
  1533 0.00000e+00 0.00000e+00
  1534 0.00000e+00 0.00000e+00
  1535 0.00000e+00 0.00000e+00
  1536 0.00000e+00 0.00000e+00
  1537 0.00000e+00 0.00000e+00
  1538 0.00000e+00 0.00000e+00
  1539 0.00000e+00 0.00000e+00
  1540 0.00000e+00 0.00000e+00
  1541 0.00000e+00 0.00000e+00
  1542 0.00000e+00 0.00000e+00
  1543 0.00000e+00 0.00000e+00
  1544 0.00000e+00 0.00000e+00
  1545 0.00000e+00 0.00000e+00
  1546 0.00000e+00 0.00000e+00
  1547 0.00000e+00 0.00000e+00
  1548 0.00000e+00 0.00000e+00
  1549 0.00000e+00 0.00000e+00
  1550 0.00000e+00 0.00000e+00
  1551 0.00000e+00 0.00000e+00
  1552 0.00000e+00 0.00000e+00
  1553 0.00000e+00 0.00000e+00
  1554 0.00000e+00 0.00000e+00
  1555 0.00000e+00 0.00000e+00
  1556 0.00000e+00 0.00000e+00
  1557 0.00000e+00 0.00000e+00
  1558 0.00000e+00 0.00000e+00
  1559 0.00000e+00 0.00000e+00
  1560 0.00000e+00 0.00000e+00
  1561 0.00000e+00 0.00000e+00
  1562 0.00000e+00 0.00000e+00
  1563 0.00000e+00 0.00000e+00
  1564 0.00000e+00 0.00000e+00
  1565 0.00000e+00 0.00000e+00
  1566 0.00000e+00 0.00000e+00
  1567 0.00000e+00 0.00000e+00
  1568 0.00000e+00 0.00000e+00
  1569 0.00000e+00 0.00000e+00
  1570 0.00000e+00 0.00000e+00
  1571 0.00000e+00 0.00000e+00
  1572 0.00000e+00 0.00000e+00
  1573 0.00000e+00 0.00000e+00
  1574 0.00000e+00 0.00000e+00
  1575 0.00000e+00 0.00000e+00
  1576 0.00000e+00 0.00000e+00
  1577 0.00000e+00 0.00000e+00
  1578 0.00000e+00 0.00000e+00
  1579 0.00000e+00 0.00000e+00
  1580 0.00000e+00 0.00000e+00
  1581 0.00000e+00 0.00000e+00
  1582 0.00000e+00 0.00000e+00
  1583 0.00000e+00 0.00000e+00
  1584 0.00000e+00 0.00000e+00
  1585 0.00000e+00 0.00000e+00
  1586 0.00000e+00 0.00000e+00
  1587 0.00000e+00 0.00000e+00
  1588 0.00000e+00 0.00000e+00
  1589 0.00000e+00 0.00000e+00
  1590 0.00000e+00 0.00000e+00
  1591 0.00000e+00 0.00000e+00
  1592 0.00000e+00 0.00000e+00
  1593 0.00000e+00 0.00000e+00
  1594 0.00000e+00 0.00000e+00
  1595 0.00000e+00 0.00000e+00
  1596 0.00000e+00 0.00000e+00
  1597 0.00000e+00 0.00000e+00
  1598 0.00000e+00 0.00000e+00
  1599 0.00000e+00 0.00000e+00
  1600 0.00000e+00 0.00000e+00
  1601 0.00000e+00 0.00000e+00
  1602 0.00000e+00 0.00000e+00
  1603 0.00000e+00 0.00000e+00
  1604 0.00000e+00 0.00000e+00
  1605 0.00000e+00 0.00000e+00
  1606 0.00000e+00 0.00000e+00
  1607 0.00000e+00 0.00000e+00
  1608 0.00000e+00 0.00000e+00
  1609 0.00000e+00 0.00000e+00
  1610 0.00000e+00 0.00000e+00
  1611 0.00000e+00 0.00000e+00
  1612 0.00000e+00 0.00000e+00
  1613 0.00000e+00 0.00000e+00
  1614 0.00000e+00 0.00000e+00
  1615 0.00000e+00 0.00000e+00
  1616 0.00000e+00 0.00000e+00
  1617 0.00000e+00 0.00000e+00
  1618 0.00000e+00 0.00000e+00
  1619 0.00000e+00 0.00000e+00
  1620 0.00000e+00 0.00000e+00
  1621 0.00000e+00 0.00000e+00
  1622 0.00000e+00 0.00000e+00
  1623 0.00000e+00 0.00000e+00
  1624 0.00000e+00 0.00000e+00
  1625 0.00000e+00 0.00000e+00
  1626 0.00000e+00 0.00000e+00
  1627 0.00000e+00 0.00000e+00
  1628 0.00000e+00 0.00000e+00
  1629 0.00000e+00 0.00000e+00
  1630 0.00000e+00 0.00000e+00
  1631 0.00000e+00 0.00000e+00
  1632 0.00000e+00 0.00000e+00
  1633 0.00000e+00 0.00000e+00
  1634 0.00000e+00 0.00000e+00
  1635 0.00000e+00 0.00000e+00
  1636 0.00000e+00 0.00000e+00
  1637 0.00000e+00 0.00000e+00
  1638 0.00000e+00 0.00000e+00
  1639 0.00000e+00 0.00000e+00
  1640 0.00000e+00 0.00000e+00
  1641 0.00000e+00 0.00000e+00
  1642 0.00000e+00 0.00000e+00
  1643 0.00000e+00 0.00000e+00
  1644 0.00000e+00 0.00000e+00
  1645 0.00000e+00 0.00000e+00
  1646 0.00000e+00 0.00000e+00
  1647 0.00000e+00 0.00000e+00
  1648 0.00000e+00 0.00000e+00
  1649 0.00000e+00 0.00000e+00
  1650 0.00000e+00 0.00000e+00
  1651 0.00000e+00 0.00000e+00
  1652 0.00000e+00 0.00000e+00
  1653 0.00000e+00 0.00000e+00
  1654 0.00000e+00 0.00000e+00
  1655 0.00000e+00 0.00000e+00
  1656 0.00000e+00 0.00000e+00
  1657 0.00000e+00 0.00000e+00
  1658 0.00000e+00 0.00000e+00
  1659 0.00000e+00 0.00000e+00
  1660 0.00000e+00 0.00000e+00
  1661 0.00000e+00 0.00000e+00
  1662 0.00000e+00 0.00000e+00
  1663 0.00000e+00 0.00000e+00
  1664 0.00000e+00 0.00000e+00
  1665 0.00000e+00 0.00000e+00
  1666 0.00000e+00 0.00000e+00
  1667 0.00000e+00 0.00000e+00
  1668 0.00000e+00 0.00000e+00
  1669 0.00000e+00 0.00000e+00
  1670 0.00000e+00 0.00000e+00
  1671 0.00000e+00 0.00000e+00
  1672 0.00000e+00 0.00000e+00
  1673 0.00000e+00 0.00000e+00
  1674 0.00000e+00 0.00000e+00
  1675 0.00000e+00 0.00000e+00
  1676 0.00000e+00 0.00000e+00
  1677 0.00000e+00 0.00000e+00
  1678 0.00000e+00 0.00000e+00
  1679 0.00000e+00 0.00000e+00
  1680 0.00000e+00 0.00000e+00
  1681 0.00000e+00 0.00000e+00
  1682 0.00000e+00 0.00000e+00
  1683 0.00000e+00 0.00000e+00
  1684 0.00000e+00 0.00000e+00
  1685 0.00000e+00 0.00000e+00
  1686 0.00000e+00 0.00000e+00
  1687 0.00000e+00 0.00000e+00
  1688 0.00000e+00 0.00000e+00
  1689 0.00000e+00 0.00000e+00
  1690 0.00000e+00 0.00000e+00
  1691 0.00000e+00 0.00000e+00
  1692 0.00000e+00 0.00000e+00
  1693 0.00000e+00 0.00000e+00
  1694 0.00000e+00 0.00000e+00
  1695 0.00000e+00 0.00000e+00
  1696 0.00000e+00 0.00000e+00
  1697 0.00000e+00 0.00000e+00
  1698 0.00000e+00 0.00000e+00
  1699 0.00000e+00 0.00000e+00
  1700 0.00000e+00 0.00000e+00
  1701 0.00000e+00 0.00000e+00
  1702 0.00000e+00 0.00000e+00
  1703 0.00000e+00 0.00000e+00
  1704 0.00000e+00 0.00000e+00
  1705 0.00000e+00 0.00000e+00
  1706 0.00000e+00 0.00000e+00
  1707 0.00000e+00 0.00000e+00
  1708 0.00000e+00 0.00000e+00
  1709 0.00000e+00 0.00000e+00
  1710 0.00000e+00 0.00000e+00
  1711 0.00000e+00 0.00000e+00
  1712 0.00000e+00 0.00000e+00
  1713 0.00000e+00 0.00000e+00
  1714 0.00000e+00 0.00000e+00
  1715 0.00000e+00 0.00000e+00
  1716 0.00000e+00 0.00000e+00
  1717 0.00000e+00 0.00000e+00
  1718 0.00000e+00 0.00000e+00
  1719 0.00000e+00 0.00000e+00
  1720 0.00000e+00 0.00000e+00
  1721 0.00000e+00 0.00000e+00
  1722 0.00000e+00 0.00000e+00
  1723 0.00000e+00 0.00000e+00
  1724 0.00000e+00 0.00000e+00
  1725 0.00000e+00 0.00000e+00
  1726 0.00000e+00 0.00000e+00
  1727 0.00000e+00 0.00000e+00
  1728 0.00000e+00 0.00000e+00
  1729 0.00000e+00 0.00000e+00
  1730 0.00000e+00 0.00000e+00
  1731 0.00000e+00 0.00000e+00
  1732 0.00000e+00 0.00000e+00
  1733 0.00000e+00 0.00000e+00
  1734 0.00000e+00 0.00000e+00
  1735 0.00000e+00 0.00000e+00
  1736 0.00000e+00 0.00000e+00
  1737 0.00000e+00 0.00000e+00
  1738 0.00000e+00 0.00000e+00
  1739 0.00000e+00 0.00000e+00
  1740 0.00000e+00 0.00000e+00
  1741 0.00000e+00 0.00000e+00
  1742 0.00000e+00 0.00000e+00
  1743 0.00000e+00 0.00000e+00
  1744 0.00000e+00 0.00000e+00
  1745 0.00000e+00 0.00000e+00
  1746 0.00000e+00 0.00000e+00
  1747 0.00000e+00 0.00000e+00
  1748 0.00000e+00 0.00000e+00
  1749 0.00000e+00 0.00000e+00
  1750 0.00000e+00 0.00000e+00
  1751 0.00000e+00 0.00000e+00
  1752 0.00000e+00 0.00000e+00
  1753 0.00000e+00 0.00000e+00
  1754 0.00000e+00 0.00000e+00
  1755 0.00000e+00 0.00000e+00
  1756 0.00000e+00 0.00000e+00
  1757 0.00000e+00 0.00000e+00
  1758 0.00000e+00 0.00000e+00
  1759 0.00000e+00 0.00000e+00
  1760 0.00000e+00 0.00000e+00
  1761 0.00000e+00 0.00000e+00
  1762 0.00000e+00 0.00000e+00
  1763 0.00000e+00 0.00000e+00
  1764 0.00000e+00 0.00000e+00
  1765 0.00000e+00 0.00000e+00
  1766 0.00000e+00 0.00000e+00
  1767 0.00000e+00 0.00000e+00
  1768 0.00000e+00 0.00000e+00
  1769 0.00000e+00 0.00000e+00
  1770 0.00000e+00 0.00000e+00
  1771 0.00000e+00 0.00000e+00
  1772 0.00000e+00 0.00000e+00
  1773 0.00000e+00 0.00000e+00
  1774 0.00000e+00 0.00000e+00
  1775 0.00000e+00 0.00000e+00
  1776 0.00000e+00 0.00000e+00
  1777 0.00000e+00 0.00000e+00
  1778 0.00000e+00 0.00000e+00
  1779 0.00000e+00 0.00000e+00
  1780 0.00000e+00 0.00000e+00
  1781 0.00000e+00 0.00000e+00
  1782 0.00000e+00 0.00000e+00
  1783 0.00000e+00 0.00000e+00
  1784 0.00000e+00 0.00000e+00
  1785 0.00000e+00 0.00000e+00
  1786 0.00000e+00 0.00000e+00
  1787 0.00000e+00 0.00000e+00
  1788 0.00000e+00 0.00000e+00
  1789 0.00000e+00 0.00000e+00
  1790 0.00000e+00 0.00000e+00
  1791 0.00000e+00 0.00000e+00
  1792 0.00000e+00 0.00000e+00
  1793 0.00000e+00 0.00000e+00
  1794 0.00000e+00 0.00000e+00
  1795 0.00000e+00 0.00000e+00
  1796 0.00000e+00 0.00000e+00
  1797 0.00000e+00 0.00000e+00
  1798 0.00000e+00 0.00000e+00
  1799 0.00000e+00 0.00000e+00
  1800 0.00000e+00 0.00000e+00
  1801 0.00000e+00 0.00000e+00
  1802 0.00000e+00 0.00000e+00
  1803 0.00000e+00 0.00000e+00
  1804 0.00000e+00 0.00000e+00
  1805 0.00000e+00 0.00000e+00
  1806 0.00000e+00 0.00000e+00
  1807 0.00000e+00 0.00000e+00
  1808 0.00000e+00 0.00000e+00
  1809 0.00000e+00 0.00000e+00
  1810 0.00000e+00 0.00000e+00
  1811 0.00000e+00 0.00000e+00
  1812 0.00000e+00 0.00000e+00
  1813 0.00000e+00 0.00000e+00
  1814 0.00000e+00 0.00000e+00
  1815 0.00000e+00 0.00000e+00
  1816 0.00000e+00 0.00000e+00
  1817 0.00000e+00 0.00000e+00
  1818 0.00000e+00 0.00000e+00
  1819 0.00000e+00 0.00000e+00
  1820 0.00000e+00 0.00000e+00
  1821 0.00000e+00 0.00000e+00
  1822 0.00000e+00 0.00000e+00
  1823 0.00000e+00 0.00000e+00
  1824 0.00000e+00 0.00000e+00
  1825 0.00000e+00 0.00000e+00
  1826 0.00000e+00 0.00000e+00
  1827 0.00000e+00 0.00000e+00
  1828 0.00000e+00 0.00000e+00
  1829 0.00000e+00 0.00000e+00
  1830 0.00000e+00 0.00000e+00
  1831 0.00000e+00 0.00000e+00
  1832 0.00000e+00 0.00000e+00
  1833 0.00000e+00 0.00000e+00
  1834 0.00000e+00 0.00000e+00
  1835 0.00000e+00 0.00000e+00
  1836 0.00000e+00 0.00000e+00
  1837 0.00000e+00 0.00000e+00
  1838 0.00000e+00 0.00000e+00
  1839 0.00000e+00 0.00000e+00
  1840 0.00000e+00 0.00000e+00
  1841 0.00000e+00 0.00000e+00
  1842 0.00000e+00 0.00000e+00
  1843 0.00000e+00 0.00000e+00
  1844 0.00000e+00 0.00000e+00
  1845 0.00000e+00 0.00000e+00
  1846 0.00000e+00 0.00000e+00
  1847 0.00000e+00 0.00000e+00
  1848 0.00000e+00 0.00000e+00
  1849 0.00000e+00 0.00000e+00
  1850 0.00000e+00 0.00000e+00
  1851 0.00000e+00 0.00000e+00
  1852 0.00000e+00 0.00000e+00
  1853 0.00000e+00 0.00000e+00
  1854 0.00000e+00 0.00000e+00
  1855 0.00000e+00 0.00000e+00
  1856 0.00000e+00 0.00000e+00
  1857 0.00000e+00 0.00000e+00
  1858 0.00000e+00 0.00000e+00
  1859 0.00000e+00 0.00000e+00
  1860 0.00000e+00 0.00000e+00
  1861 0.00000e+00 0.00000e+00
  1862 0.00000e+00 0.00000e+00
  1863 0.00000e+00 0.00000e+00
  1864 0.00000e+00 0.00000e+00
  1865 0.00000e+00 0.00000e+00
  1866 0.00000e+00 0.00000e+00
  1867 0.00000e+00 0.00000e+00
  1868 0.00000e+00 0.00000e+00
  1869 0.00000e+00 0.00000e+00
  1870 0.00000e+00 0.00000e+00
  1871 0.00000e+00 0.00000e+00
  1872 0.00000e+00 0.00000e+00
  1873 0.00000e+00 0.00000e+00
  1874 0.00000e+00 0.00000e+00
  1875 0.00000e+00 0.00000e+00
  1876 0.00000e+00 0.00000e+00
  1877 0.00000e+00 0.00000e+00
  1878 0.00000e+00 0.00000e+00
  1879 0.00000e+00 0.00000e+00
  1880 0.00000e+00 0.00000e+00
  1881 0.00000e+00 0.00000e+00
  1882 0.00000e+00 0.00000e+00
  1883 0.00000e+00 0.00000e+00
  1884 0.00000e+00 0.00000e+00
  1885 0.00000e+00 0.00000e+00
  1886 0.00000e+00 0.00000e+00
  1887 0.00000e+00 0.00000e+00
  1888 0.00000e+00 0.00000e+00
  1889 0.00000e+00 0.00000e+00
  1890 0.00000e+00 0.00000e+00
  1891 0.00000e+00 0.00000e+00
  1892 0.00000e+00 0.00000e+00
  1893 0.00000e+00 0.00000e+00
  1894 0.00000e+00 0.00000e+00
  1895 0.00000e+00 0.00000e+00
  1896 0.00000e+00 0.00000e+00
  1897 0.00000e+00 0.00000e+00
  1898 0.00000e+00 0.00000e+00
  1899 0.00000e+00 0.00000e+00
  1900 0.00000e+00 0.00000e+00
  1901 0.00000e+00 0.00000e+00
  1902 0.00000e+00 0.00000e+00
  1903 0.00000e+00 0.00000e+00
  1904 0.00000e+00 0.00000e+00
  1905 0.00000e+00 0.00000e+00
  1906 0.00000e+00 0.00000e+00
  1907 0.00000e+00 0.00000e+00
  1908 0.00000e+00 0.00000e+00
  1909 0.00000e+00 0.00000e+00
  1910 0.00000e+00 0.00000e+00
  1911 0.00000e+00 0.00000e+00
  1912 0.00000e+00 0.00000e+00
  1913 0.00000e+00 0.00000e+00
  1914 0.00000e+00 0.00000e+00
  1915 0.00000e+00 0.00000e+00
  1916 0.00000e+00 0.00000e+00
  1917 0.00000e+00 0.00000e+00
  1918 0.00000e+00 0.00000e+00
  1919 0.00000e+00 0.00000e+00
  1920 0.00000e+00 0.00000e+00
  1921 0.00000e+00 0.00000e+00
  1922 0.00000e+00 0.00000e+00
  1923 0.00000e+00 0.00000e+00
  1924 0.00000e+00 0.00000e+00
  1925 0.00000e+00 0.00000e+00
  1926 0.00000e+00 0.00000e+00
  1927 0.00000e+00 0.00000e+00
  1928 0.00000e+00 0.00000e+00
  1929 0.00000e+00 0.00000e+00
  1930 0.00000e+00 0.00000e+00
