1.000000e-04 5.307122e-01 4.640050e-01 5.323043e-05 1.729328e-04 6.370575e-04 4.623674e-04 2.661521e-05 1.242394e-04 7.749747e-03 8.369560e-03 1.067167e-02 1.089008e-02 
1.140625e-04 5.306310e-01 4.640059e-01 6.910194e-05 2.242478e-04 8.262842e-04 5.998103e-04 3.455097e-05 1.611796e-04 8.834417e-03 9.537606e-03 1.216546e-02 1.241072e-02 
1.301025e-04 5.307989e-01 4.639872e-01 8.963000e-05 2.906608e-04 1.070812e-03 7.769965e-04 4.481500e-05 2.088242e-04 1.006599e-02 1.086401e-02 1.385529e-02 1.414081e-02 
1.483982e-04 5.306724e-01 4.640158e-01 1.162515e-04 3.765828e-04 1.388706e-03 1.008493e-03 5.812575e-05 2.710224e-04 1.146694e-02 1.238061e-02 1.578494e-02 1.611209e-02 
1.692667e-04 5.308406e-01 4.640317e-01 1.507978e-04 4.888537e-04 1.802356e-03 1.308426e-03 7.539888e-05 3.516231e-04 1.306416e-02 1.410124e-02 1.797850e-02 1.835507e-02 
1.930698e-04 5.309057e-01 4.640942e-01 1.953219e-04 6.326191e-04 2.331449e-03 1.692255e-03 9.766095e-05 4.548383e-04 1.487221e-02 1.605811e-02 2.047498e-02 2.089603e-02 
2.202202e-04 5.308811e-01 4.640188e-01 2.528921e-04 8.179191e-04 3.018169e-03 2.192204e-03 1.264461e-04 5.891838e-04 1.694042e-02 1.828359e-02 2.331106e-02 2.379796e-02 
2.511886e-04 5.309599e-01 4.639569e-01 3.268773e-04 1.054486e-03 3.893255e-03 2.829378e-03 1.634386e-04 7.605479e-04 1.927346e-02 2.080345e-02 2.652295e-02 2.707028e-02 
2.865120e-04 5.310700e-01 4.640825e-01 4.225041e-04 1.360677e-03 5.030526e-03 3.657981e-03 2.112520e-04 9.833295e-04 2.193445e-02 2.367301e-02 3.017698e-02 3.080658e-02 
3.268028e-04 5.311806e-01 4.640517e-01 5.456627e-04 1.752507e-03 6.477734e-03 4.711090e-03 2.728314e-04 1.266792e-03 2.493858e-02 2.690962e-02 3.429975e-02 3.502666e-02 
3.727594e-04 5.311755e-01 4.640962e-01 7.043427e-04 2.256907e-03 8.350238e-03 6.075310e-03 3.521714e-04 1.633868e-03 2.835987e-02 3.060320e-02 3.900015e-02 3.983550e-02 
4.251786e-04 5.312734e-01 4.640018e-01 9.065966e-04 2.896697e-03 1.072735e-02 7.808915e-03 4.532983e-04 2.100285e-03 3.223242e-02 3.476683e-02 4.431240e-02 4.525320e-02 
4.849693e-04 5.314743e-01 4.642330e-01 1.166291e-03 3.715039e-03 1.376372e-02 1.002099e-02 5.831453e-04 2.696211e-03 3.657873e-02 3.947016e-02 5.028441e-02 5.138110e-02 
5.531681e-04 5.315978e-01 4.643194e-01 1.493510e-03 4.725757e-03 1.753677e-02 1.278199e-02 7.467552e-04 3.440603e-03 4.147188e-02 4.473421e-02 5.698363e-02 5.824198e-02 
6.309573e-04 5.318190e-01 4.644519e-01 1.909176e-03 6.005888e-03 2.232089e-02 1.628488e-02 9.545882e-04 4.385337e-03 4.696656e-02 5.066050e-02 6.453112e-02 6.594837e-02 
7.196857e-04 5.321326e-01 4.647075e-01 2.432569e-03 7.598591e-03 2.823137e-02 2.059984e-02 1.216285e-03 5.551461e-03 5.309374e-02 5.726202e-02 7.290807e-02 7.457228e-02 
8.208914e-04 5.325604e-01 4.651430e-01 3.081852e-03 9.535879e-03 3.545069e-02 2.587437e-02 1.540926e-03 6.979773e-03 5.985926e-02 6.454668e-02 8.219792e-02 8.406340e-02 
9.363292e-04 5.331521e-01 4.658605e-01 3.888193e-03 1.188603e-02 4.420842e-02 3.227489e-02 1.944097e-03 8.717493e-03 6.732185e-02 7.257788e-02 9.240387e-02 9.457598e-02 
1.068000e-03 5.338143e-01 4.665149e-01 4.885362e-03 1.475147e-02 5.486443e-02 4.006506e-02 2.442681e-03 1.083642e-02 7.554689e-02 8.144783e-02 1.036682e-01 1.061631e-01 
1.218188e-03 5.348158e-01 4.675105e-01 6.102067e-03 1.817146e-02 6.758667e-02 4.935220e-02 3.051034e-03 1.337020e-02 8.449731e-02 9.108443e-02 1.159262e-01 1.187513e-01 
1.389495e-03 5.357881e-01 4.687349e-01 7.562621e-03 2.216541e-02 8.239025e-02 6.014982e-02 3.781311e-03 1.632663e-02 9.414155e-02 1.014771e-01 1.291287e-01 1.323840e-01 
1.584893e-03 5.370184e-01 4.701170e-01 9.318395e-03 2.689328e-02 9.972318e-02 7.272343e-02 4.659198e-03 1.978280e-02 1.044519e-01 1.126246e-01 1.432628e-01 1.470129e-01 
1.807769e-03 5.384383e-01 4.718055e-01 1.140598e-02 3.233536e-02 1.196116e-01 8.710410e-02 5.702988e-03 2.375640e-02 1.154767e-01 1.245233e-01 1.583718e-01 1.626646e-01 
2.061986e-03 5.400598e-01 4.736277e-01 1.385469e-02 3.857695e-02 1.423306e-01 1.035149e-01 6.927343e-03 2.830777e-02 1.271104e-01 1.371058e-01 1.743721e-01 1.792015e-01 
2.351953e-03 5.416614e-01 4.757974e-01 1.669990e-02 4.567635e-02 1.677518e-01 1.217159e-01 8.349948e-03 3.338699e-02 1.392853e-01 1.502678e-01 1.911175e-01 1.965923e-01 
2.682696e-03 5.435721e-01 4.782016e-01 1.999991e-02 5.371316e-02 1.962691e-01 1.419892e-01 9.999953e-03 3.907947e-02 1.519641e-01 1.640946e-01 2.086700e-01 2.148289e-01 
3.059950e-03 5.454355e-01 4.805980e-01 2.378450e-02 6.278840e-02 2.280285e-01 1.644391e-01 1.189225e-02 4.541444e-02 1.651392e-01 1.784702e-01 2.269271e-01 2.338564e-01 
3.490255e-03 5.474488e-01 4.833570e-01 2.807439e-02 7.283610e-02 2.626419e-01 1.886110e-01 1.403720e-02 5.228974e-02 1.786895e-01 1.932851e-01 2.458179e-01 2.534832e-01 
3.981072e-03 5.495551e-01 4.863827e-01 3.294052e-02 8.401650e-02 3.008194e-01 2.151592e-01 1.647026e-02 5.988555e-02 1.927074e-01 2.086290e-01 2.653692e-01 2.738969e-01 
4.540910e-03 5.514417e-01 4.891467e-01 3.842858e-02 9.649077e-02 3.428394e-01 2.440818e-01 1.921429e-02 6.820442e-02 2.071262e-01 2.245481e-01 2.856256e-01 2.950178e-01 
5.179475e-03 5.534037e-01 4.922573e-01 4.450313e-02 1.100221e-01 3.878056e-01 2.748117e-01 2.225156e-02 7.711484e-02 2.218000e-01 2.407433e-01 3.063274e-01 3.165775e-01 
5.907838e-03 5.553155e-01 4.954076e-01 5.134818e-02 1.251299e-01 4.370554e-01 3.079296e-01 2.567409e-02 8.679064e-02 2.369113e-01 2.575586e-01 3.277252e-01 3.390606e-01 
6.738627e-03 5.570353e-01 4.983445e-01 5.882737e-02 1.413756e-01 4.892790e-01 3.427064e-01 2.941368e-02 9.702902e-02 2.522077e-01 2.746484e-01 3.496654e-01 3.617333e-01 
7.686246e-03 5.588723e-01 5.015095e-01 6.722542e-02 1.594606e-01 5.467290e-01 3.806350e-01 3.361271e-02 1.082609e-01 2.680949e-01 2.924021e-01 3.723495e-01 3.855305e-01 
8.767124e-03 5.605400e-01 5.046643e-01 7.647618e-02 1.791635e-01 6.083033e-01 4.207103e-01 3.823809e-02 1.202361e-01 2.842323e-01 3.106721e-01 3.956520e-01 4.099513e-01 
1.000000e-02 5.620791e-01 5.077205e-01 8.661117e-02 2.004546e-01 6.736382e-01 4.625724e-01 4.330559e-02 1.328692e-01 3.006839e-01 3.293724e-01 4.195926e-01 4.349232e-01 
1.140625e-02 5.636409e-01 5.109807e-01 9.782041e-02 2.236605e-01 7.438677e-01 5.071233e-01 4.891020e-02 1.464420e-01 3.175711e-01 3.484968e-01 4.441571e-01 4.606607e-01 
1.301025e-02 5.651780e-01 5.142137e-01 1.102227e-01 2.490497e-01 8.194341e-01 5.542966e-01 5.511137e-02 1.609508e-01 3.350013e-01 3.683634e-01 4.695618e-01 4.875024e-01 
1.483982e-02 5.665850e-01 5.174529e-01 1.237819e-01 2.766334e-01 9.005473e-01 6.043312e-01 6.189094e-02 1.764679e-01 3.528023e-01 3.887903e-01 4.956002e-01 5.152016e-01 
1.692667e-02 5.680017e-01 5.208457e-01 1.387068e-01 3.065787e-01 9.868907e-01 6.566604e-01 6.935339e-02 1.929091e-01 3.709878e-01 4.098271e-01 5.225173e-01 5.436192e-01 
1.930698e-02 5.693857e-01 5.242740e-01 1.552096e-01 3.393955e-01 1.080407e+00 7.125459e-01 7.760479e-02 2.106501e-01 3.897032e-01 4.317016e-01 5.504131e-01 5.732106e-01 
2.202202e-02 5.706913e-01 5.276707e-01 1.733900e-01 3.752102e-01 1.181064e+00 7.718355e-01 8.669500e-02 2.296629e-01 4.089348e-01 4.545371e-01 5.791764e-01 6.041927e-01 
2.511886e-02 5.721027e-01 5.312154e-01 1.933475e-01 4.142634e-01 1.290157e+00 8.355796e-01 9.667373e-02 2.502711e-01 4.287456e-01 4.782733e-01 6.090108e-01 6.362469e-01 
2.865120e-02 5.737108e-01 5.348760e-01 2.154570e-01 4.567698e-01 1.407227e+00 9.029272e-01 1.077285e-01 2.723280e-01 4.491263e-01 5.028330e-01 6.397217e-01 6.695715e-01 
3.268028e-02 5.751903e-01 5.385408e-01 2.398497e-01 5.035140e-01 1.534441e+00 9.750601e-01 1.199249e-01 2.962086e-01 4.702439e-01 5.285000e-01 6.717162e-01 7.044903e-01 
3.727594e-02 5.767963e-01 5.423179e-01 2.670712e-01 5.550811e-01 1.673224e+00 1.052547e+00 1.335356e-01 3.221741e-01 4.922254e-01 5.553918e-01 7.049032e-01 7.413125e-01 
4.251786e-02 5.783485e-01 5.464825e-01 2.972020e-01 6.115426e-01 1.821960e+00 1.133264e+00 1.486010e-01 3.497855e-01 5.145300e-01 5.834928e-01 7.392750e-01 7.796381e-01 
4.849693e-02 5.799090e-01 5.505515e-01 3.304723e-01 6.731179e-01 1.982830e+00 1.219220e+00 1.652361e-01 3.796283e-01 5.378329e-01 6.127897e-01 7.755474e-01 8.193509e-01 
5.531681e-02 5.814516e-01 5.549043e-01 3.677410e-01 7.410285e-01 2.157854e+00 1.311016e+00 1.838705e-01 4.120193e-01 5.619561e-01 6.436405e-01 8.134740e-01 8.611665e-01 
6.309573e-02 5.831623e-01 5.594170e-01 4.089745e-01 8.152244e-01 2.346030e+00 1.407606e+00 2.044873e-01 4.467551e-01 5.867199e-01 6.759057e-01 8.535764e-01 9.040846e-01 
7.196857e-02 5.849040e-01 5.641828e-01 4.545728e-01 8.956959e-01 2.547603e+00 1.508033e+00 2.272864e-01 4.838740e-01 6.124347e-01 7.093007e-01 8.954178e-01 9.485899e-01 
8.208914e-02 5.866406e-01 5.689283e-01 5.047497e-01 9.838729e-01 2.765360e+00 1.613135e+00 2.523749e-01 5.236086e-01 6.391452e-01 7.438851e-01 9.391624e-01 9.948550e-01 
9.363292e-02 5.885269e-01 5.738788e-01 5.600596e-01 1.079299e+00 2.998683e+00 1.723136e+00 2.800298e-01 5.662418e-01 6.671385e-01 7.792836e-01 9.852225e-01 1.042057e+00 
1.068000e-01 5.903702e-01 5.787949e-01 6.215222e-01 1.184762e+00 3.254726e+00 1.841551e+00 3.107611e-01 6.129043e-01 6.965470e-01 8.166911e-01 1.034155e+00 1.091524e+00 
1.218188e-01 5.924877e-01 5.838536e-01 6.896171e-01 1.300013e+00 3.532752e+00 1.968422e+00 3.448086e-01 6.637470e-01 7.270630e-01 8.562122e-01 1.085954e+00 1.142770e+00 
1.389495e-01 5.942589e-01 5.886191e-01 7.645568e-01 1.427407e+00 3.838694e+00 2.106933e+00 3.822784e-01 7.195065e-01 7.588555e-01 8.980067e-01 1.140882e+00 1.196271e+00 
1.584893e-01 5.959448e-01 5.933258e-01 8.468094e-01 1.567121e+00 4.174874e+00 2.259177e+00 4.234047e-01 7.807705e-01 7.918093e-01 9.418974e-01 1.198515e+00 1.251843e+00 
1.807769e-01 5.978383e-01 5.973756e-01 9.351873e-01 1.714929e+00 4.536645e+00 2.426900e+00 4.675936e-01 8.478037e-01 8.258938e-01 9.874684e-01 1.258272e+00 1.308236e+00 
2.061986e-01 6.000302e-01 6.012267e-01 1.029602e+00 1.869595e+00 4.915965e+00 2.603948e+00 5.148012e-01 9.190849e-01 8.610542e-01 1.033270e+00 1.319338e+00 1.364549e+00 
2.351953e-01 6.021157e-01 6.047281e-01 1.129759e+00 2.029868e+00 5.308896e+00 2.787790e+00 5.648796e-01 9.939129e-01 8.974992e-01 1.078700e+00 1.382463e+00 1.419801e+00 
2.682696e-01 6.045750e-01 6.080682e-01 1.233390e+00 2.187497e+00 5.700082e+00 2.976624e+00 6.166948e-01 1.071024e+00 9.351703e-01 1.121552e+00 1.443430e+00 1.474081e+00 
3.059950e-01 6.068104e-01 6.111253e-01 1.335905e+00 2.338872e+00 6.074371e+00 3.155798e+00 6.679526e-01 1.145839e+00 9.730981e-01 1.159516e+00 1.501906e+00 1.524002e+00 
3.490255e-01 6.088545e-01 6.135520e-01 1.430018e+00 2.473183e+00 6.412001e+00 3.321462e+00 7.150092e-01 1.215251e+00 1.011041e+00 1.189243e+00 1.555979e+00 1.565475e+00 
3.981072e-01 6.111800e-01 6.148124e-01 1.508496e+00 2.584093e+00 6.697778e+00 3.468974e+00 7.542482e-01 1.275058e+00 1.047318e+00 1.208878e+00 1.602428e+00 1.596286e+00 
4.540910e-01 6.134904e-01 6.142245e-01 1.561528e+00 2.655117e+00 6.903439e+00 3.598284e+00 7.807638e-01 1.321341e+00 1.078700e+00 1.217582e+00 1.637071e+00 1.613464e+00 
5.179475e-01 6.153141e-01 6.121531e-01 1.578461e+00 2.666864e+00 6.972546e+00 3.671230e+00 7.892307e-01 1.342122e+00 1.100269e+00 1.212066e+00 1.655392e+00 1.611261e+00 
5.907838e-01 6.170047e-01 6.109049e-01 1.555684e+00 2.613438e+00 6.865951e+00 3.646597e+00 7.778420e-01 1.328032e+00 1.107006e+00 1.191100e+00 1.653935e+00 1.587015e+00 
6.738627e-01 6.180023e-01 6.098790e-01 1.490262e+00 2.496257e+00 6.589401e+00 3.528358e+00 7.451308e-01 1.278602e+00 1.093913e+00 1.156271e+00 1.627449e+00 1.541694e+00 
7.686246e-01 6.168614e-01 6.089592e-01 1.396330e+00 2.352257e+00 6.211192e+00 3.324699e+00 6.981651e-01 1.202056e+00 1.055470e+00 1.121007e+00 1.575081e+00 1.490849e+00 
8.767124e-01 6.120817e-01 6.064279e-01 1.303161e+00 2.220368e+00 5.851776e+00 3.119269e+00 6.515804e-01 1.126251e+00 9.973499e-01 1.094859e+00 1.495789e+00 1.455197e+00 
