1.000000e-04 5.181254e-01 4.614429e-01 5.932013e-05 2.092853e-04 7.393646e-04 5.232172e-04 2.966007e-05 1.403567e-04 8.029479e-03 8.919349e-03 1.128635e-02 1.158469e-02 
1.140625e-04 5.181562e-01 4.614824e-01 7.693208e-05 2.715685e-04 9.595825e-04 6.791684e-04 3.846604e-05 1.821741e-04 9.149923e-03 1.016485e-02 1.286099e-02 1.320319e-02 
1.301025e-04 5.182618e-01 4.615443e-01 9.978054e-05 3.518473e-04 1.243008e-03 8.795872e-04 4.989027e-05 2.359697e-04 1.042304e-02 1.157713e-02 1.464701e-02 1.503997e-02 
1.483982e-04 5.181287e-01 4.614749e-01 1.291259e-04 4.555378e-04 1.609777e-03 1.139609e-03 6.456293e-05 3.056935e-04 1.187251e-02 1.318417e-02 1.668509e-02 1.712720e-02 
1.692667e-04 5.181628e-01 4.613572e-01 1.674862e-04 5.897063e-04 2.085700e-03 1.477406e-03 8.374309e-05 3.963201e-04 1.352325e-02 1.501580e-02 1.900078e-02 1.950403e-02 
1.930698e-04 5.183132e-01 4.613775e-01 2.164843e-04 7.624133e-04 2.697186e-03 1.910176e-03 1.082422e-04 5.124234e-04 1.539201e-02 1.709031e-02 2.162429e-02 2.219670e-02 
2.202202e-04 5.183109e-01 4.613448e-01 2.798292e-04 9.851478e-04 3.487169e-03 2.470910e-03 1.399146e-04 6.628156e-04 1.751624e-02 1.945804e-02 2.461517e-02 2.526327e-02 
2.511886e-04 5.183173e-01 4.614124e-01 3.618081e-04 1.272992e-03 4.509951e-03 3.197130e-03 1.809040e-04 8.575859e-04 1.994831e-02 2.214309e-02 2.801225e-02 2.876421e-02 
2.865120e-04 5.182203e-01 4.611192e-01 4.664445e-04 1.637574e-03 5.804363e-03 4.116257e-03 2.332223e-04 1.104260e-03 2.268219e-02 2.517764e-02 3.185152e-02 3.270127e-02 
3.268028e-04 5.184369e-01 4.612410e-01 6.014024e-04 2.110274e-03 7.487816e-03 5.314899e-03 3.007012e-04 1.425684e-03 2.579464e-02 2.863533e-02 3.621093e-02 3.718962e-02 
3.727594e-04 5.183834e-01 4.610491e-01 7.734786e-04 2.707637e-03 9.607224e-03 6.819171e-03 3.867393e-04 1.829691e-03 2.930502e-02 3.252185e-02 4.112225e-02 4.224857e-02 
4.251786e-04 5.185202e-01 4.611142e-01 9.941013e-04 3.470110e-03 1.233473e-02 8.764441e-03 4.970507e-04 2.351623e-03 3.327370e-02 3.692993e-02 4.669308e-02 4.795889e-02 
4.849693e-04 5.186057e-01 4.611179e-01 1.273132e-03 4.427794e-03 1.577027e-02 1.121867e-02 6.365662e-04 3.010568e-03 3.775564e-02 4.188773e-02 5.295823e-02 5.439553e-02 
5.531681e-04 5.187673e-01 4.611307e-01 1.625555e-03 5.636216e-03 2.008610e-02 1.429506e-02 8.127776e-04 3.837206e-03 4.278354e-02 4.745565e-02 5.999852e-02 6.162227e-02 
6.309573e-04 5.189705e-01 4.611413e-01 2.069307e-03 7.127682e-03 2.544180e-02 1.812642e-02 1.034653e-03 4.867815e-03 4.842509e-02 5.368391e-02 6.786493e-02 6.972391e-02 
7.196857e-04 5.192319e-01 4.613731e-01 2.623558e-03 8.965220e-03 3.203128e-02 2.284100e-02 1.311779e-03 6.137896e-03 5.465850e-02 6.057871e-02 7.656945e-02 7.869449e-02 
8.208914e-04 5.196729e-01 4.615929e-01 3.310999e-03 1.121722e-02 4.015835e-02 2.867465e-02 1.655499e-03 7.710363e-03 6.161236e-02 6.826992e-02 8.625255e-02 8.868940e-02 
9.363292e-04 5.204187e-01 4.623059e-01 4.160931e-03 1.392939e-02 4.996966e-02 3.572849e-02 2.080465e-03 9.617179e-03 6.924513e-02 7.670279e-02 9.691388e-02 9.963560e-02 
1.068000e-03 5.210078e-01 4.627570e-01 5.198253e-03 1.721148e-02 6.180165e-02 4.421368e-02 2.599127e-03 1.191376e-02 7.761714e-02 8.598962e-02 1.086246e-01 1.116665e-01 
1.218188e-03 5.221216e-01 4.637515e-01 6.456399e-03 2.101190e-02 7.549904e-02 5.404877e-02 3.228199e-03 1.458933e-02 8.666499e-02 9.593568e-02 1.212153e-01 1.246249e-01 
1.389495e-03 5.232137e-01 4.648105e-01 7.974090e-03 2.554787e-02 9.190469e-02 6.585407e-02 3.987045e-03 1.780349e-02 9.648147e-02 1.067632e-01 1.349012e-01 1.386890e-01 
1.584893e-03 5.246259e-01 4.661065e-01 9.782445e-03 3.076813e-02 1.106271e-01 7.926236e-02 4.891222e-03 2.147367e-02 1.069191e-01 1.182889e-01 1.494218e-01 1.537365e-01 
1.807769e-03 5.263815e-01 4.676840e-01 1.191701e-02 3.681461e-02 1.322531e-01 9.472073e-02 5.958503e-03 2.571926e-02 1.180795e-01 1.306120e-01 1.649608e-01 1.698081e-01 
2.061986e-03 5.280444e-01 4.695007e-01 1.442470e-02 4.368136e-02 1.567376e-01 1.122131e-01 7.212351e-03 3.054657e-02 1.298495e-01 1.435834e-01 1.813694e-01 1.867578e-01 
2.351953e-03 5.301619e-01 4.716482e-01 1.733922e-02 5.147921e-02 1.840970e-01 1.315598e-01 8.669609e-03 3.591663e-02 1.420858e-01 1.572092e-01 1.985595e-01 2.045053e-01 
2.682696e-03 5.322697e-01 4.739292e-01 2.070908e-02 6.022746e-02 2.147586e-01 1.532222e-01 1.035454e-02 4.196121e-02 1.549184e-01 1.714645e-01 2.165834e-01 2.231061e-01 
3.059950e-03 5.344611e-01 4.763512e-01 2.455187e-02 7.004426e-02 2.486758e-01 1.770018e-01 1.227593e-02 4.862944e-02 1.682732e-01 1.862736e-01 2.353122e-01 2.425393e-01 
3.490255e-03 5.368548e-01 4.788495e-01 2.893099e-02 8.094454e-02 2.862465e-01 2.032963e-01 1.446549e-02 5.603912e-02 1.820505e-01 2.016435e-01 2.547589e-01 2.625933e-01 
3.981072e-03 5.391874e-01 4.818810e-01 3.391455e-02 9.317728e-02 3.274770e-01 2.317005e-01 1.695728e-02 6.410660e-02 1.962043e-01 2.175285e-01 2.748369e-01 2.834951e-01 
4.540910e-03 5.415389e-01 4.846455e-01 3.946998e-02 1.065531e-01 3.720889e-01 2.622915e-01 1.973499e-02 7.283989e-02 2.107025e-01 2.338602e-01 2.954603e-01 3.049131e-01 
5.179475e-03 5.437459e-01 4.874668e-01 4.572889e-02 1.213538e-01 4.211707e-01 2.957590e-01 2.286444e-02 8.244450e-02 2.257569e-01 2.508044e-01 3.168874e-01 3.272317e-01 
5.907838e-03 5.458874e-01 4.905157e-01 5.270145e-02 1.376423e-01 4.744184e-01 3.316965e-01 2.635073e-02 9.282599e-02 2.410631e-01 2.682031e-01 3.388394e-01 3.501563e-01 
6.738627e-03 5.479692e-01 4.933959e-01 6.040328e-02 1.554667e-01 5.317979e-01 3.700046e-01 3.020164e-02 1.039603e-01 2.567842e-01 2.860760e-01 3.613531e-01 3.738739e-01 
7.686246e-03 5.499552e-01 4.964649e-01 6.901316e-02 1.750426e-01 5.939315e-01 4.110023e-01 3.450658e-02 1.159742e-01 2.729833e-01 3.045572e-01 3.848358e-01 3.982681e-01 
8.767124e-03 5.518810e-01 4.994338e-01 7.842724e-02 1.962661e-01 6.602257e-01 4.541812e-01 3.921362e-02 1.287193e-01 2.894485e-01 3.233639e-01 4.087739e-01 4.232239e-01 
1.000000e-02 5.536525e-01 5.025118e-01 8.890689e-02 2.195085e-01 7.318686e-01 5.003618e-01 4.445344e-02 1.424617e-01 3.064203e-01 3.428620e-01 4.335973e-01 4.491009e-01 
1.140625e-02 5.552870e-01 5.055701e-01 1.004873e-01 2.452073e-01 8.101984e-01 5.502669e-01 5.024365e-02 1.573923e-01 3.238957e-01 3.630407e-01 4.592162e-01 4.760291e-01 
1.301025e-02 5.569445e-01 5.086700e-01 1.130878e-01 2.726809e-01 8.921448e-01 6.014800e-01 5.654388e-02 1.729078e-01 3.416137e-01 3.835065e-01 4.852034e-01 5.035715e-01 
1.483982e-02 5.585603e-01 5.119020e-01 1.270417e-01 3.027599e-01 9.803253e-01 6.557175e-01 6.352085e-02 1.895186e-01 3.598999e-01 4.046759e-01 5.121599e-01 5.321320e-01 
1.692667e-02 5.599752e-01 5.151055e-01 1.423239e-01 3.351556e-01 1.074661e+00 7.133426e-01 7.116193e-02 2.072945e-01 3.785649e-01 4.264822e-01 5.398917e-01 5.614989e-01 
1.930698e-02 5.616081e-01 5.185025e-01 1.591973e-01 3.701484e-01 1.174728e+00 7.732380e-01 7.959864e-02 2.260362e-01 3.977113e-01 4.489859e-01 5.683468e-01 5.920400e-01 
2.202202e-02 5.629554e-01 5.219381e-01 1.776034e-01 4.078771e-01 1.280618e+00 8.354290e-01 8.880172e-02 2.457812e-01 4.172125e-01 4.720819e-01 5.976042e-01 6.234457e-01 
2.511886e-02 5.645754e-01 5.255573e-01 1.977093e-01 4.480804e-01 1.391907e+00 8.996602e-01 9.885466e-02 2.664919e-01 4.370349e-01 4.956652e-01 6.272558e-01 6.557273e-01 
2.865120e-02 5.660731e-01 5.292524e-01 2.199301e-01 4.909777e-01 1.508515e+00 9.655577e-01 1.099651e-01 2.882027e-01 4.573538e-01 5.200137e-01 6.580879e-01 6.888567e-01 
3.268028e-02 5.679025e-01 5.331530e-01 2.440279e-01 5.364564e-01 1.630840e+00 1.033641e+00 1.220139e-01 3.110062e-01 4.778300e-01 5.449740e-01 6.893072e-01 7.227862e-01 
3.727594e-02 5.699585e-01 5.373129e-01 2.706327e-01 5.852639e-01 1.760302e+00 1.104250e+00 1.353163e-01 3.351614e-01 4.989950e-01 5.705721e-01 7.215251e-01 7.577547e-01 
4.251786e-02 5.720650e-01 5.414287e-01 2.996651e-01 6.374850e-01 1.897496e+00 1.178079e+00 1.498326e-01 3.608329e-01 5.207359e-01 5.968837e-01 7.545719e-01 7.937936e-01 
4.849693e-02 5.745453e-01 5.456141e-01 3.314305e-01 6.927739e-01 2.041642e+00 1.255239e+00 1.657153e-01 3.881305e-01 5.429685e-01 6.239247e-01 7.883876e-01 8.306345e-01 
5.531681e-02 5.772200e-01 5.501081e-01 3.665182e-01 7.523953e-01 2.195020e+00 1.335428e+00 1.832591e-01 4.172180e-01 5.659427e-01 6.516612e-01 8.230960e-01 8.688985e-01 
6.309573e-02 5.800112e-01 5.548720e-01 4.051622e-01 8.169764e-01 2.359213e+00 1.419498e+00 2.025811e-01 4.483772e-01 5.897325e-01 6.805686e-01 8.593044e-01 9.086300e-01 
7.196857e-02 5.830238e-01 5.598765e-01 4.476856e-01 8.861347e-01 2.532675e+00 1.506247e+00 2.238428e-01 4.815034e-01 6.142401e-01 7.103372e-01 8.966179e-01 9.496892e-01 
8.208914e-02 5.857728e-01 5.648081e-01 4.941665e-01 9.611371e-01 2.720643e+00 1.599277e+00 2.470832e-01 5.174428e-01 6.397606e-01 7.416140e-01 9.355376e-01 9.928613e-01 
9.363292e-02 5.888151e-01 5.698960e-01 5.456128e-01 1.041752e+00 2.922848e+00 1.699039e+00 2.728064e-01 5.566422e-01 6.661936e-01 7.740074e-01 9.756359e-01 1.037473e+00 
1.068000e-01 5.919452e-01 5.750807e-01 6.020031e-01 1.128725e+00 3.140606e+00 1.806339e+00 3.010015e-01 5.991886e-01 6.936793e-01 8.074887e-01 1.017371e+00 1.083560e+00 
1.218188e-01 5.949651e-01 5.802797e-01 6.642007e-01 1.224547e+00 3.378449e+00 1.921526e+00 3.321003e-01 6.455355e-01 7.227680e-01 8.420825e-01 1.061858e+00 1.131028e+00 
1.389495e-01 5.981428e-01 5.854413e-01 7.327824e-01 1.328726e+00 3.636554e+00 2.045997e+00 3.663912e-01 6.962394e-01 7.533925e-01 8.777008e-01 1.108900e+00 1.179384e+00 
1.584893e-01 6.011812e-01 5.903461e-01 8.077447e-01 1.443181e+00 3.918482e+00 2.180503e+00 4.038723e-01 7.514399e-01 7.862293e-01 9.142104e-01 1.158355e+00 1.229876e+00 
1.807769e-01 6.042968e-01 5.955466e-01 8.899313e-01 1.568760e+00 4.222075e+00 2.319142e+00 4.449657e-01 8.101229e-01 8.202686e-01 9.519027e-01 1.211144e+00 1.281141e+00 
2.061986e-01 6.073519e-01 6.004211e-01 9.787284e-01 1.704855e+00 4.548859e+00 2.466117e+00 4.893642e-01 8.728372e-01 8.553044e-01 9.907972e-01 1.267210e+00 1.332517e+00 
2.351953e-01 6.102841e-01 6.056018e-01 1.075468e+00 1.852877e+00 4.901075e+00 2.621263e+00 5.377342e-01 9.400479e-01 8.910371e-01 1.031521e+00 1.326895e+00 1.384703e+00 
2.682696e-01 6.134414e-01 6.106504e-01 1.177156e+00 2.009099e+00 5.273823e+00 2.786338e+00 5.885780e-01 1.011173e+00 9.269480e-01 1.073202e+00 1.389748e+00 1.435186e+00 
3.059950e-01 6.159993e-01 6.147799e-01 1.280907e+00 2.169522e+00 5.658570e+00 2.958108e+00 6.404536e-01 1.084983e+00 9.631945e-01 1.114250e+00 1.453979e+00 1.483239e+00 
3.490255e-01 6.175006e-01 6.178741e-01 1.380643e+00 2.326828e+00 6.036004e+00 3.127121e+00 6.903216e-01 1.157280e+00 9.977388e-01 1.152612e+00 1.516866e+00 1.526177e+00 
3.981072e-01 6.181463e-01 6.202172e-01 1.471369e+00 2.471750e+00 6.387233e+00 3.284066e+00 7.356847e-01 1.224265e+00 1.029984e+00 1.186085e+00 1.576484e+00 1.561973e+00 
4.540910e-01 6.182918e-01 6.210297e-01 1.539538e+00 2.581701e+00 6.665624e+00 3.416779e+00 7.697691e-01 1.277796e+00 1.058197e+00 1.209005e+00 1.625885e+00 1.585478e+00 
5.179475e-01 6.177719e-01 6.202173e-01 1.577847e+00 2.646031e+00 6.836556e+00 3.507358e+00 7.889237e-01 1.310718e+00 1.080201e+00 1.218342e+00 1.658646e+00 1.596799e+00 
5.907838e-01 6.178035e-01 6.194891e-01 1.581535e+00 2.649247e+00 6.849265e+00 3.520987e+00 7.907673e-01 1.314542e+00 1.092344e+00 1.210491e+00 1.666936e+00 1.593648e+00 
6.738627e-01 6.194083e-01 6.199727e-01 1.545418e+00 2.575528e+00 6.659813e+00 3.428724e+00 7.727091e-01 1.281502e+00 1.086186e+00 1.185184e+00 1.646318e+00 1.568166e+00 
7.686246e-01 6.206798e-01 6.194520e-01 1.463527e+00 2.426617e+00 6.286346e+00 3.251106e+00 7.317636e-01 1.213711e+00 1.055311e+00 1.146714e+00 1.588869e+00 1.524480e+00 
8.767124e-01 6.177419e-01 6.142084e-01 1.334514e+00 2.227463e+00 5.804017e+00 3.027770e+00 6.672571e-01 1.120475e+00 9.934659e-01 1.104376e+00 1.496113e+00 1.466280e+00 
