1.000000e-04 5.166985e-01 4.621906e-01 6.582016e-05 2.330108e-04 8.158021e-04 5.736179e-04 3.291008e-05 1.540154e-04 8.444714e-03 9.414292e-03 1.199531e-02 1.214278e-02 
1.140625e-04 5.167573e-01 4.621005e-01 8.522305e-05 3.014342e-04 1.056111e-03 7.430633e-04 4.261152e-05 1.995025e-04 9.618370e-03 1.072012e-02 1.365401e-02 1.383188e-02 
1.301025e-04 5.167516e-01 4.621561e-01 1.105504e-04 3.912301e-04 1.370612e-03 9.643182e-04 5.527522e-05 2.588946e-04 1.096072e-02 1.221497e-02 1.556598e-02 1.575488e-02 
1.483982e-04 5.167465e-01 4.620584e-01 1.432776e-04 5.061017e-04 1.774478e-03 1.249160e-03 7.163879e-05 3.353823e-04 1.248472e-02 1.391224e-02 1.772510e-02 1.794529e-02 
1.692667e-04 5.168630e-01 4.620987e-01 1.854711e-04 6.548615e-04 2.296625e-03 1.616669e-03 9.273555e-05 4.340948e-04 1.421160e-02 1.583999e-02 2.017734e-02 2.042961e-02 
1.930698e-04 5.167388e-01 4.620163e-01 2.401643e-04 8.468764e-04 2.971822e-03 2.093171e-03 1.200822e-04 5.620292e-04 1.618633e-02 1.802939e-02 2.297491e-02 2.325809e-02 
2.202202e-04 5.169485e-01 4.621086e-01 3.102794e-04 1.093774e-03 3.837498e-03 2.702458e-03 1.551397e-04 7.257193e-04 1.841197e-02 2.051412e-02 2.613204e-02 2.646173e-02 
2.511886e-04 5.169374e-01 4.619987e-01 4.007947e-04 1.410952e-03 4.953196e-03 3.489457e-03 2.003973e-04 9.370434e-04 2.095365e-02 2.333899e-02 2.973083e-02 3.010637e-02 
2.865120e-04 5.169992e-01 4.619106e-01 5.170081e-04 1.814906e-03 6.384174e-03 4.502437e-03 2.585041e-04 1.209130e-03 2.383449e-02 2.653931e-02 3.380411e-02 3.423445e-02 
3.268028e-04 5.169732e-01 4.618243e-01 6.660307e-04 2.339451e-03 8.233819e-03 5.808339e-03 3.330154e-04 1.559713e-03 2.709887e-02 3.018257e-02 3.844352e-02 3.892162e-02 
3.727594e-04 5.172499e-01 4.619032e-01 8.563629e-04 2.993489e-03 1.055463e-02 7.456876e-03 4.281814e-04 2.002708e-03 3.077717e-02 3.426586e-02 4.363573e-02 4.418876e-02 
4.251786e-04 5.171207e-01 4.616909e-01 1.100202e-03 3.843684e-03 1.355531e-02 9.580166e-03 5.501009e-04 2.573045e-03 3.495453e-02 3.891780e-02 4.955682e-02 5.018225e-02 
4.849693e-04 5.173396e-01 4.618012e-01 1.410294e-03 4.909539e-03 1.733450e-02 1.225636e-02 7.051470e-04 3.292750e-03 3.964859e-02 4.413146e-02 5.620893e-02 5.689368e-02 
5.531681e-04 5.174133e-01 4.617430e-01 1.799496e-03 6.234469e-03 2.203722e-02 1.559269e-02 8.997480e-04 4.190599e-03 4.490731e-02 4.996741e-02 6.363407e-02 6.442237e-02 
6.309573e-04 5.175572e-01 4.617757e-01 2.288540e-03 7.873889e-03 2.788300e-02 1.975996e-02 1.144270e-03 5.312794e-03 5.078490e-02 5.650667e-02 7.194104e-02 7.284517e-02 
7.196857e-04 5.179152e-01 4.621774e-01 2.901868e-03 9.896370e-03 3.509468e-02 2.488639e-02 1.450934e-03 6.696299e-03 5.731477e-02 6.374476e-02 8.119049e-02 8.216278e-02 
8.208914e-04 5.185251e-01 4.624095e-01 3.667611e-03 1.239332e-02 4.400748e-02 3.123816e-02 1.833805e-03 8.411960e-03 6.459906e-02 7.183058e-02 9.147529e-02 9.256361e-02 
9.363292e-04 5.190511e-01 4.630383e-01 4.601650e-03 1.536326e-02 5.464002e-02 3.882783e-02 2.300825e-03 1.046698e-02 7.255497e-02 8.064379e-02 1.027106e-01 1.039194e-01 
1.068000e-03 5.199082e-01 4.637384e-01 5.745399e-03 1.891983e-02 6.737703e-02 4.792779e-02 2.872699e-03 1.293728e-02 8.124502e-02 9.027423e-02 1.149641e-01 1.163401e-01 
1.218188e-03 5.210037e-01 4.647406e-01 7.130444e-03 2.312681e-02 8.238913e-02 5.862843e-02 3.565222e-03 1.585157e-02 9.066990e-02 1.007271e-01 1.282748e-01 1.298101e-01 
1.389495e-03 5.222268e-01 4.659263e-01 8.794534e-03 2.803590e-02 9.989749e-02 7.110500e-02 4.397267e-03 1.926154e-02 1.008170e-01 1.119735e-01 1.425818e-01 1.443338e-01 
1.584893e-03 5.237070e-01 4.672947e-01 1.077011e-02 3.369053e-02 1.200379e-01 8.544971e-02 5.385054e-03 2.319775e-02 1.116479e-01 1.239455e-01 1.578691e-01 1.597762e-01 
1.807769e-03 5.253359e-01 4.688709e-01 1.309920e-02 4.024270e-02 1.431176e-01 1.017731e-01 6.549598e-03 2.769641e-02 1.230707e-01 1.367059e-01 1.741634e-01 1.761249e-01 
2.061986e-03 5.273536e-01 4.708926e-01 1.584415e-02 4.764757e-02 1.694010e-01 1.204958e-01 7.922073e-03 3.287686e-02 1.352108e-01 1.501725e-01 1.912782e-01 1.935525e-01 
2.351953e-03 5.293871e-01 4.729916e-01 1.901227e-02 5.602274e-02 1.984918e-01 1.408850e-01 9.506135e-03 3.856014e-02 1.478203e-01 1.642220e-01 2.092288e-01 2.116961e-01 
2.682696e-03 5.315603e-01 4.753427e-01 2.264432e-02 6.546503e-02 2.311093e-01 1.637209e-01 1.132216e-02 4.494834e-02 1.609285e-01 1.789303e-01 2.280590e-01 2.305674e-01 
3.059950e-03 5.338574e-01 4.778833e-01 2.684337e-02 7.602480e-02 2.672344e-01 1.888557e-01 1.342169e-02 5.203071e-02 1.746007e-01 1.942139e-01 2.475394e-01 2.504039e-01 
3.490255e-03 5.362519e-01 4.806827e-01 3.158768e-02 8.767534e-02 3.066242e-01 2.160665e-01 1.579384e-02 5.974876e-02 1.886181e-01 2.100006e-01 2.677666e-01 2.707457e-01 
3.981072e-03 5.385843e-01 4.833524e-01 3.694002e-02 1.006473e-01 3.500565e-01 2.458863e-01 1.847001e-02 6.824091e-02 2.030659e-01 2.263778e-01 2.886781e-01 2.918468e-01 
4.540910e-03 5.410778e-01 4.864447e-01 4.294124e-02 1.149155e-01 3.971487e-01 2.778146e-01 2.147062e-02 7.741429e-02 2.178687e-01 2.431667e-01 3.102141e-01 3.135323e-01 
5.179475e-03 5.435444e-01 4.895915e-01 4.970091e-02 1.307091e-01 4.486014e-01 3.124415e-01 2.485045e-02 8.741638e-02 2.330583e-01 2.605817e-01 3.323492e-01 3.361274e-01 
5.907838e-03 5.456937e-01 4.926238e-01 5.719445e-02 1.479746e-01 5.040049e-01 3.492875e-01 2.859722e-02 9.815078e-02 2.485994e-01 2.784176e-01 3.553700e-01 3.590658e-01 
6.738627e-03 5.481311e-01 4.957512e-01 6.550825e-02 1.668793e-01 5.641269e-01 3.889950e-01 3.275412e-02 1.097749e-01 2.645201e-01 2.968272e-01 3.789024e-01 3.828473e-01 
7.686246e-03 5.502811e-01 4.990140e-01 7.472394e-02 1.874409e-01 6.285734e-01 4.310631e-01 3.736197e-02 1.222032e-01 2.808012e-01 3.157305e-01 4.031542e-01 4.072877e-01 
8.767124e-03 5.521522e-01 5.020556e-01 8.492961e-02 2.100002e-01 6.983112e-01 4.761518e-01 4.246481e-02 1.356119e-01 2.975442e-01 3.353035e-01 4.282831e-01 4.325587e-01 
1.000000e-02 5.541351e-01 5.053595e-01 9.612516e-02 2.345092e-01 7.729303e-01 5.235949e-01 4.806258e-02 1.498542e-01 3.145432e-01 3.553754e-01 4.541357e-01 4.583698e-01 
1.140625e-02 5.560478e-01 5.086239e-01 1.084414e-01 2.608742e-01 8.524044e-01 5.737070e-01 5.422070e-02 1.650359e-01 3.319225e-01 3.759202e-01 4.805044e-01 4.849732e-01 
1.301025e-02 5.578338e-01 5.118640e-01 1.220135e-01 2.899512e-01 9.386222e-01 6.274155e-01 6.100677e-02 1.814093e-01 3.498343e-01 3.972816e-01 5.079789e-01 5.125496e-01 
1.483982e-02 5.596559e-01 5.152636e-01 1.369726e-01 3.212002e-01 1.030274e+00 6.836771e-01 6.848629e-02 1.987832e-01 3.681696e-01 4.192423e-01 5.364476e-01 5.407466e-01 
1.692667e-02 5.614679e-01 5.186881e-01 1.534312e-01 3.551765e-01 1.128139e+00 7.428292e-01 7.671562e-02 2.172433e-01 3.869019e-01 4.419454e-01 5.657070e-01 5.699396e-01 
1.930698e-02 5.633296e-01 5.222089e-01 1.714543e-01 3.915674e-01 1.232244e+00 8.051103e-01 8.572717e-02 2.369022e-01 4.061897e-01 4.652550e-01 5.958338e-01 6.000179e-01 
2.202202e-02 5.649151e-01 5.257005e-01 1.912141e-01 4.311214e-01 1.342919e+00 8.697467e-01 9.560704e-02 2.576090e-01 4.259107e-01 4.894091e-01 6.272003e-01 6.310020e-01 
2.511886e-02 5.666907e-01 5.293756e-01 2.129816e-01 4.734489e-01 1.460198e+00 9.374174e-01 1.064908e-01 2.796312e-01 4.462389e-01 5.142382e-01 6.594139e-01 6.630471e-01 
2.865120e-02 5.684596e-01 5.331554e-01 2.367375e-01 5.189463e-01 1.583657e+00 1.006914e+00 1.183688e-01 3.026670e-01 4.667312e-01 5.398933e-01 6.925746e-01 6.958500e-01 
3.268028e-02 5.705600e-01 5.371499e-01 2.627080e-01 5.671694e-01 1.712710e+00 1.078434e+00 1.313540e-01 3.268579e-01 4.877515e-01 5.659877e-01 7.263195e-01 7.296035e-01 
3.727594e-02 5.725630e-01 5.411058e-01 2.910437e-01 6.185360e-01 1.848965e+00 1.152634e+00 1.455218e-01 3.523721e-01 5.092224e-01 5.928694e-01 7.614045e-01 7.638714e-01 
4.251786e-02 5.747799e-01 5.452834e-01 3.220619e-01 6.734921e-01 1.992436e+00 1.229292e+00 1.610310e-01 3.793099e-01 5.312567e-01 6.203147e-01 7.969481e-01 7.994769e-01 
4.849693e-02 5.771345e-01 5.498538e-01 3.558052e-01 7.313871e-01 2.141723e+00 1.307393e+00 1.779026e-01 4.074627e-01 5.537760e-01 6.480320e-01 8.331277e-01 8.357744e-01 
5.531681e-02 5.796514e-01 5.544144e-01 3.925352e-01 7.932080e-01 2.299670e+00 1.388658e+00 1.962676e-01 4.373156e-01 5.769134e-01 6.765003e-01 8.700542e-01 8.734095e-01 
6.309573e-02 5.822177e-01 5.593135e-01 4.321840e-01 8.580257e-01 2.463687e+00 1.471795e+00 2.160920e-01 4.686135e-01 6.006125e-01 7.050473e-01 9.071845e-01 9.119229e-01 
7.196857e-02 5.851003e-01 5.642982e-01 4.750745e-01 9.259738e-01 2.636068e+00 1.559634e+00 2.375373e-01 5.020828e-01 6.251204e-01 7.337694e-01 9.444063e-01 9.514252e-01 
8.208914e-02 5.883476e-01 5.693450e-01 5.212208e-01 9.970704e-01 2.815721e+00 1.650567e+00 2.606104e-01 5.373498e-01 6.503464e-01 7.625814e-01 9.815060e-01 9.919795e-01 
9.363292e-02 5.915038e-01 5.742835e-01 5.711965e-01 1.072457e+00 3.005983e+00 1.746372e+00 2.855982e-01 5.750743e-01 6.762742e-01 7.920546e-01 1.019076e+00 1.033861e+00 
1.068000e-01 5.947524e-01 5.790481e-01 6.248602e-01 1.152770e+00 3.205980e+00 1.845134e+00 3.124301e-01 6.146914e-01 7.025731e-01 8.219771e-01 1.057288e+00 1.076413e+00 
1.218188e-01 5.976237e-01 5.836816e-01 6.825866e-01 1.240014e+00 3.419002e+00 1.946499e+00 3.412933e-01 6.563412e-01 7.293518e-01 8.524534e-01 1.096622e+00 1.119908e+00 
1.389495e-01 6.001473e-01 5.882690e-01 7.446482e-01 1.335179e+00 3.648093e+00 2.051688e+00 3.723241e-01 7.004397e-01 7.569058e-01 8.840222e-01 1.137409e+00 1.165339e+00 
1.584893e-01 6.022367e-01 5.927159e-01 8.109361e-01 1.438040e+00 3.893146e+00 2.160893e+00 4.054680e-01 7.470856e-01 7.851519e-01 9.163873e-01 1.179432e+00 1.212289e+00 
1.807769e-01 6.043203e-01 5.978897e-01 8.829383e-01 1.549894e+00 4.157680e+00 2.275922e+00 4.414691e-01 7.971171e-01 8.140793e-01 9.503962e-01 1.224038e+00 1.260696e+00 
2.061986e-01 6.065114e-01 6.031202e-01 9.606153e-01 1.671749e+00 4.445339e+00 2.400822e+00 4.803077e-01 8.514429e-01 8.444652e-01 9.857303e-01 1.271597e+00 1.310233e+00 
2.351953e-01 6.086558e-01 6.086269e-01 1.046120e+00 1.807410e+00 4.759948e+00 2.531490e+00 5.230602e-01 9.099332e-01 8.759292e-01 1.023151e+00 1.323228e+00 1.361168e+00 
2.682696e-01 6.109658e-01 6.136946e-01 1.139120e+00 1.952998e+00 5.101120e+00 2.673855e+00 5.695599e-01 9.741194e-01 9.088581e-01 1.062634e+00 1.378977e+00 1.412199e+00 
3.059950e-01 6.134900e-01 6.178934e-01 1.236097e+00 2.102455e+00 5.451004e+00 2.817807e+00 6.180483e-01 1.040045e+00 9.407563e-01 1.103080e+00 1.436556e+00 1.460723e+00 
3.490255e-01 6.167815e-01 6.231365e-01 1.334872e+00 2.246696e+00 5.782920e+00 2.947156e+00 6.674359e-01 1.104018e+00 9.686063e-01 1.142762e+00 1.491397e+00 1.504881e+00 
3.981072e-01 6.201750e-01 6.285667e-01 1.427239e+00 2.374077e+00 6.072866e+00 3.055577e+00 7.136193e-01 1.161440e+00 9.906887e-01 1.177898e+00 1.542213e+00 1.537938e+00 
4.540910e-01 6.233661e-01 6.328279e-01 1.508199e+00 2.483750e+00 6.318985e+00 3.148189e+00 7.540994e-01 1.210879e+00 1.008214e+00 1.206850e+00 1.589936e+00 1.558083e+00 
5.179475e-01 6.254564e-01 6.356020e-01 1.558345e+00 2.551834e+00 6.467260e+00 3.198872e+00 7.791725e-01 1.240123e+00 1.016509e+00 1.224918e+00 1.623160e+00 1.563881e+00 
5.907838e-01 6.269776e-01 6.372867e-01 1.566336e+00 2.556989e+00 6.470643e+00 3.188840e+00 7.831682e-01 1.241265e+00 1.012680e+00 1.229033e+00 1.632703e+00 1.555065e+00 
6.738627e-01 6.268442e-01 6.361076e-01 1.533884e+00 2.503875e+00 6.340142e+00 3.131517e+00 7.669418e-01 1.217247e+00 9.981564e-01 1.219832e+00 1.616828e+00 1.535994e+00 
7.686246e-01 6.261132e-01 6.321883e-01 1.451170e+00 2.370038e+00 6.036380e+00 3.018181e+00 7.255848e-01 1.162735e+00 9.739913e-01 1.183940e+00 1.563710e+00 1.498545e+00 
8.767124e-01 6.205032e-01 6.240103e-01 1.321869e+00 2.183175e+00 5.609200e+00 2.845748e+00 6.609346e-01 1.079431e+00 9.398976e-01 1.125970e+00 1.482668e+00 1.444589e+00 
