1.000000e-04 5.264138e-01 4.645137e-01 5.058737e-05 1.710342e-04 6.111956e-04 4.353801e-04 2.529368e-05 1.170702e-04 7.533701e-03 8.137364e-03 1.048539e-02 1.058472e-02 
1.140625e-04 5.264645e-01 4.646096e-01 6.566676e-05 2.219361e-04 7.930056e-04 5.648851e-04 3.283338e-05 1.518981e-04 8.583380e-03 9.273408e-03 1.194550e-02 1.206363e-02 
1.301025e-04 5.264776e-01 4.645165e-01 8.524104e-05 2.877550e-04 1.028660e-03 7.328477e-04 4.262052e-05 1.970678e-04 9.783338e-03 1.056767e-02 1.361816e-02 1.374269e-02 
1.483982e-04 5.265339e-01 4.644710e-01 1.104818e-04 3.730595e-04 1.332763e-03 9.494096e-04 5.524092e-05 2.553307e-04 1.114234e-02 1.203355e-02 1.550194e-02 1.565829e-02 
1.692667e-04 5.266316e-01 4.646426e-01 1.432533e-04 4.830212e-04 1.727427e-03 1.230846e-03 7.162665e-05 3.310292e-04 1.269365e-02 1.370878e-02 1.766405e-02 1.783146e-02 
1.930698e-04 5.266581e-01 4.645706e-01 1.855929e-04 6.252916e-04 2.240117e-03 1.598507e-03 9.279647e-05 4.298319e-04 1.445880e-02 1.561706e-02 2.011947e-02 2.030919e-02 
2.202202e-04 5.266722e-01 4.646116e-01 2.402866e-04 8.084362e-04 2.894070e-03 2.063643e-03 1.201433e-04 5.550385e-04 1.645940e-02 1.777339e-02 2.289927e-02 2.311695e-02 
2.511886e-04 5.266676e-01 4.644360e-01 3.106643e-04 1.045166e-03 3.744240e-03 2.672225e-03 1.553321e-04 7.186327e-04 1.873698e-02 2.023415e-02 2.606871e-02 2.631087e-02 
2.865120e-04 5.267960e-01 4.645339e-01 4.016753e-04 1.347503e-03 4.829686e-03 3.446837e-03 2.008377e-04 9.271638e-04 2.132166e-02 2.302032e-02 2.965251e-02 2.994168e-02 
3.268028e-04 5.268404e-01 4.645616e-01 5.188672e-04 1.737394e-03 6.231297e-03 4.450581e-03 2.594336e-04 1.197239e-03 2.425268e-02 2.618558e-02 3.373476e-02 3.405048e-02 
3.727594e-04 5.269195e-01 4.644875e-01 6.695253e-04 2.235968e-03 8.026890e-03 5.735874e-03 3.347626e-04 1.543291e-03 2.758624e-02 2.976861e-02 3.834788e-02 3.872177e-02 
4.251786e-04 5.271644e-01 4.647252e-01 8.617367e-04 2.867456e-03 1.030097e-02 7.362071e-03 4.308684e-04 1.981464e-03 3.134436e-02 3.381770e-02 4.356897e-02 4.398932e-02 
4.849693e-04 5.271849e-01 4.645673e-01 1.108683e-03 3.676282e-03 1.321912e-02 9.455027e-03 5.543416e-04 2.545241e-03 3.559462e-02 3.840068e-02 4.946166e-02 4.994749e-02 
5.531681e-04 5.272200e-01 4.645858e-01 1.421256e-03 4.686235e-03 1.687188e-02 1.207908e-02 7.106281e-04 3.252979e-03 4.037116e-02 4.355106e-02 5.608518e-02 5.665000e-02 
6.309573e-04 5.275102e-01 4.648679e-01 1.816643e-03 5.955629e-03 2.145247e-02 1.536604e-02 9.083214e-04 4.140462e-03 4.572147e-02 4.930215e-02 6.350200e-02 6.414087e-02 
7.196857e-04 5.279495e-01 4.651176e-01 2.314506e-03 7.518025e-03 2.713031e-02 1.945467e-02 1.157253e-03 5.245958e-03 5.170036e-02 5.573192e-02 7.178286e-02 7.249881e-02 
8.208914e-04 5.282538e-01 4.655594e-01 2.936125e-03 9.434012e-03 3.410285e-02 2.448674e-02 1.468062e-03 6.609073e-03 5.835618e-02 6.286805e-02 8.097842e-02 8.181220e-02 
9.363292e-04 5.290249e-01 4.661621e-01 3.712660e-03 1.179611e-02 4.265832e-02 3.063786e-02 1.856330e-03 8.278391e-03 6.569905e-02 7.077724e-02 9.117205e-02 9.208747e-02 
1.068000e-03 5.296917e-01 4.668326e-01 4.663542e-03 1.461059e-02 5.289414e-02 3.801848e-02 2.331771e-03 1.028726e-02 7.376471e-02 7.943110e-02 1.023321e-01 1.033634e-01 
1.218188e-03 5.306442e-01 4.677607e-01 5.832287e-03 1.797599e-02 6.513685e-02 4.686057e-02 2.916144e-03 1.270127e-02 8.258503e-02 8.890026e-02 1.145146e-01 1.157166e-01 
1.389495e-03 5.317682e-01 4.689033e-01 7.245903e-03 2.197280e-02 7.954054e-02 5.718649e-02 3.622951e-03 1.553246e-02 9.209981e-02 9.914008e-02 1.277162e-01 1.290573e-01 
1.584893e-03 5.331949e-01 4.702323e-01 8.940666e-03 2.657683e-02 9.622401e-02 6.921194e-02 4.470333e-03 1.884083e-02 1.023239e-01 1.100665e-01 1.418005e-01 1.433614e-01 
1.807769e-03 5.347546e-01 4.718959e-01 1.096923e-02 3.199351e-02 1.156915e-01 8.317852e-02 5.484616e-03 2.270028e-02 1.132840e-01 1.218450e-01 1.569757e-01 1.587574e-01 
2.061986e-03 5.365820e-01 4.737684e-01 1.336537e-02 3.815240e-02 1.377389e-01 9.897395e-02 6.682683e-03 2.708899e-02 1.248621e-01 1.342949e-01 1.730851e-01 1.749764e-01 
2.351953e-03 5.385275e-01 4.758437e-01 1.616613e-02 4.516292e-02 1.624689e-01 1.165203e-01 8.083064e-03 3.199916e-02 1.370209e-01 1.473546e-01 1.899371e-01 1.921381e-01 
2.682696e-03 5.406247e-01 4.782433e-01 1.941714e-02 5.311943e-02 1.903161e-01 1.361856e-01 9.708571e-03 3.753131e-02 1.497280e-01 1.610769e-01 2.076254e-01 2.101554e-01 
3.059950e-03 5.429018e-01 4.808493e-01 2.317115e-02 6.197273e-02 2.210962e-01 1.578440e-01 1.158558e-02 4.366785e-02 1.629414e-01 1.753405e-01 2.260733e-01 2.288934e-01 
3.490255e-03 5.454434e-01 4.837460e-01 2.744455e-02 7.187432e-02 2.551352e-01 1.816332e-01 1.372228e-02 5.044817e-02 1.766091e-01 1.901437e-01 2.451188e-01 2.484121e-01 
3.981072e-03 5.478588e-01 4.867069e-01 3.230198e-02 8.285915e-02 2.924762e-01 2.075649e-01 1.615099e-02 5.788946e-02 1.907134e-01 2.055033e-01 2.648946e-01 2.686542e-01 
4.540910e-03 5.504095e-01 4.897641e-01 3.782336e-02 9.504916e-02 3.332588e-01 2.355389e-01 1.891168e-02 6.599245e-02 2.052192e-01 2.213416e-01 2.853673e-01 2.895227e-01 
5.179475e-03 5.529321e-01 4.930259e-01 4.398080e-02 1.084307e-01 3.775850e-01 2.657565e-01 2.199040e-02 7.479762e-02 2.200889e-01 2.376149e-01 3.063509e-01 3.110684e-01 
5.907838e-03 5.553016e-01 4.961646e-01 5.088533e-02 1.231478e-01 4.257230e-01 2.983311e-01 2.544267e-02 8.436300e-02 2.353380e-01 2.543904e-01 3.279754e-01 3.332838e-01 
6.738627e-03 5.577252e-01 4.994907e-01 5.855179e-02 1.391718e-01 4.772056e-01 3.326780e-01 2.927589e-02 9.454796e-02 2.509476e-01 2.715230e-01 3.500406e-01 3.561824e-01 
7.686246e-03 5.600219e-01 5.027371e-01 6.708187e-02 1.568518e-01 5.336132e-01 3.701446e-01 3.354094e-02 1.057110e-01 2.669214e-01 2.892655e-01 3.729094e-01 3.796957e-01 
8.767124e-03 5.621817e-01 5.060203e-01 7.655806e-02 1.761434e-01 5.939946e-01 4.095840e-01 3.827903e-02 1.175938e-01 2.833309e-01 3.075734e-01 3.963544e-01 4.042267e-01 
1.000000e-02 5.642588e-01 5.092542e-01 8.700425e-02 1.971578e-01 6.591978e-01 4.519519e-01 4.350213e-02 1.304364e-01 3.002013e-01 3.264196e-01 4.205058e-01 4.294761e-01 
1.140625e-02 5.662718e-01 5.126650e-01 9.858271e-02 2.200748e-01 7.291693e-01 4.968393e-01 4.929135e-02 1.441887e-01 3.174305e-01 3.457998e-01 4.453469e-01 4.555100e-01 
1.301025e-02 5.682012e-01 5.159588e-01 1.113598e-01 2.450928e-01 8.053678e-01 5.454906e-01 5.567989e-02 1.591674e-01 3.353035e-01 3.659088e-01 4.709917e-01 4.826496e-01 
1.483982e-02 5.699463e-01 5.193480e-01 1.253767e-01 2.721430e-01 8.865703e-01 5.967516e-01 6.268837e-02 1.751069e-01 3.536415e-01 3.865578e-01 4.974717e-01 5.105764e-01 
1.692667e-02 5.717583e-01 5.225944e-01 1.409755e-01 3.018842e-01 9.743581e-01 6.512985e-01 7.048777e-02 1.922673e-01 3.725441e-01 4.079913e-01 5.248586e-01 5.396144e-01 
1.930698e-02 5.733751e-01 5.260557e-01 1.582378e-01 3.346591e-01 1.070521e+00 7.105616e-01 7.911891e-02 2.110217e-01 3.922073e-01 4.304363e-01 5.534951e-01 5.700750e-01 
2.202202e-02 5.751637e-01 5.298643e-01 1.771503e-01 3.698765e-01 1.171906e+00 7.718268e-01 8.857516e-02 2.307367e-01 4.121922e-01 4.533537e-01 5.826399e-01 6.014111e-01 
2.511886e-02 5.767495e-01 5.334630e-01 1.981263e-01 4.086766e-01 1.282329e+00 8.377911e-01 9.906313e-02 2.521512e-01 4.329641e-01 4.774090e-01 6.131545e-01 6.342019e-01 
2.865120e-02 5.783538e-01 5.373535e-01 2.213980e-01 4.513557e-01 1.402758e+00 9.090171e-01 1.106990e-01 2.754679e-01 4.545430e-01 5.024158e-01 6.449645e-01 6.684340e-01 
3.268028e-02 5.797692e-01 5.410009e-01 2.470788e-01 4.983843e-01 1.533275e+00 9.846890e-01 1.235394e-01 3.005555e-01 4.768945e-01 5.288354e-01 6.782447e-01 7.044551e-01 
3.727594e-02 5.812797e-01 5.447648e-01 2.757170e-01 5.501256e-01 1.674973e+00 1.065892e+00 1.378585e-01 3.277760e-01 5.001199e-01 5.563861e-01 7.128112e-01 7.422300e-01 
4.251786e-02 5.826409e-01 5.485862e-01 3.076148e-01 6.074666e-01 1.830230e+00 1.153132e+00 1.538074e-01 3.574307e-01 5.243485e-01 5.855107e-01 7.495116e-01 7.818295e-01 
4.849693e-02 5.837388e-01 5.524092e-01 3.429604e-01 6.708933e-01 1.999075e+00 1.245790e+00 1.714802e-01 3.894382e-01 5.496766e-01 6.160845e-01 7.881160e-01 8.236035e-01 
5.531681e-02 5.848254e-01 5.562746e-01 3.824926e-01 7.411313e-01 2.182881e+00 1.344186e+00 1.912463e-01 4.240710e-01 5.759099e-01 6.483699e-01 8.286584e-01 8.674840e-01 
6.309573e-02 5.861043e-01 5.599296e-01 4.263532e-01 8.183657e-01 2.385281e+00 1.452634e+00 2.131766e-01 4.624132e-01 6.034714e-01 6.826168e-01 8.713568e-01 9.136761e-01 
7.196857e-02 5.873387e-01 5.634685e-01 4.750555e-01 9.039311e-01 2.607219e+00 1.569708e+00 2.375278e-01 5.042733e-01 6.319767e-01 7.187867e-01 9.163839e-01 9.618720e-01 
8.208914e-02 5.884056e-01 5.670398e-01 5.292361e-01 9.992764e-01 2.851841e+00 1.696235e+00 2.646180e-01 5.500860e-01 6.617491e-01 7.571420e-01 9.639651e-01 1.012801e+00 
9.363292e-02 5.894157e-01 5.705812e-01 5.894892e-01 1.105100e+00 3.121229e+00 1.833252e+00 2.947446e-01 6.003613e-01 6.931668e-01 7.974488e-01 1.014555e+00 1.066119e+00 
1.068000e-01 5.905442e-01 5.739245e-01 6.557737e-01 1.222067e+00 3.417912e+00 1.983224e+00 3.278869e-01 6.556151e-01 7.262336e-01 8.398526e-01 1.068692e+00 1.121203e+00 
1.218188e-01 5.915027e-01 5.768447e-01 7.293647e-01 1.352241e+00 3.745813e+00 2.147091e+00 3.646823e-01 7.163833e-01 7.610153e-01 8.846296e-01 1.126610e+00 1.178490e+00 
1.389495e-01 5.928347e-01 5.799409e-01 8.101173e-01 1.493795e+00 4.102061e+00 2.322858e+00 4.050587e-01 7.822332e-01 7.973898e-01 9.310364e-01 1.188097e+00 1.236800e+00 
1.584893e-01 5.939139e-01 5.834303e-01 8.972246e-01 1.647535e+00 4.482699e+00 2.504103e+00 4.486123e-01 8.515970e-01 8.348005e-01 9.780076e-01 1.252583e+00 1.295590e+00 
1.807769e-01 5.948245e-01 5.866838e-01 9.914618e-01 1.813514e+00 4.892473e+00 2.699152e+00 4.957309e-01 9.263098e-01 8.738669e-01 1.025941e+00 1.320412e+00 1.354968e+00 
2.061986e-01 5.953853e-01 5.899744e-01 1.090905e+00 1.987121e+00 5.322796e+00 2.903815e+00 5.454527e-01 1.005104e+00 9.135345e-01 1.073947e+00 1.389993e+00 1.413558e+00 
2.351953e-01 5.960687e-01 5.939938e-01 1.194988e+00 2.166316e+00 5.764824e+00 3.112289e+00 5.974938e-01 1.086401e+00 9.525631e-01 1.121588e+00 1.460154e+00 1.470713e+00 
2.682696e-01 5.969856e-01 5.987566e-01 1.299860e+00 2.343046e+00 6.188865e+00 3.302788e+00 6.499300e-01 1.164115e+00 9.886156e-01 1.166908e+00 1.528299e+00 1.523406e+00 
3.059950e-01 5.986614e-01 6.045094e-01 1.400000e+00 2.505456e+00 6.556111e+00 3.444990e+00 7.000001e-01 1.230243e+00 1.018859e+00 1.206042e+00 1.589487e+00 1.567443e+00 
3.490255e-01 6.015289e-01 6.104228e-01 1.485716e+00 2.634393e+00 6.834384e+00 3.536845e+00 7.428579e-01 1.281133e+00 1.040751e+00 1.236658e+00 1.638244e+00 1.598703e+00 
3.981072e-01 6.053166e-01 6.154205e-01 1.551249e+00 2.719106e+00 7.009142e+00 3.589075e+00 7.756246e-01 1.315978e+00 1.055625e+00 1.256170e+00 1.671868e+00 1.616434e+00 
4.540910e-01 6.099329e-01 6.198318e-01 1.591598e+00 2.750045e+00 7.064128e+00 3.596610e+00 7.957988e-01 1.332094e+00 1.064221e+00 1.261987e+00 1.687092e+00 1.621398e+00 
5.179475e-01 6.131249e-01 6.227147e-01 1.599581e+00 2.732724e+00 7.005931e+00 3.555411e+00 7.997903e-01 1.326392e+00 1.064260e+00 1.256016e+00 1.679223e+00 1.619926e+00 
5.907838e-01 6.152036e-01 6.239815e-01 1.576015e+00 2.679079e+00 6.877545e+00 3.496580e+00 7.880077e-01 1.305588e+00 1.057095e+00 1.243050e+00 1.653303e+00 1.614855e+00 
6.738627e-01 6.163753e-01 6.227494e-01 1.519639e+00 2.580352e+00 6.654505e+00 3.415316e+00 7.598197e-01 1.267434e+00 1.042914e+00 1.219174e+00 1.614095e+00 1.595664e+00 
7.686246e-01 6.146088e-01 6.177855e-01 1.430252e+00 2.440392e+00 6.336323e+00 3.292133e+00 7.151261e-01 1.209097e+00 1.015471e+00 1.184323e+00 1.563228e+00 1.553114e+00 
8.767124e-01 6.088336e-01 6.103873e-01 1.333180e+00 2.305580e+00 6.010242e+00 3.140296e+00 6.665898e-01 1.142475e+00 9.775634e-01 1.147440e+00 1.509058e+00 1.499941e+00 
