1.000000e-04 5.134939e-01 4.571909e-01 5.982404e-05 2.166286e-04 7.675737e-04 5.438663e-04 2.991202e-05 1.454772e-04 8.224177e-03 9.098312e-03 1.162972e-02 1.174047e-02 
1.140625e-04 5.135909e-01 4.571963e-01 7.766067e-05 2.812274e-04 9.969972e-04 7.066336e-04 3.883034e-05 1.889973e-04 9.373847e-03 1.037243e-02 1.325653e-02 1.338286e-02 
1.301025e-04 5.137115e-01 4.573628e-01 1.006868e-04 3.639249e-04 1.290022e-03 9.141454e-04 5.034338e-05 2.445623e-04 1.067127e-02 1.180690e-02 1.509270e-02 1.523346e-02 
1.483982e-04 5.137094e-01 4.572409e-01 1.305551e-04 4.720000e-04 1.674343e-03 1.187335e-03 6.527755e-05 3.175926e-04 1.216529e-02 1.345353e-02 1.719421e-02 1.736446e-02 
1.692667e-04 5.136706e-01 4.572457e-01 1.690672e-04 6.111809e-04 2.167362e-03 1.536541e-03 8.453359e-05 4.110251e-04 1.384927e-02 1.532111e-02 1.957894e-02 1.977251e-02 
1.930698e-04 5.137468e-01 4.572749e-01 2.190911e-04 7.902073e-04 2.805432e-03 1.990306e-03 1.095455e-04 5.324595e-04 1.577526e-02 1.744424e-02 2.230118e-02 2.250635e-02 
2.202202e-04 5.137414e-01 4.571125e-01 2.829098e-04 1.020695e-03 3.627752e-03 2.575179e-03 1.414549e-04 6.888054e-04 1.795257e-02 1.985752e-02 2.537071e-02 2.562265e-02 
2.511886e-04 5.137766e-01 4.570517e-01 3.656349e-04 1.318021e-03 4.683797e-03 3.324516e-03 1.828175e-04 8.893398e-04 2.042820e-02 2.259240e-02 2.886716e-02 2.914831e-02 
2.865120e-04 5.138286e-01 4.571109e-01 4.723641e-04 1.697796e-03 6.038743e-03 4.289351e-03 2.361821e-04 1.147642e-03 2.323373e-02 2.569187e-02 3.282705e-02 3.314929e-02 
3.268028e-04 5.139569e-01 4.570082e-01 6.086799e-04 2.183484e-03 7.785814e-03 5.539054e-03 3.043399e-04 1.481729e-03 2.642924e-02 2.921866e-02 3.732222e-02 3.769941e-02 
3.727594e-04 5.139502e-01 4.570891e-01 7.842074e-04 2.809164e-03 1.001278e-02 7.120977e-03 3.921037e-04 1.905389e-03 3.003036e-02 3.319990e-02 4.240320e-02 4.283854e-02 
4.251786e-04 5.140497e-01 4.568813e-01 1.008767e-03 3.605982e-03 1.286049e-02 9.150548e-03 5.043836e-04 2.448737e-03 3.412257e-02 3.770422e-02 4.816537e-02 4.864903e-02 
4.849693e-04 5.140604e-01 4.568867e-01 1.291255e-03 4.601601e-03 1.644441e-02 1.171383e-02 6.456277e-04 3.134840e-03 3.870346e-02 4.278119e-02 5.462421e-02 5.518673e-02 
5.531681e-04 5.141560e-01 4.568168e-01 1.651154e-03 5.846164e-03 2.093540e-02 1.493576e-02 8.255771e-04 3.998600e-03 4.388011e-02 4.846907e-02 6.188394e-02 6.254100e-02 
6.309573e-04 5.144044e-01 4.569013e-01 2.105966e-03 7.419323e-03 2.660130e-02 1.899608e-02 1.052983e-03 5.087078e-03 4.966602e-02 5.484245e-02 7.002728e-02 7.075915e-02 
7.196857e-04 5.147767e-01 4.572795e-01 2.672968e-03 9.330927e-03 3.348741e-02 2.393071e-02 1.336484e-03 6.413702e-03 5.607326e-02 6.191155e-02 7.904151e-02 7.987601e-02 
8.208914e-04 5.152509e-01 4.575985e-01 3.376087e-03 1.168960e-02 4.203344e-02 3.007319e-02 1.688043e-03 8.064980e-03 6.321818e-02 6.977491e-02 8.906794e-02 9.002277e-02 
9.363292e-04 5.157688e-01 4.579115e-01 4.246280e-03 1.451493e-02 5.229700e-02 3.747107e-02 2.123140e-03 1.005837e-02 7.107565e-02 7.840819e-02 1.000748e-01 1.011779e-01 
1.068000e-03 5.165463e-01 4.587578e-01 5.320357e-03 1.793968e-02 6.473257e-02 4.642440e-02 2.660178e-03 1.247767e-02 7.969379e-02 8.788782e-02 1.121685e-01 1.134221e-01 
1.218188e-03 5.174919e-01 4.595684e-01 6.612699e-03 2.196139e-02 7.934887e-02 5.695848e-02 3.306350e-03 1.533041e-02 8.904709e-02 9.816358e-02 1.252705e-01 1.266966e-01 
1.389495e-03 5.187169e-01 4.604819e-01 8.170792e-03 2.665567e-02 9.637558e-02 6.922938e-02 4.085396e-03 1.866604e-02 9.912840e-02 1.092035e-01 1.393355e-01 1.410045e-01 
1.584893e-03 5.200926e-01 4.618673e-01 1.003763e-02 3.216723e-02 1.163299e-01 8.359312e-02 5.018813e-03 2.258234e-02 1.099420e-01 1.211167e-01 1.545158e-01 1.564053e-01 
1.807769e-03 5.217262e-01 4.633592e-01 1.224057e-02 3.848121e-02 1.391632e-01 1.000368e-01 6.120284e-03 2.708026e-02 1.214317e-01 1.337611e-01 1.706294e-01 1.727469e-01 
2.061986e-03 5.236629e-01 4.652697e-01 1.483347e-02 4.568883e-02 1.649865e-01 1.185313e-01 7.416736e-03 3.216858e-02 1.335561e-01 1.470819e-01 1.876172e-01 1.900261e-01 
2.351953e-03 5.256574e-01 4.672628e-01 1.784666e-02 5.387442e-02 1.941527e-01 1.393564e-01 8.923329e-03 3.791995e-02 1.462845e-01 1.611028e-01 2.055314e-01 2.081848e-01 
2.682696e-03 5.278745e-01 4.695102e-01 2.130816e-02 6.301671e-02 2.265749e-01 1.624112e-01 1.065408e-02 4.432113e-02 1.594952e-01 1.757478e-01 2.241287e-01 2.271843e-01 
3.059950e-03 5.300664e-01 4.720629e-01 2.532301e-02 7.340410e-02 2.627452e-01 1.878793e-01 1.266151e-02 5.143565e-02 1.732405e-01 1.910496e-01 2.436214e-01 2.470502e-01 
3.490255e-03 5.325208e-01 4.746239e-01 2.984696e-02 8.477106e-02 3.021339e-01 2.155493e-01 1.492348e-02 5.920862e-02 1.874402e-01 2.068178e-01 2.637171e-01 2.675552e-01 
3.981072e-03 5.349005e-01 4.774145e-01 3.498778e-02 9.741293e-02 3.455320e-01 2.458548e-01 1.749389e-02 6.776422e-02 2.020560e-01 2.231337e-01 2.844954e-01 2.888034e-01 
4.540910e-03 5.373015e-01 4.803487e-01 4.077138e-02 1.115226e-01 3.931646e-01 2.787311e-01 2.038569e-02 7.710277e-02 2.170937e-01 2.400674e-01 3.060357e-01 3.108504e-01 
5.179475e-03 5.396078e-01 4.832904e-01 4.723632e-02 1.268846e-01 4.445962e-01 3.140587e-01 2.361816e-02 8.719974e-02 2.325154e-01 2.573676e-01 3.280754e-01 3.334785e-01 
5.907838e-03 5.419283e-01 4.863369e-01 5.447896e-02 1.437972e-01 5.004566e-01 3.520448e-01 2.723948e-02 9.812920e-02 2.483248e-01 2.752957e-01 3.508502e-01 3.569223e-01 
6.738627e-03 5.440872e-01 4.892057e-01 6.247091e-02 1.621965e-01 5.606367e-01 3.926446e-01 3.123545e-02 1.098757e-01 2.644573e-01 2.937190e-01 3.742702e-01 3.809136e-01 
7.686246e-03 5.461512e-01 4.922915e-01 7.133882e-02 1.823908e-01 6.254362e-01 4.357122e-01 3.566941e-02 1.224406e-01 2.810225e-01 3.125109e-01 3.982120e-01 4.057214e-01 
8.767124e-03 5.481068e-01 4.952187e-01 8.113980e-02 2.044762e-01 6.958157e-01 4.824651e-01 4.056990e-02 1.361197e-01 2.980239e-01 3.321661e-01 4.230818e-01 4.314105e-01 
1.000000e-02 5.499263e-01 4.982083e-01 9.196345e-02 2.284285e-01 7.703583e-01 5.308216e-01 4.598172e-02 1.504540e-01 3.153754e-01 3.520970e-01 4.485029e-01 4.577131e-01 
1.140625e-02 5.516867e-01 5.011035e-01 1.038154e-01 2.544281e-01 8.506116e-01 5.825774e-01 5.190770e-02 1.658646e-01 3.331148e-01 3.726788e-01 4.747459e-01 4.847369e-01 
1.301025e-02 5.532809e-01 5.042341e-01 1.168252e-01 2.825538e-01 9.353985e-01 6.361458e-01 5.841262e-02 1.820307e-01 3.511088e-01 3.937093e-01 5.013571e-01 5.127113e-01 
1.483982e-02 5.547468e-01 5.071524e-01 1.312257e-01 3.131886e-01 1.026549e+00 6.931057e-01 6.561283e-02 1.993650e-01 3.696400e-01 4.155899e-01 5.289030e-01 5.417892e-01 
1.692667e-02 5.561584e-01 5.103227e-01 1.470177e-01 3.466715e-01 1.124061e+00 7.527927e-01 7.350887e-02 2.177288e-01 3.885687e-01 4.380219e-01 5.574165e-01 5.715902e-01 
1.930698e-02 5.577270e-01 5.136783e-01 1.642504e-01 3.824890e-01 1.226580e+00 8.143758e-01 8.212520e-02 2.369564e-01 4.077554e-01 4.609801e-01 5.863019e-01 6.023305e-01 
2.202202e-02 5.592103e-01 5.170396e-01 1.832993e-01 4.211387e-01 1.336038e+00 8.792921e-01 9.164966e-02 2.574821e-01 4.275272e-01 4.846810e-01 6.162013e-01 6.341132e-01 
2.511886e-02 5.608546e-01 5.206441e-01 2.040631e-01 4.623558e-01 1.450839e+00 9.460691e-01 1.020315e-01 2.789639e-01 4.476309e-01 5.089137e-01 6.467114e-01 6.667244e-01 
2.865120e-02 5.626549e-01 5.243205e-01 2.269296e-01 5.067174e-01 1.573124e+00 1.016500e+00 1.134648e-01 3.019137e-01 4.682362e-01 5.337605e-01 6.781030e-01 7.001204e-01 
3.268028e-02 5.644668e-01 5.279654e-01 2.517310e-01 5.539985e-01 1.701678e+00 1.089395e+00 1.258655e-01 3.260490e-01 4.893226e-01 5.592535e-01 7.100546e-01 7.347098e-01 
3.727594e-02 5.664670e-01 5.318002e-01 2.787245e-01 6.041765e-01 1.836586e+00 1.164461e+00 1.393623e-01 3.513698e-01 5.107488e-01 5.852619e-01 7.426476e-01 7.700039e-01 
4.251786e-02 5.685457e-01 5.358107e-01 3.084656e-01 6.581602e-01 1.980398e+00 1.243858e+00 1.542328e-01 3.785418e-01 5.326523e-01 6.121740e-01 7.760432e-01 8.065180e-01 
4.849693e-02 5.707247e-01 5.399975e-01 3.410963e-01 7.159938e-01 2.133563e+00 1.327626e+00 1.705481e-01 4.076254e-01 5.553389e-01 6.398256e-01 8.102269e-01 8.444877e-01 
5.531681e-02 5.731399e-01 5.441722e-01 3.766560e-01 7.772397e-01 2.295707e+00 1.416002e+00 1.883280e-01 4.386772e-01 5.784760e-01 6.683898e-01 8.450970e-01 8.835288e-01 
6.309573e-02 5.752826e-01 5.482713e-01 4.154833e-01 8.433637e-01 2.469360e+00 1.509284e+00 2.077417e-01 4.719425e-01 6.022889e-01 6.981237e-01 8.810753e-01 9.243077e-01 
7.196857e-02 5.775492e-01 5.523785e-01 4.579884e-01 9.146682e-01 2.655514e+00 1.608246e+00 2.289942e-01 5.076933e-01 6.266930e-01 7.291245e-01 9.183888e-01 9.664042e-01 
8.208914e-02 5.798894e-01 5.563427e-01 5.046512e-01 9.916414e-01 2.854909e+00 1.713706e+00 2.523256e-01 5.462248e-01 6.519127e-01 7.614182e-01 9.573484e-01 1.009901e+00 
9.363292e-02 5.819440e-01 5.602988e-01 5.555029e-01 1.075375e+00 3.068203e+00 1.823330e+00 2.777514e-01 5.871265e-01 6.777066e-01 7.950942e-01 9.986079e-01 1.054366e+00 
1.068000e-01 5.844406e-01 5.648299e-01 6.120941e-01 1.166223e+00 3.296983e+00 1.937849e+00 3.060470e-01 6.310677e-01 7.040298e-01 8.302628e-01 1.041856e+00 1.099956e+00 
1.218188e-01 5.869552e-01 5.694377e-01 6.725844e-01 1.263151e+00 3.537988e+00 2.055430e+00 3.362922e-01 6.771503e-01 7.302781e-01 8.662158e-01 1.086071e+00 1.145955e+00 
1.389495e-01 5.898288e-01 5.746283e-01 7.380343e-01 1.365702e+00 3.790038e+00 2.174300e+00 3.690171e-01 7.254020e-01 7.565031e-01 9.028080e-01 1.131060e+00 1.192408e+00 
1.584893e-01 5.930084e-01 5.806596e-01 8.079277e-01 1.474021e+00 4.049313e+00 2.290050e+00 4.039638e-01 7.747686e-01 7.826743e-01 9.388950e-01 1.176042e+00 1.238970e+00 
1.807769e-01 5.954756e-01 5.869209e-01 8.818886e-01 1.591916e+00 4.322974e+00 2.404644e+00 4.409443e-01 8.255933e-01 8.090058e-01 9.752902e-01 1.222600e+00 1.286141e+00 
2.061986e-01 5.978032e-01 5.931377e-01 9.604347e-01 1.717779e+00 4.612342e+00 2.522777e+00 4.802173e-01 8.789742e-01 8.353537e-01 1.012910e+00 1.271484e+00 1.333084e+00 
2.351953e-01 5.993467e-01 5.982840e-01 1.043541e+00 1.854108e+00 4.924017e+00 2.649475e+00 5.217703e-01 9.356834e-01 8.610630e-01 1.053520e+00 1.324323e+00 1.379800e+00 
2.682696e-01 6.001907e-01 6.024064e-01 1.128421e+00 1.995245e+00 5.247617e+00 2.780842e+00 5.642104e-01 9.939356e-01 8.848695e-01 1.096245e+00 1.380657e+00 1.423300e+00 
3.059950e-01 6.003733e-01 6.060067e-01 1.212595e+00 2.135447e+00 5.571575e+00 2.912824e+00 6.062976e-01 1.052090e+00 9.062628e-01 1.139607e+00 1.438554e+00 1.462709e+00 
3.490255e-01 5.999073e-01 6.083785e-01 1.289278e+00 2.269013e+00 5.884734e+00 3.043524e+00 6.446390e-01 1.107212e+00 9.240425e-01 1.181417e+00 1.494202e+00 1.496646e+00 
3.981072e-01 5.985536e-01 6.103120e-01 1.353291e+00 2.390371e+00 6.164960e+00 3.155465e+00 6.766454e-01 1.153833e+00 9.350402e-01 1.221061e+00 1.543213e+00 1.525636e+00 
4.540910e-01 5.959717e-01 6.107555e-01 1.401671e+00 2.494126e+00 6.403986e+00 3.249590e+00 7.008353e-01 1.190864e+00 9.402985e-01 1.258252e+00 1.587397e+00 1.547861e+00 
5.179475e-01 5.934731e-01 6.110632e-01 1.433398e+00 2.572837e+00 6.584422e+00 3.318787e+00 7.166992e-01 1.216937e+00 9.406117e-01 1.288687e+00 1.625093e+00 1.559360e+00 
5.907838e-01 5.902213e-01 6.105378e-01 1.443256e+00 2.616365e+00 6.676101e+00 3.344910e+00 7.216281e-01 1.226302e+00 9.358008e-01 1.307124e+00 1.648448e+00 1.560400e+00 
6.738627e-01 5.889408e-01 6.102686e-01 1.419409e+00 2.585713e+00 6.590889e+00 3.294251e+00 7.097047e-01 1.206980e+00 9.229727e-01 1.303689e+00 1.641735e+00 1.545718e+00 
7.686246e-01 5.906710e-01 6.082399e-01 1.348076e+00 2.448970e+00 6.273026e+00 3.167116e+00 6.740378e-01 1.154320e+00 9.036834e-01 1.264478e+00 1.589032e+00 1.508792e+00 
8.767124e-01 5.936749e-01 6.037263e-01 1.233366e+00 2.219646e+00 5.750268e+00 2.961907e+00 6.166831e-01 1.069945e+00 8.801822e-01 1.184684e+00 1.491093e+00 1.446944e+00 
