1.000000e-04 5.133456e-01 4.582416e-01 6.278559e-05 2.337320e-04 8.177775e-04 5.743858e-04 3.139280e-05 1.535386e-04 8.338251e-03 9.317513e-03 1.183500e-02 1.201799e-02 
1.140625e-04 5.133435e-01 4.581256e-01 8.137026e-05 3.026313e-04 1.060124e-03 7.452087e-04 4.068513e-05 1.991833e-04 9.500765e-03 1.061666e-02 1.348477e-02 1.369055e-02 
1.301025e-04 5.132312e-01 4.581462e-01 1.055662e-04 3.928105e-04 1.375486e-03 9.666589e-04 5.278311e-05 2.583746e-04 1.082620e-02 1.209552e-02 1.536206e-02 1.560332e-02 
1.483982e-04 5.134255e-01 4.581354e-01 1.367917e-04 5.086620e-04 1.780622e-03 1.250773e-03 6.839587e-05 3.343732e-04 1.233006e-02 1.377600e-02 1.749686e-02 1.776783e-02 
1.692667e-04 5.133522e-01 4.580347e-01 1.771204e-04 6.576791e-04 2.305844e-03 1.621328e-03 8.856021e-05 4.334075e-04 1.403910e-02 1.569018e-02 1.992195e-02 2.023577e-02 
1.930698e-04 5.133717e-01 4.580357e-01 2.288174e-04 8.502937e-04 2.981090e-03 2.096788e-03 1.144087e-04 5.604368e-04 1.598041e-02 1.785432e-02 2.266796e-02 2.302806e-02 
2.202202e-04 5.134344e-01 4.579868e-01 2.958644e-04 1.097937e-03 3.849171e-03 2.706954e-03 1.479322e-04 7.236320e-04 1.818878e-02 2.032029e-02 2.580020e-02 2.620682e-02 
2.511886e-04 5.133493e-01 4.580531e-01 3.829244e-04 1.420968e-03 4.986195e-03 3.508281e-03 1.914622e-04 9.377881e-04 2.070551e-02 2.313328e-02 2.936586e-02 2.983980e-02 
2.865120e-04 5.134624e-01 4.579958e-01 4.937420e-04 1.826058e-03 6.411984e-03 4.514282e-03 2.468710e-04 1.206902e-03 2.354568e-02 2.629039e-02 3.338744e-02 3.390427e-02 
3.268028e-04 5.135695e-01 4.577767e-01 6.357298e-04 2.350892e-03 8.267921e-03 5.828960e-03 3.178649e-04 1.558001e-03 2.677222e-02 2.989226e-02 3.794822e-02 3.854829e-02 
3.727594e-04 5.136561e-01 4.577652e-01 8.178499e-04 3.017611e-03 1.061320e-02 7.480584e-03 4.089249e-04 2.000003e-03 3.040861e-02 3.396241e-02 4.310787e-02 4.378820e-02 
4.251786e-04 5.137130e-01 4.577739e-01 1.050016e-03 3.863189e-03 1.360599e-02 9.598881e-03 5.250082e-04 2.566567e-03 3.452767e-02 3.855319e-02 4.892871e-02 4.970959e-02 
4.849693e-04 5.137154e-01 4.576635e-01 1.344695e-03 4.926916e-03 1.738257e-02 1.227661e-02 6.723477e-04 3.283170e-03 3.917963e-02 4.373739e-02 5.549435e-02 5.639804e-02 
5.531681e-04 5.138426e-01 4.577346e-01 1.718541e-03 6.277345e-03 2.215746e-02 1.565563e-02 8.592706e-04 4.187981e-03 4.438369e-02 4.955397e-02 6.286870e-02 6.388048e-02 
6.309573e-04 5.142602e-01 4.579103e-01 2.185784e-03 7.926635e-03 2.803383e-02 1.983275e-02 1.092892e-03 5.307651e-03 5.019521e-02 5.601379e-02 7.107202e-02 7.220847e-02 
7.196857e-04 5.144094e-01 4.580367e-01 2.770966e-03 9.963724e-03 3.531986e-02 2.502667e-02 1.385483e-03 6.701058e-03 5.669092e-02 6.324246e-02 8.022175e-02 8.153888e-02 
8.208914e-04 5.149271e-01 4.583599e-01 3.497035e-03 1.247217e-02 4.420825e-02 3.132483e-02 1.748518e-03 8.395120e-03 6.383868e-02 7.123747e-02 9.037374e-02 9.179797e-02 
9.363292e-04 5.155839e-01 4.589358e-01 4.396363e-03 1.550412e-02 5.504024e-02 3.903975e-02 2.198181e-03 1.047270e-02 7.175479e-02 8.004796e-02 1.014845e-01 1.032130e-01 
1.068000e-03 5.162835e-01 4.596185e-01 5.492277e-03 1.911858e-02 6.794381e-02 4.822829e-02 2.746139e-03 1.295319e-02 8.035872e-02 8.968424e-02 1.137199e-01 1.155456e-01 
1.218188e-03 5.172460e-01 4.605688e-01 6.817256e-03 2.339089e-02 8.319195e-02 5.909321e-02 3.408628e-03 1.589340e-02 8.973059e-02 1.000820e-01 1.268891e-01 1.290101e-01 
1.389495e-03 5.184464e-01 4.617033e-01 8.407410e-03 2.836120e-02 1.008784e-01 7.167173e-02 4.203705e-03 1.931144e-02 9.977481e-02 1.113078e-01 1.410648e-01 1.435019e-01 
1.584893e-03 5.198408e-01 4.629775e-01 1.030652e-02 3.418319e-02 1.214803e-01 8.626909e-02 5.153261e-03 2.329042e-02 1.105589e-01 1.233455e-01 1.562989e-01 1.590348e-01 
1.807769e-03 5.214557e-01 4.646193e-01 1.255013e-02 4.081485e-02 1.449293e-01 1.028948e-01 6.275064e-03 2.784131e-02 1.219896e-01 1.360747e-01 1.724886e-01 1.754534e-01 
2.061986e-03 5.232607e-01 4.664408e-01 1.518061e-02 4.846956e-02 1.715976e-01 1.216092e-01 7.590305e-03 3.298964e-02 1.339930e-01 1.496189e-01 1.895971e-01 1.929094e-01 
2.351953e-03 5.252729e-01 4.685463e-01 1.822360e-02 5.705518e-02 2.012510e-01 1.422945e-01 9.111800e-03 3.871435e-02 1.465579e-01 1.636814e-01 2.074885e-01 2.110890e-01 
2.682696e-03 5.273118e-01 4.709559e-01 2.173794e-02 6.681077e-02 2.348315e-01 1.656705e-01 1.086897e-02 4.520429e-02 1.596663e-01 1.784838e-01 2.261715e-01 2.302717e-01 
3.059950e-03 5.295513e-01 4.734568e-01 2.577044e-02 7.762331e-02 2.714278e-01 1.908641e-01 1.288522e-02 5.225590e-02 1.732039e-01 1.938092e-01 2.456709e-01 2.500344e-01 
3.490255e-03 5.318877e-01 4.761814e-01 3.038253e-02 8.982993e-02 3.122863e-01 2.187552e-01 1.519126e-02 6.010016e-02 1.872550e-01 2.098037e-01 2.659400e-01 2.707462e-01 
3.981072e-03 5.340895e-01 4.790466e-01 3.553238e-02 1.033203e-01 3.567595e-01 2.487915e-01 1.776619e-02 6.859494e-02 2.016195e-01 2.262592e-01 2.868373e-01 2.920511e-01 
4.540910e-03 5.365261e-01 4.819444e-01 4.137373e-02 1.180545e-01 4.050507e-01 2.812975e-01 2.068686e-02 7.785401e-02 2.164273e-01 2.432427e-01 3.084412e-01 3.139757e-01 
5.179475e-03 5.387132e-01 4.851521e-01 4.782681e-02 1.342291e-01 4.569141e-01 3.155801e-01 2.391341e-02 8.769689e-02 2.314092e-01 2.605838e-01 3.304378e-01 3.365242e-01 
5.907838e-03 5.408835e-01 4.881504e-01 5.504516e-02 1.519469e-01 5.130663e-01 3.524304e-01 2.752258e-02 9.834553e-02 2.468012e-01 2.785496e-01 3.534210e-01 3.595730e-01 
6.738627e-03 5.428191e-01 4.912650e-01 6.312362e-02 1.716678e-01 5.744827e-01 3.920609e-01 3.156181e-02 1.098779e-01 2.625972e-01 2.972283e-01 3.771164e-01 3.836976e-01 
7.686246e-03 5.449254e-01 4.943407e-01 7.202468e-02 1.928922e-01 6.402647e-01 4.344308e-01 3.601234e-02 1.222798e-01 2.787788e-01 3.162537e-01 4.012827e-01 4.083499e-01 
8.767124e-03 5.469106e-01 4.974512e-01 8.177549e-02 2.155523e-01 7.095377e-01 4.784884e-01 4.088775e-02 1.353033e-01 2.951500e-01 3.357386e-01 4.262262e-01 4.333184e-01 
1.000000e-02 5.487094e-01 5.006320e-01 9.256927e-02 2.402101e-01 7.837083e-01 5.249631e-01 4.628463e-02 1.491900e-01 3.118217e-01 3.557755e-01 4.517603e-01 4.590897e-01 
1.140625e-02 5.505901e-01 5.039374e-01 1.044570e-01 2.668685e-01 8.625466e-01 5.737115e-01 5.222849e-02 1.638990e-01 3.288551e-01 3.763121e-01 4.780709e-01 4.854965e-01 
1.301025e-02 5.523691e-01 5.072264e-01 1.174435e-01 2.953778e-01 9.465122e-01 6.254449e-01 5.872173e-02 1.796294e-01 3.463314e-01 3.973818e-01 5.051714e-01 5.125338e-01 
1.483982e-02 5.542005e-01 5.107634e-01 1.317968e-01 3.259677e-01 1.034723e+00 6.786505e-01 6.589840e-02 1.960856e-01 3.640085e-01 4.189338e-01 5.327279e-01 5.403864e-01 
1.692667e-02 5.559744e-01 5.140969e-01 1.474448e-01 3.587109e-01 1.128792e+00 7.353008e-01 7.372242e-02 2.137132e-01 3.823463e-01 4.410364e-01 5.614030e-01 5.687775e-01 
1.930698e-02 5.579681e-01 5.178696e-01 1.647083e-01 3.939229e-01 1.228663e+00 7.945260e-01 8.235414e-02 2.324143e-01 4.010661e-01 4.637207e-01 5.904930e-01 5.983582e-01 
2.202202e-02 5.598560e-01 5.213441e-01 1.835158e-01 4.315622e-01 1.334080e+00 8.563624e-01 9.175790e-02 2.521627e-01 4.202089e-01 4.869406e-01 6.203950e-01 6.285390e-01 
2.511886e-02 5.619746e-01 5.252288e-01 2.041907e-01 4.713529e-01 1.443633e+00 9.196040e-01 1.020954e-01 2.727781e-01 4.397374e-01 5.104976e-01 6.507757e-01 6.595470e-01 
2.865120e-02 5.641354e-01 5.293122e-01 2.268996e-01 5.139601e-01 1.560850e+00 9.869103e-01 1.134498e-01 2.949641e-01 4.599565e-01 5.347658e-01 6.819245e-01 6.918007e-01 
3.268028e-02 5.662276e-01 5.333874e-01 2.516548e-01 5.591320e-01 1.682992e+00 1.055624e+00 1.258274e-01 3.181182e-01 4.807758e-01 5.594216e-01 7.139029e-01 7.248438e-01 
3.727594e-02 5.686675e-01 5.375513e-01 2.789340e-01 6.077488e-01 1.813942e+00 1.128835e+00 1.394670e-01 3.430903e-01 5.024046e-01 5.847803e-01 7.468327e-01 7.589902e-01 
4.251786e-02 5.713785e-01 5.420422e-01 3.088201e-01 6.592247e-01 1.950221e+00 1.203134e+00 1.544101e-01 3.691463e-01 5.247902e-01 6.103471e-01 7.802635e-01 7.941687e-01 
4.849693e-02 5.739576e-01 5.464257e-01 3.413213e-01 7.145935e-01 2.094434e+00 1.279738e+00 1.706607e-01 3.965905e-01 5.479833e-01 6.362937e-01 8.146455e-01 8.303847e-01 
5.531681e-02 5.769792e-01 5.510391e-01 3.774344e-01 7.742305e-01 2.248766e+00 1.360954e+00 1.887172e-01 4.262357e-01 5.726583e-01 6.625881e-01 8.499789e-01 8.680919e-01 
6.309573e-02 5.802575e-01 5.557803e-01 4.174202e-01 8.378389e-01 2.413634e+00 1.447584e+00 2.087101e-01 4.584216e-01 5.988964e-01 6.891823e-01 8.861469e-01 9.073429e-01 
7.196857e-02 5.839093e-01 5.605097e-01 4.616626e-01 9.065634e-01 2.591955e+00 1.541295e+00 2.308313e-01 4.936276e-01 6.271703e-01 7.160995e-01 9.236855e-01 9.482436e-01 
8.208914e-02 5.880030e-01 5.653906e-01 5.107381e-01 9.803034e-01 2.782802e+00 1.641712e+00 2.553691e-01 5.319237e-01 6.575250e-01 7.431367e-01 9.627867e-01 9.902764e-01 
9.363292e-02 5.920831e-01 5.700322e-01 5.649573e-01 1.060862e+00 2.990825e+00 1.750804e+00 2.824786e-01 5.739648e-01 6.901651e-01 7.704073e-01 1.003094e+00 1.034403e+00 
1.068000e-01 5.966057e-01 5.748373e-01 6.249087e-01 1.148968e+00 3.216994e+00 1.868434e+00 3.124543e-01 6.198395e-01 7.247401e-01 7.981415e-01 1.044738e+00 1.080476e+00 
1.218188e-01 6.008660e-01 5.797640e-01 6.912806e-01 1.246450e+00 3.462912e+00 1.992555e+00 3.456403e-01 6.694952e-01 7.615872e-01 8.259399e-01 1.088298e+00 1.128505e+00 
1.389495e-01 6.050115e-01 5.845587e-01 7.645720e-01 1.353376e+00 3.734858e+00 2.130936e+00 3.822860e-01 7.247221e-01 8.008726e-01 8.550989e-01 1.134778e+00 1.178776e+00 
1.584893e-01 6.089043e-01 5.889075e-01 8.437339e-01 1.467243e+00 4.025256e+00 2.278117e+00 4.218669e-01 7.840339e-01 8.423527e-01 8.845089e-01 1.183083e+00 1.230382e+00 
1.807769e-01 6.122579e-01 5.928709e-01 9.271641e-01 1.587746e+00 4.332632e+00 2.433160e+00 4.635821e-01 8.467971e-01 8.858589e-01 9.139504e-01 1.233722e+00 1.282622e+00 
2.061986e-01 6.158212e-01 5.967541e-01 1.016687e+00 1.716316e+00 4.658345e+00 2.595778e+00 5.083435e-01 9.134352e-01 9.323936e-01 9.429454e-01 1.287347e+00 1.335542e+00 
2.351953e-01 6.195001e-01 6.005682e-01 1.110098e+00 1.850468e+00 4.996085e+00 2.762633e+00 5.550489e-01 9.824523e-01 9.808057e-01 9.701308e-01 1.342565e+00 1.387070e+00 
2.682696e-01 6.226075e-01 6.039789e-01 1.203112e+00 1.985662e+00 5.331436e+00 2.923871e+00 6.015558e-01 1.050211e+00 1.030302e+00 9.931949e-01 1.398279e+00 1.434494e+00 
3.059950e-01 6.249387e-01 6.082715e-01 1.294516e+00 2.120254e+00 5.650862e+00 3.063007e+00 6.472582e-01 1.112873e+00 1.079520e+00 1.010775e+00 1.453169e+00 1.476778e+00 
3.490255e-01 6.266492e-01 6.124945e-01 1.379034e+00 2.243840e+00 5.934130e+00 3.176461e+00 6.895168e-01 1.167552e+00 1.126215e+00 1.021978e+00 1.503380e+00 1.512059e+00 
3.981072e-01 6.279929e-01 6.164116e-01 1.451344e+00 2.348528e+00 6.169338e+00 3.264804e+00 7.256718e-01 1.212445e+00 1.168874e+00 1.027076e+00 1.548835e+00 1.538042e+00 
4.540910e-01 6.283815e-01 6.199516e-01 1.506170e+00 2.430635e+00 6.348507e+00 3.329842e+00 7.530852e-01 1.246148e+00 1.203384e+00 1.028015e+00 1.586597e+00 1.554712e+00 
5.179475e-01 6.287115e-01 6.226523e-01 1.540694e+00 2.487591e+00 6.464050e+00 3.363241e+00 7.703469e-01 1.265549e+00 1.227306e+00 1.025755e+00 1.615546e+00 1.560676e+00 
5.907838e-01 6.284356e-01 6.220906e-01 1.538321e+00 2.490161e+00 6.470734e+00 3.370249e+00 7.691606e-01 1.265352e+00 1.234592e+00 1.017713e+00 1.626959e+00 1.548464e+00 
6.738627e-01 6.264144e-01 6.184604e-01 1.490718e+00 2.427715e+00 6.340178e+00 3.332905e+00 7.453590e-01 1.239904e+00 1.220451e+00 1.004294e+00 1.611568e+00 1.522214e+00 
7.686246e-01 6.253085e-01 6.155475e-01 1.411245e+00 2.304434e+00 6.050650e+00 3.208298e+00 7.056224e-01 1.184979e+00 1.179368e+00 9.865845e-01 1.561597e+00 1.485793e+00 
8.767124e-01 6.241370e-01 6.114862e-01 1.310033e+00 2.140404e+00 5.650431e+00 3.018897e+00 6.550164e-01 1.109207e+00 1.108174e+00 9.715807e-01 1.480667e+00 1.440925e+00 
