     0 5.23097e-02 1.35514e-01
     1 1.76440e-01 2.02803e-01
     2 3.73710e-02 3.77617e-02
     3 1.77361e-02 2.03851e-02
     4 1.02909e-02 1.28900e-02
     5 7.31674e-03 9.14930e-03
     6 5.45126e-03 6.93556e-03
     7 4.28361e-03 5.58688e-03
     8 3.48128e-03 4.55491e-03
     9 2.89000e-03 3.75223e-03
    10 2.46807e-03 3.18370e-03
    11 2.12292e-03 2.74793e-03
    12 1.84161e-03 2.39937e-03
    13 1.62076e-03 2.10619e-03
    14 1.43362e-03 1.87526e-03
    15 1.28426e-03 1.68203e-03
    16 1.16328e-03 1.51057e-03
    17 1.05303e-03 1.36990e-03
    18 9.61469e-04 1.25194e-03
    19 8.82493e-04 1.14454e-03
    20 8.10528e-04 1.04894e-03
    21 7.47055e-04 9.66359e-04
    22 6.90621e-04 8.95149e-04
    23 6.43186e-04 8.32139e-04
    24 5.98812e-04 7.75918e-04
    25 5.58241e-04 7.22679e-04
    26 5.22942e-04 6.76258e-04
    27 4.91496e-04 6.32916e-04
    28 4.63115e-04 5.95526e-04
    29 4.36413e-04 5.61887e-04
    30 4.13537e-04 5.31229e-04
    31 3.92233e-04 5.02341e-04
    32 3.72018e-04 4.76514e-04
    33 3.53715e-04 4.52662e-04
    34 3.36737e-04 4.30727e-04
    35 3.21384e-04 4.10439e-04
    36 3.06484e-04 3.91791e-04
    37 2.92498e-04 3.74315e-04
    38 2.79869e-04 3.58107e-04
    39 2.68274e-04 3.42847e-04
    40 2.57310e-04 3.29107e-04
    41 2.46659e-04 3.15793e-04
    42 2.37063e-04 3.03218e-04
    43 2.28113e-04 2.91689e-04
    44 2.19758e-04 2.80667e-04
    45 2.11650e-04 2.70616e-04
    46 2.04131e-04 2.60710e-04
    47 1.96945e-04 2.51550e-04
    48 1.90169e-04 2.43025e-04
    49 1.83658e-04 2.34736e-04
    50 1.77735e-04 2.26930e-04
    51 1.72001e-04 2.19487e-04
    52 1.66630e-04 2.12470e-04
    53 1.61387e-04 2.05933e-04
    54 1.56458e-04 1.99621e-04
    55 1.51778e-04 1.93562e-04
    56 1.47227e-04 1.87784e-04
    57 1.42945e-04 1.82394e-04
    58 1.38832e-04 1.77271e-04
    59 1.34995e-04 1.72191e-04
    60 1.31226e-04 1.67423e-04
    61 1.27685e-04 1.62911e-04
    62 1.24329e-04 1.58534e-04
    63 1.21012e-04 1.54334e-04
    64 1.17931e-04 1.50398e-04
    65 1.14916e-04 1.46484e-04
    66 1.11967e-04 1.42723e-04
    67 1.09171e-04 1.39200e-04
    68 1.06470e-04 1.35687e-04
    69 1.03876e-04 1.32455e-04
    70 1.01383e-04 1.29315e-04
    71 9.89637e-05 1.26233e-04
    72 9.66793e-05 1.23268e-04
    73 9.44584e-05 1.20397e-04
    74 9.23559e-05 1.17652e-04
    75 9.03040e-05 1.15024e-04
    76 8.83093e-05 1.12494e-04
    77 8.64045e-05 1.09995e-04
    78 8.45161e-05 1.07661e-04
    79 8.27087e-05 1.05357e-04
    80 8.09716e-05 1.03134e-04
    81 7.92973e-05 1.00988e-04
    82 7.76956e-05 9.88849e-05
    83 7.61191e-05 9.68646e-05
    84 7.45901e-05 9.49205e-05
    85 7.31161e-05 9.30393e-05
    86 7.16792e-05 9.11899e-05
    87 7.02921e-05 8.94081e-05
    88 6.89514e-05 8.77050e-05
    89 6.76208e-05 8.60482e-05
    90 6.63588e-05 8.44248e-05
    91 6.51319e-05 8.28422e-05
    92 6.39354e-05 8.13184e-05
    93 6.27820e-05 7.98248e-05
    94 6.16526e-05 7.83705e-05
    95 6.05549e-05 7.69509e-05
    96 5.94650e-05 7.56017e-05
    97 5.84082e-05 7.42826e-05
    98 5.74131e-05 7.29915e-05
    99 5.64357e-05 7.17248e-05
   100 5.54712e-05 7.04772e-05
   101 5.45378e-05 6.92574e-05
   102 5.36238e-05 6.80915e-05
   103 5.27126e-05 6.69398e-05
   104 5.18408e-05 6.58208e-05
   105 5.09829e-05 6.47471e-05
   106 5.01581e-05 6.37037e-05
   107 4.93605e-05 6.26712e-05
   108 4.85859e-05 6.16550e-05
   109 4.78198e-05 6.06797e-05
   110 4.70547e-05 5.97229e-05
   111 4.63183e-05 5.87844e-05
   112 4.56079e-05 5.78847e-05
   113 4.49160e-05 5.69785e-05
   114 4.42438e-05 5.61094e-05
   115 4.35734e-05 5.52465e-05
   116 4.29100e-05 5.44060e-05
   117 4.22718e-05 5.35862e-05
   118 4.16503e-05 5.27852e-05
   119 4.10434e-05 5.20102e-05
   120 4.04457e-05 5.12578e-05
   121 3.98495e-05 5.05065e-05
   122 3.92750e-05 4.97683e-05
   123 3.87174e-05 4.90578e-05
   124 3.81696e-05 4.83477e-05
   125 3.76344e-05 4.76683e-05
   126 3.71187e-05 4.70043e-05
   127 3.66115e-05 4.63503e-05
   128 3.61055e-05 4.57113e-05
   129 3.56098e-05 4.50821e-05
   130 3.51302e-05 4.44651e-05
   131 3.46505e-05 4.38574e-05
   132 3.41807e-05 4.32622e-05
   133 3.37226e-05 4.26932e-05
   134 3.32780e-05 4.21237e-05
   135 3.28425e-05 4.15668e-05
   136 3.24124e-05 4.10173e-05
   137 3.19891e-05 4.04797e-05
   138 3.15833e-05 3.99572e-05
   139 3.11772e-05 3.94426e-05
   140 3.07819e-05 3.89390e-05
   141 3.03908e-05 3.84414e-05
   142 3.00039e-05 3.79474e-05
   143 2.96230e-05 3.74684e-05
   144 2.92562e-05 3.70056e-05
   145 2.88926e-05 3.65473e-05
   146 2.85390e-05 3.60944e-05
   147 2.81859e-05 3.56545e-05
   148 2.78426e-05 3.52144e-05
   149 2.75021e-05 3.47825e-05
   150 2.71711e-05 3.43575e-05
   151 2.68488e-05 3.39460e-05
   152 2.65300e-05 3.35382e-05
   153 2.62104e-05 3.31336e-05
   154 2.59002e-05 3.27424e-05
   155 2.55986e-05 3.23566e-05
   156 2.52971e-05 3.19760e-05
   157 2.50022e-05 3.16039e-05
   158 2.47131e-05 3.12409e-05
   159 2.44284e-05 3.08856e-05
   160 2.41477e-05 3.05302e-05
   161 2.38717e-05 3.01814e-05
   162 2.35997e-05 2.98344e-05
   163 2.33338e-05 2.94945e-05
   164 2.30732e-05 2.91635e-05
   165 2.28132e-05 2.88373e-05
   166 2.25569e-05 2.85160e-05
   167 2.23099e-05 2.82014e-05
   168 2.20665e-05 2.78864e-05
   169 2.18220e-05 2.75796e-05
   170 2.15822e-05 2.72781e-05
   171 2.13488e-05 2.69816e-05
   172 2.11180e-05 2.66896e-05
   173 2.08928e-05 2.64041e-05
   174 2.06668e-05 2.61191e-05
   175 2.04443e-05 2.58366e-05
   176 2.02281e-05 2.55629e-05
   177 2.00131e-05 2.52938e-05
   178 1.98003e-05 2.50272e-05
   179 1.95940e-05 2.47640e-05
   180 1.93895e-05 2.45035e-05
   181 1.91863e-05 2.42506e-05
   182 1.89900e-05 2.39993e-05
   183 1.87962e-05 2.37483e-05
   184 1.86014e-05 2.35009e-05
   185 1.84102e-05 2.32596e-05
   186 1.82207e-05 2.30210e-05
   187 1.80342e-05 2.27845e-05
   188 1.78514e-05 2.25513e-05
   189 1.76731e-05 2.23261e-05
   190 1.74959e-05 2.21044e-05
   191 1.73197e-05 2.18833e-05
   192 1.71470e-05 2.16675e-05
   193 1.69781e-05 2.14540e-05
   194 1.68103e-05 2.12442e-05
   195 1.66448e-05 2.10388e-05
   196 1.64814e-05 2.08316e-05
   197 1.63202e-05 2.06284e-05
   198 1.61604e-05 2.04263e-05
   199 1.60049e-05 2.02281e-05
   200 1.58508e-05 2.00332e-05
   201 1.56967e-05 1.98393e-05
   202 1.55475e-05 1.96488e-05
   203 1.54004e-05 1.94594e-05
   204 1.52549e-05 1.92755e-05
   205 1.51102e-05 1.90920e-05
   206 1.49673e-05 1.89111e-05
   207 1.48264e-05 1.87352e-05
   208 1.46882e-05 1.85597e-05
   209 1.45515e-05 1.83859e-05
   210 1.44134e-05 1.82148e-05
   211 1.42805e-05 1.80465e-05
   212 1.41478e-05 1.78810e-05
   213 1.40178e-05 1.77149e-05
   214 1.38905e-05 1.75520e-05
   215 1.37637e-05 1.73923e-05
   216 1.36399e-05 1.72328e-05
   217 1.35148e-05 1.70750e-05
   218 1.33921e-05 1.69197e-05
   219 1.32705e-05 1.67665e-05
   220 1.31520e-05 1.66151e-05
   221 1.30348e-05 1.64657e-05
   222 1.29184e-05 1.63186e-05
   223 1.28035e-05 1.61737e-05
   224 1.26889e-05 1.60298e-05
   225 1.25755e-05 1.58892e-05
   226 1.24637e-05 1.57490e-05
   227 1.23545e-05 1.56107e-05
   228 1.22457e-05 1.54743e-05
   229 1.21386e-05 1.53367e-05
   230 1.20329e-05 1.52034e-05
   231 1.19273e-05 1.50706e-05
   232 1.18228e-05 1.49408e-05
   233 1.17199e-05 1.48120e-05
   234 1.16181e-05 1.46844e-05
   235 1.15181e-05 1.45591e-05
   236 1.14188e-05 1.44347e-05
   237 1.13217e-05 1.43128e-05
   238 1.12260e-05 1.41916e-05
   239 1.11309e-05 1.40704e-05
   240 1.10362e-05 1.39513e-05
   241 1.09421e-05 1.38321e-05
   242 1.08505e-05 1.37169e-05
   243 1.07600e-05 1.36024e-05
   244 1.06702e-05 1.34882e-05
   245 1.05819e-05 1.33749e-05
   246 1.04939e-05 1.32644e-05
   247 1.04067e-05 1.31541e-05
   248 1.03210e-05 1.30461e-05
   249 1.02363e-05 1.29392e-05
   250 1.01519e-05 1.28335e-05
   251 1.00675e-05 1.27283e-05
   252 9.98367e-06 1.26247e-05
   253 9.90332e-06 1.25204e-05
   254 9.82326e-06 1.24191e-05
   255 9.74364e-06 1.23196e-05
   256 9.66418e-06 1.22203e-05
   257 9.58751e-06 1.21229e-05
   258 9.50997e-06 1.20255e-05
   259 9.43239e-06 1.19280e-05
   260 9.35671e-06 1.18326e-05
   261 9.28194e-06 1.17378e-05
   262 9.20792e-06 1.16445e-05
   263 9.13537e-06 1.15517e-05
   264 9.06340e-06 1.14604e-05
   265 8.99202e-06 1.13714e-05
   266 8.92126e-06 1.12824e-05
   267 8.85041e-06 1.11937e-05
   268 8.78133e-06 1.11072e-05
   269 8.71205e-06 1.10209e-05
   270 8.64409e-06 1.09350e-05
   271 8.57684e-06 1.08499e-05
   272 8.51026e-06 1.07665e-05
   273 8.44459e-06 1.06832e-05
   274 8.37932e-06 1.06005e-05
   275 8.31525e-06 1.05187e-05
   276 8.25092e-06 1.04380e-05
   277 8.18725e-06 1.03587e-05
   278 8.12450e-06 1.02791e-05
   279 8.06273e-06 1.02002e-05
   280 8.00106e-06 1.01227e-05
   281 7.94005e-06 1.00466e-05
   282 7.87992e-06 9.96999e-06
   283 7.82046e-06 9.89421e-06
   284 7.76075e-06 9.81963e-06
   285 7.70173e-06 9.74656e-06
   286 7.64435e-06 9.67354e-06
   287 7.58670e-06 9.60195e-06
   288 7.53001e-06 9.53103e-06
   289 7.47390e-06 9.46094e-06
   290 7.41899e-06 9.39055e-06
   291 7.36438e-06 9.32101e-06
   292 7.31018e-06 9.25189e-06
   293 7.25632e-06 9.18338e-06
   294 7.20285e-06 9.11598e-06
   295 7.14936e-06 9.04933e-06
   296 7.09619e-06 8.98285e-06
   297 7.04368e-06 8.91786e-06
   298 6.99229e-06 8.85256e-06
   299 6.94146e-06 8.78792e-06
   300 6.89086e-06 8.72440e-06
   301 6.84053e-06 8.66145e-06
   302 6.79095e-06 8.59879e-06
   303 6.74190e-06 8.53696e-06
   304 6.69270e-06 8.47590e-06
   305 6.64473e-06 8.41620e-06
   306 6.59715e-06 8.35599e-06
   307 6.54975e-06 8.29585e-06
   308 6.50330e-06 8.23619e-06
   309 6.45742e-06 8.17813e-06
   310 6.41152e-06 8.12027e-06
   311 6.36639e-06 8.06252e-06
   312 6.32152e-06 8.00540e-06
   313 6.27708e-06 7.94928e-06
   314 6.23259e-06 7.89308e-06
   315 6.18891e-06 7.83785e-06
   316 6.14544e-06 7.78302e-06
   317 6.10202e-06 7.72908e-06
   318 6.05874e-06 7.67523e-06
   319 6.01602e-06 7.62205e-06
   320 5.97415e-06 7.56890e-06
   321 5.93288e-06 7.51674e-06
   322 5.89154e-06 7.46517e-06
   323 5.85063e-06 7.41320e-06
   324 5.80997e-06 7.36241e-06
   325 5.77036e-06 7.31149e-06
   326 5.73116e-06 7.26162e-06
   327 5.69180e-06 7.21156e-06
   328 5.65273e-06 7.16255e-06
   329 5.61392e-06 7.11382e-06
   330 5.57575e-06 7.06603e-06
   331 5.53785e-06 7.01837e-06
   332 5.50043e-06 6.97134e-06
   333 5.46292e-06 6.92451e-06
   334 5.42603e-06 6.87751e-06
   335 5.38933e-06 6.83068e-06
   336 5.35274e-06 6.78500e-06
   337 5.31688e-06 6.74001e-06
   338 5.28110e-06 6.69477e-06
   339 5.24539e-06 6.65006e-06
   340 5.21037e-06 6.60565e-06
   341 5.17569e-06 6.56152e-06
   342 5.14113e-06 6.51816e-06
   343 5.10708e-06 6.47490e-06
   344 5.07337e-06 6.43201e-06
   345 5.03951e-06 6.38966e-06
   346 5.00605e-06 6.34717e-06
   347 4.97269e-06 6.30533e-06
   348 4.94011e-06 6.26392e-06
   349 4.90773e-06 6.22339e-06
   350 4.87571e-06 6.18265e-06
   351 4.84376e-06 6.14236e-06
   352 4.81210e-06 6.10247e-06
   353 4.78063e-06 6.06287e-06
   354 4.74960e-06 6.02337e-06
   355 4.71837e-06 5.98451e-06
   356 4.68763e-06 5.94585e-06
   357 4.65722e-06 5.90771e-06
   358 4.62694e-06 5.86932e-06
   359 4.59737e-06 5.83159e-06
   360 4.56785e-06 5.79444e-06
   361 4.53828e-06 5.75718e-06
   362 4.50906e-06 5.72023e-06
   363 4.48026e-06 5.68404e-06
   364 4.45158e-06 5.64813e-06
   365 4.42322e-06 5.61222e-06
   366 4.39490e-06 5.57623e-06
   367 4.36697e-06 5.54112e-06
   368 4.33910e-06 5.50630e-06
   369 4.31136e-06 5.47101e-06
   370 4.28398e-06 5.43727e-06
   371 4.25688e-06 5.40320e-06
   372 4.22974e-06 5.36887e-06
   373 4.20276e-06 5.33516e-06
   374 4.17642e-06 5.30227e-06
   375 4.15028e-06 5.26897e-06
   376 4.12450e-06 5.23614e-06
   377 4.09859e-06 5.20367e-06
   378 4.07301e-06 5.17097e-06
   379 4.04760e-06 5.13889e-06
   380 4.02222e-06 5.10702e-06
   381 3.99709e-06 5.07527e-06
   382 3.97246e-06 5.04401e-06
   383 3.94794e-06 5.01295e-06
   384 3.92345e-06 4.98236e-06
   385 3.89927e-06 4.95165e-06
   386 3.87519e-06 4.92112e-06
   387 3.85104e-06 4.89126e-06
   388 3.82721e-06 4.86123e-06
   389 3.80401e-06 4.83146e-06
   390 3.78072e-06 4.80179e-06
   391 3.75761e-06 4.77276e-06
   392 3.73506e-06 4.74399e-06
   393 3.71227e-06 4.71515e-06
   394 3.68962e-06 4.68627e-06
   395 3.66716e-06 4.65779e-06
   396 3.64501e-06 4.62957e-06
   397 3.62306e-06 4.60169e-06
   398 3.60103e-06 4.57430e-06
   399 3.57906e-06 4.54661e-06
   400 3.55742e-06 4.51913e-06
   401 3.53581e-06 4.49216e-06
   402 3.51444e-06 4.46545e-06
   403 3.49340e-06 4.43867e-06
   404 3.47254e-06 4.41225e-06
   405 3.45185e-06 4.38609e-06
   406 3.43130e-06 4.36019e-06
   407 3.41090e-06 4.33424e-06
   408 3.39063e-06 4.30878e-06
   409 3.37047e-06 4.28346e-06
   410 3.35060e-06 4.25808e-06
   411 3.33067e-06 4.23284e-06
   412 3.31099e-06 4.20805e-06
   413 3.29157e-06 4.18335e-06
   414 3.27216e-06 4.15858e-06
   415 3.25304e-06 4.13434e-06
   416 3.23389e-06 4.11026e-06
   417 3.21472e-06 4.08641e-06
   418 3.19576e-06 4.06278e-06
   419 3.17721e-06 4.03894e-06
   420 3.15878e-06 4.01545e-06
   421 3.14058e-06 3.99215e-06
   422 3.12224e-06 3.96921e-06
   423 3.10405e-06 3.94610e-06
   424 3.08606e-06 3.92332e-06
   425 3.06831e-06 3.90071e-06
   426 3.05056e-06 3.87820e-06
   427 3.03297e-06 3.85598e-06
   428 3.01571e-06 3.83406e-06
   429 2.99838e-06 3.81208e-06
   430 2.98107e-06 3.79024e-06
   431 2.96376e-06 3.76865e-06
   432 2.94678e-06 3.74732e-06
   433 2.92997e-06 3.72596e-06
   434 2.91316e-06 3.70481e-06
   435 2.89651e-06 3.68358e-06
   436 2.87995e-06 3.66271e-06
   437 2.86362e-06 3.64196e-06
   438 2.84730e-06 3.62142e-06
   439 2.83126e-06 3.60100e-06
   440 2.81537e-06 3.58075e-06
   441 2.79937e-06 3.56053e-06
   442 2.78350e-06 3.54025e-06
   443 2.76774e-06 3.52045e-06
   444 2.75229e-06 3.50076e-06
   445 2.73677e-06 3.48113e-06
   446 2.72132e-06 3.46157e-06
   447 2.70607e-06 3.44225e-06
   448 2.69106e-06 3.42298e-06
   449 2.67602e-06 3.40374e-06
   450 2.66111e-06 3.38471e-06
   451 2.64620e-06 3.36597e-06
   452 2.63137e-06 3.34741e-06
   453 2.61661e-06 3.32869e-06
   454 2.60207e-06 3.31031e-06
   455 2.58773e-06 3.29206e-06
   456 2.57336e-06 3.27390e-06
   457 2.55912e-06 3.25581e-06
   458 2.54509e-06 3.23796e-06
   459 2.53110e-06 3.22022e-06
   460 2.51731e-06 3.20270e-06
   461 2.50322e-06 3.18517e-06
   462 2.48942e-06 3.16776e-06
   463 2.47580e-06 3.15040e-06
   464 2.46217e-06 3.13332e-06
   465 2.44886e-06 3.11626e-06
   466 2.43560e-06 3.09941e-06
   467 2.42233e-06 3.08254e-06
   468 2.40904e-06 3.06579e-06
   469 2.39586e-06 3.04912e-06
   470 2.38295e-06 3.03252e-06
   471 2.37011e-06 3.01607e-06
   472 2.35712e-06 2.99983e-06
   473 2.34432e-06 2.98371e-06
   474 2.33173e-06 2.96749e-06
   475 2.31932e-06 2.95166e-06
   476 2.30697e-06 2.93596e-06
   477 2.29449e-06 2.92022e-06
   478 2.28208e-06 2.90456e-06
   479 2.26976e-06 2.88894e-06
   480 2.25773e-06 2.87344e-06
   481 2.24576e-06 2.85807e-06
   482 2.23382e-06 2.84295e-06
   483 2.22187e-06 2.82787e-06
   484 2.20998e-06 2.81292e-06
   485 2.19830e-06 2.79797e-06
   486 2.18666e-06 2.78308e-06
   487 2.17493e-06 2.76840e-06
   488 2.16336e-06 2.75388e-06
   489 2.15185e-06 2.73917e-06
   490 2.14057e-06 2.72481e-06
   491 2.12931e-06 2.71065e-06
   492 2.11810e-06 2.69637e-06
   493 2.10691e-06 2.68206e-06
   494 2.09579e-06 2.66811e-06
   495 2.08488e-06 2.65419e-06
   496 2.07401e-06 2.64026e-06
   497 2.06319e-06 2.62652e-06
   498 2.05250e-06 2.61296e-06
   499 2.04180e-06 2.59929e-06
   500 2.03116e-06 2.58578e-06
   501 2.02060e-06 2.57237e-06
   502 2.01008e-06 2.55916e-06
   503 1.99968e-06 2.54585e-06
   504 1.98928e-06 2.53259e-06
   505 1.97889e-06 2.51957e-06
   506 1.96871e-06 2.50662e-06
   507 1.95861e-06 2.49375e-06
   508 1.94858e-06 2.48088e-06
   509 1.93847e-06 2.46822e-06
   510 1.92852e-06 2.45551e-06
   511 1.91872e-06 2.44287e-06
   512 1.90886e-06 2.43035e-06
   513 1.89910e-06 2.41791e-06
   514 1.88938e-06 2.40559e-06
   515 1.87962e-06 2.39340e-06
   516 1.87005e-06 2.38109e-06
   517 1.86060e-06 2.36905e-06
   518 1.85120e-06 2.35699e-06
   519 1.84173e-06 2.34502e-06
   520 1.83239e-06 2.33312e-06
   521 1.82307e-06 2.32124e-06
   522 1.81387e-06 2.30959e-06
   523 1.80473e-06 2.29789e-06
   524 1.79568e-06 2.28618e-06
   525 1.78654e-06 2.27464e-06
   526 1.77741e-06 2.26317e-06
   527 1.76847e-06 2.25184e-06
   528 1.75958e-06 2.24044e-06
   529 1.75074e-06 2.22919e-06
   530 1.74192e-06 2.21790e-06
   531 1.73326e-06 2.20683e-06
   532 1.72469e-06 2.19577e-06
   533 1.71617e-06 2.18480e-06
   534 1.70763e-06 2.17394e-06
   535 1.69907e-06 2.16316e-06
   536 1.69064e-06 2.15244e-06
   537 1.68220e-06 2.14181e-06
   538 1.67380e-06 2.13113e-06
   539 1.66551e-06 2.12055e-06
   540 1.65741e-06 2.11007e-06
   541 1.64934e-06 2.09964e-06
   542 1.64128e-06 2.08930e-06
   543 1.63321e-06 2.07894e-06
   544 1.62523e-06 2.06858e-06
   545 1.61719e-06 2.05841e-06
   546 1.60929e-06 2.04837e-06
   547 1.60133e-06 2.03856e-06
   548 1.59348e-06 2.02856e-06
   549 1.58565e-06 2.01859e-06
   550 1.57789e-06 2.00879e-06
   551 1.57019e-06 1.99896e-06
   552 1.56249e-06 1.98926e-06
   553 1.55489e-06 1.97955e-06
   554 1.54732e-06 1.96989e-06
   555 1.53986e-06 1.96037e-06
   556 1.53249e-06 1.95075e-06
   557 1.52512e-06 1.94127e-06
   558 1.51774e-06 1.93190e-06
   559 1.51048e-06 1.92252e-06
   560 1.50316e-06 1.91323e-06
   561 1.49587e-06 1.90400e-06
   562 1.48861e-06 1.89473e-06
   563 1.48150e-06 1.88563e-06
   564 1.47440e-06 1.87668e-06
   565 1.46736e-06 1.86768e-06
   566 1.46041e-06 1.85877e-06
   567 1.45341e-06 1.84982e-06
   568 1.44648e-06 1.84099e-06
   569 1.43960e-06 1.83220e-06
   570 1.43279e-06 1.82351e-06
   571 1.42601e-06 1.81475e-06
   572 1.41925e-06 1.80614e-06
   573 1.41256e-06 1.79746e-06
   574 1.40586e-06 1.78894e-06
   575 1.39920e-06 1.78043e-06
   576 1.39256e-06 1.77199e-06
   577 1.38600e-06 1.76366e-06
   578 1.37952e-06 1.75532e-06
   579 1.37302e-06 1.74690e-06
   580 1.36663e-06 1.73865e-06
   581 1.36022e-06 1.73047e-06
   582 1.35383e-06 1.72237e-06
   583 1.34748e-06 1.71419e-06
   584 1.34120e-06 1.70615e-06
   585 1.33494e-06 1.69817e-06
   586 1.32874e-06 1.69021e-06
   587 1.32256e-06 1.68228e-06
   588 1.31643e-06 1.67445e-06
   589 1.31033e-06 1.66670e-06
   590 1.30424e-06 1.65894e-06
   591 1.29825e-06 1.65112e-06
   592 1.29228e-06 1.64345e-06
   593 1.28629e-06 1.63580e-06
   594 1.28035e-06 1.62826e-06
   595 1.27442e-06 1.62069e-06
   596 1.26850e-06 1.61322e-06
   597 1.26267e-06 1.60581e-06
   598 1.25693e-06 1.59835e-06
   599 1.25117e-06 1.59086e-06
   600 1.24533e-06 1.58352e-06
   601 1.23970e-06 1.57625e-06
   602 1.23399e-06 1.56900e-06
   603 1.22836e-06 1.56173e-06
   604 1.22280e-06 1.55454e-06
   605 1.21719e-06 1.54736e-06
   606 1.21166e-06 1.54031e-06
   607 1.20618e-06 1.53327e-06
   608 1.20076e-06 1.52632e-06
   609 1.19534e-06 1.51934e-06
   610 1.18993e-06 1.51240e-06
   611 1.18456e-06 1.50549e-06
   612 1.17919e-06 1.49865e-06
   613 1.17389e-06 1.49183e-06
   614 1.16864e-06 1.48502e-06
   615 1.16339e-06 1.47830e-06
   616 1.15816e-06 1.47163e-06
   617 1.15293e-06 1.46496e-06
   618 1.14771e-06 1.45837e-06
   619 1.14259e-06 1.45178e-06
   620 1.13748e-06 1.44520e-06
   621 1.13241e-06 1.43866e-06
   622 1.12737e-06 1.43217e-06
   623 1.12235e-06 1.42575e-06
   624 1.11730e-06 1.41941e-06
   625 1.11237e-06 1.41297e-06
   626 1.10741e-06 1.40667e-06
   627 1.10251e-06 1.40042e-06
   628 1.09763e-06 1.39417e-06
   629 1.09281e-06 1.38792e-06
   630 1.08797e-06 1.38171e-06
   631 1.08320e-06 1.37560e-06
   632 1.07843e-06 1.36951e-06
   633 1.07370e-06 1.36340e-06
   634 1.06899e-06 1.35733e-06
   635 1.06428e-06 1.35128e-06
   636 1.05958e-06 1.34528e-06
   637 1.05494e-06 1.33937e-06
   638 1.05031e-06 1.33343e-06
   639 1.04568e-06 1.32752e-06
   640 1.04112e-06 1.32168e-06
   641 1.03659e-06 1.31584e-06
   642 1.03211e-06 1.31008e-06
   643 1.02765e-06 1.30434e-06
   644 1.02322e-06 1.29859e-06
   645 1.01876e-06 1.29287e-06
   646 1.01434e-06 1.28722e-06
   647 1.00995e-06 1.28159e-06
   648 1.00561e-06 1.27601e-06
   649 1.00125e-06 1.27039e-06
   650 9.96913e-07 1.26481e-06
   651 9.92656e-07 1.25935e-06
   652 9.88394e-07 1.25388e-06
   653 9.84193e-07 1.24839e-06
   654 9.80026e-07 1.24303e-06
   655 9.75811e-07 1.23766e-06
   656 9.71648e-07 1.23229e-06
   657 9.67482e-07 1.22691e-06
   658 9.63291e-07 1.22155e-06
   659 9.59176e-07 1.21626e-06
   660 9.55081e-07 1.21102e-06
   661 9.51046e-07 1.20579e-06
   662 9.47030e-07 1.20060e-06
   663 9.43014e-07 1.19551e-06
   664 9.39014e-07 1.19038e-06
   665 9.35030e-07 1.18526e-06
   666 9.31065e-07 1.18008e-06
   667 9.27161e-07 1.17504e-06
   668 9.23267e-07 1.17004e-06
   669 9.19364e-07 1.16501e-06
   670 9.15472e-07 1.16006e-06
   671 9.11640e-07 1.15514e-06
   672 9.07804e-07 1.15022e-06
   673 9.04009e-07 1.14531e-06
   674 9.00250e-07 1.14044e-06
   675 8.96501e-07 1.13560e-06
   676 8.92728e-07 1.13080e-06
   677 8.89015e-07 1.12597e-06
   678 8.85327e-07 1.12117e-06
   679 8.81619e-07 1.11644e-06
   680 8.77968e-07 1.11174e-06
   681 8.74310e-07 1.10706e-06
   682 8.70681e-07 1.10240e-06
   683 8.67048e-07 1.09773e-06
   684 8.63437e-07 1.09315e-06
   685 8.59880e-07 1.08854e-06
   686 8.56346e-07 1.08396e-06
   687 8.52803e-07 1.07943e-06
   688 8.49297e-07 1.07492e-06
   689 8.45784e-07 1.07040e-06
   690 8.42338e-07 1.06591e-06
   691 8.38890e-07 1.06146e-06
   692 8.35441e-07 1.05704e-06
   693 8.32018e-07 1.05266e-06
   694 8.28611e-07 1.04828e-06
   695 8.25202e-07 1.04389e-06
   696 8.21828e-07 1.03955e-06
   697 8.18507e-07 1.03525e-06
   698 8.15194e-07 1.03095e-06
   699 8.11857e-07 1.02669e-06
   700 8.08614e-07 1.02244e-06
   701 8.05356e-07 1.01826e-06
   702 8.02127e-07 1.01398e-06
   703 7.98909e-07 1.00979e-06
   704 7.95657e-07 1.00561e-06
   705 7.92471e-07 1.00143e-06
   706 7.89273e-07 9.97338e-07
   707 7.86068e-07 9.93279e-07
   708 7.82891e-07 9.89249e-07
   709 7.79736e-07 9.85162e-07
   710 7.76616e-07 9.81152e-07
   711 7.73501e-07 9.77144e-07
   712 7.70373e-07 9.73136e-07
   713 7.67301e-07 9.69169e-07
   714 7.64262e-07 9.65233e-07
   715 7.61231e-07 9.61313e-07
   716 7.58203e-07 9.57429e-07
   717 7.55199e-07 9.53530e-07
   718 7.52162e-07 9.49663e-07
   719 7.49189e-07 9.45791e-07
   720 7.46207e-07 9.41978e-07
   721 7.43237e-07 9.38192e-07
   722 7.40320e-07 9.34387e-07
   723 7.37410e-07 9.30595e-07
   724 7.34512e-07 9.26810e-07
   725 7.31646e-07 9.23102e-07
   726 7.28768e-07 9.19398e-07
   727 7.25929e-07 9.15685e-07
   728 7.23060e-07 9.12009e-07
   729 7.20220e-07 9.08336e-07
   730 7.17408e-07 9.04735e-07
   731 7.14622e-07 9.01147e-07
   732 7.11838e-07 8.97543e-07
   733 7.09084e-07 8.93941e-07
   734 7.06315e-07 8.90368e-07
   735 7.03587e-07 8.86815e-07
   736 7.00830e-07 8.83252e-07
   737 6.98105e-07 8.79719e-07
   738 6.95397e-07 8.76223e-07
   739 6.92719e-07 8.72759e-07
   740 6.90050e-07 8.69321e-07
   741 6.87394e-07 8.65874e-07
   742 6.84716e-07 8.62446e-07
   743 6.82077e-07 8.59053e-07
   744 6.79488e-07 8.55644e-07
   745 6.76871e-07 8.52247e-07
   746 6.74275e-07 8.48897e-07
   747 6.71671e-07 8.45533e-07
   748 6.69107e-07 8.42183e-07
   749 6.66555e-07 8.38870e-07
   750 6.64025e-07 8.35584e-07
   751 6.61514e-07 8.32319e-07
   752 6.59004e-07 8.29061e-07
   753 6.56526e-07 8.25828e-07
   754 6.54010e-07 8.22610e-07
   755 6.51534e-07 8.19384e-07
   756 6.49073e-07 8.16214e-07
   757 6.46613e-07 8.13047e-07
   758 6.44179e-07 8.09896e-07
   759 6.41742e-07 8.06722e-07
   760 6.39316e-07 8.03595e-07
   761 6.36899e-07 8.00495e-07
   762 6.34502e-07 7.97381e-07
   763 6.32127e-07 7.94292e-07
   764 6.29756e-07 7.91236e-07
   765 6.27393e-07 7.88148e-07
   766 6.25020e-07 7.85122e-07
   767 6.22691e-07 7.82119e-07
   768 6.20371e-07 7.79087e-07
   769 6.18083e-07 7.76111e-07
   770 6.15782e-07 7.73140e-07
   771 6.13493e-07 7.70187e-07
   772 6.11199e-07 7.67217e-07
   773 6.08929e-07 7.64276e-07
   774 6.06694e-07 7.61359e-07
   775 6.04447e-07 7.58461e-07
   776 6.02225e-07 7.55583e-07
   777 6.00004e-07 7.52712e-07
   778 5.97761e-07 7.49863e-07
   779 5.95567e-07 7.46981e-07
   780 5.93382e-07 7.44149e-07
   781 5.91230e-07 7.41331e-07
   782 5.89081e-07 7.38503e-07
   783 5.86951e-07 7.35701e-07
   784 5.84774e-07 7.32914e-07
   785 5.82609e-07 7.30141e-07
   786 5.80488e-07 7.27390e-07
   787 5.78375e-07 7.24654e-07
   788 5.76262e-07 7.21942e-07
   789 5.74191e-07 7.19220e-07
   790 5.72106e-07 7.16544e-07
   791 5.70027e-07 7.13865e-07
   792 5.67960e-07 7.11168e-07
   793 5.65909e-07 7.08492e-07
   794 5.63851e-07 7.05854e-07
   795 5.61824e-07 7.03261e-07
   796 5.59815e-07 7.00610e-07
   797 5.57808e-07 6.98002e-07
   798 5.55821e-07 6.95393e-07
   799 5.53811e-07 6.92815e-07
   800 5.51832e-07 6.90229e-07
   801 5.49864e-07 6.87654e-07
   802 5.47876e-07 6.85139e-07
   803 5.45929e-07 6.82600e-07
   804 5.43975e-07 6.80057e-07
   805 5.42038e-07 6.77530e-07
   806 5.40103e-07 6.75003e-07
   807 5.38180e-07 6.72512e-07
   808 5.36282e-07 6.70062e-07
   809 5.34391e-07 6.67605e-07
   810 5.32501e-07 6.65159e-07
   811 5.30637e-07 6.62702e-07
   812 5.28750e-07 6.60268e-07
   813 5.26902e-07 6.57843e-07
   814 5.25024e-07 6.55429e-07
   815 5.23172e-07 6.53038e-07
   816 5.21347e-07 6.50649e-07
   817 5.19507e-07 6.48269e-07
   818 5.17693e-07 6.45896e-07
   819 5.15881e-07 6.43558e-07
   820 5.14091e-07 6.41223e-07
   821 5.12301e-07 6.38902e-07
   822 5.10517e-07 6.36577e-07
   823 5.08730e-07 6.34259e-07
   824 5.06963e-07 6.31935e-07
   825 5.05205e-07 6.29643e-07
   826 5.03460e-07 6.27361e-07
   827 5.01721e-07 6.25106e-07
   828 4.99981e-07 6.22868e-07
   829 4.98225e-07 6.20594e-07
   830 4.96491e-07 6.18341e-07
   831 4.94773e-07 6.16117e-07
   832 4.93066e-07 6.13925e-07
   833 4.91397e-07 6.11721e-07
   834 4.89719e-07 6.09548e-07
   835 4.88046e-07 6.07379e-07
   836 4.86382e-07 6.05209e-07
   837 4.84727e-07 6.03031e-07
   838 4.83060e-07 6.00863e-07
   839 4.81418e-07 5.98756e-07
   840 4.79778e-07 5.96638e-07
   841 4.78153e-07 5.94523e-07
   842 4.76543e-07 5.92430e-07
   843 4.74930e-07 5.90307e-07
   844 4.73322e-07 5.88207e-07
   845 4.71727e-07 5.86125e-07
   846 4.70143e-07 5.84043e-07
   847 4.68532e-07 5.81981e-07
   848 4.66934e-07 5.79919e-07
   849 4.65362e-07 5.77870e-07
   850 4.63810e-07 5.75835e-07
   851 4.62255e-07 5.73775e-07
   852 4.60712e-07 5.71778e-07
   853 4.59186e-07 5.69778e-07
   854 4.57664e-07 5.67812e-07
   855 4.56127e-07 5.65825e-07
   856 4.54596e-07 5.63842e-07
   857 4.53099e-07 5.61861e-07
   858 4.51599e-07 5.59916e-07
   859 4.50093e-07 5.57981e-07
   860 4.48602e-07 5.56022e-07
   861 4.47127e-07 5.54092e-07
   862 4.45642e-07 5.52161e-07
   863 4.44168e-07 5.50240e-07
   864 4.42701e-07 5.48323e-07
   865 4.41244e-07 5.46421e-07
   866 4.39784e-07 5.44533e-07
   867 4.38358e-07 5.42650e-07
   868 4.36922e-07 5.40768e-07
   869 4.35472e-07 5.38902e-07
   870 4.34041e-07 5.37055e-07
   871 4.32626e-07 5.35203e-07
   872 4.31217e-07 5.33361e-07
   873 4.29808e-07 5.31554e-07
   874 4.28408e-07 5.29741e-07
   875 4.27031e-07 5.27926e-07
   876 4.25662e-07 5.26116e-07
   877 4.24288e-07 5.24324e-07
   878 4.22907e-07 5.22529e-07
   879 4.21536e-07 5.20735e-07
   880 4.20174e-07 5.18941e-07
   881 4.18818e-07 5.17171e-07
   882 4.17469e-07 5.15408e-07
   883 4.16123e-07 5.13661e-07
   884 4.14781e-07 5.11953e-07
   885 4.13451e-07 5.10228e-07
   886 4.12143e-07 5.08503e-07
   887 4.10824e-07 5.06791e-07
   888 4.09508e-07 5.05077e-07
   889 4.08202e-07 5.03375e-07
   890 4.06912e-07 5.01672e-07
   891 4.05615e-07 5.00004e-07
   892 4.04333e-07 4.98328e-07
   893 4.03059e-07 4.96672e-07
   894 4.01777e-07 4.95018e-07
   895 4.00505e-07 4.93373e-07
   896 3.99242e-07 4.91719e-07
   897 3.97978e-07 4.90079e-07
   898 3.96729e-07 4.88439e-07
   899 3.95469e-07 4.86809e-07
   900 3.94228e-07 4.85182e-07
   901 3.93006e-07 4.83575e-07
   902 3.91773e-07 4.81981e-07
   903 3.90546e-07 4.80376e-07
   904 3.89318e-07 4.78793e-07
   905 3.88119e-07 4.77225e-07
   906 3.86921e-07 4.75647e-07
   907 3.85705e-07 4.74081e-07
   908 3.84508e-07 4.72514e-07
   909 3.83322e-07 4.70984e-07
   910 3.82135e-07 4.69424e-07
   911 3.80962e-07 4.67875e-07
   912 3.79781e-07 4.66352e-07
   913 3.78605e-07 4.64842e-07
   914 3.77442e-07 4.63320e-07
   915 3.76286e-07 4.61792e-07
   916 3.75142e-07 4.60298e-07
   917 3.73989e-07 4.58800e-07
   918 3.72842e-07 4.57314e-07
   919 3.71711e-07 4.55817e-07
   920 3.70572e-07 4.54342e-07
   921 3.69441e-07 4.52873e-07
   922 3.68316e-07 4.51406e-07
   923 3.67190e-07 4.49941e-07
   924 3.66066e-07 4.48484e-07
   925 3.64949e-07 4.47030e-07
   926 3.63856e-07 4.45597e-07
   927 3.62756e-07 4.44161e-07
   928 3.61671e-07 4.42727e-07
   929 3.60568e-07 4.41302e-07
   930 3.59496e-07 4.39879e-07
   931 3.58439e-07 4.38477e-07
   932 3.57359e-07 4.37078e-07
   933 3.56285e-07 4.35686e-07
   934 3.55226e-07 4.34299e-07
   935 3.54171e-07 4.32921e-07
   936 3.53112e-07 4.31544e-07
   937 3.52053e-07 4.30180e-07
   938 3.51003e-07 4.28829e-07
   939 3.49964e-07 4.27469e-07
   940 3.48920e-07 4.26110e-07
   941 3.47881e-07 4.24751e-07
   942 3.46835e-07 4.23407e-07
   943 3.45809e-07 4.22070e-07
   944 3.44803e-07 4.20737e-07
   945 3.43789e-07 4.19425e-07
   946 3.42779e-07 4.18115e-07
   947 3.41775e-07 4.16791e-07
   948 3.40768e-07 4.15473e-07
   949 3.39790e-07 4.14181e-07
   950 3.38809e-07 4.12891e-07
   951 3.37831e-07 4.11604e-07
   952 3.36862e-07 4.10332e-07
   953 3.35870e-07 4.09043e-07
   954 3.34898e-07 4.07769e-07
   955 3.33923e-07 4.06498e-07
   956 3.32969e-07 4.05221e-07
   957 3.32011e-07 4.03969e-07
   958 3.31059e-07 4.02712e-07
   959 3.30107e-07 4.01475e-07
   960 3.29155e-07 4.00231e-07
   961 3.28208e-07 3.99001e-07
   962 3.27260e-07 3.97773e-07
   963 3.26329e-07 3.96544e-07
   964 3.25401e-07 3.95316e-07
   965 3.24489e-07 3.94116e-07
   966 3.23572e-07 3.92898e-07
   967 3.22658e-07 3.91694e-07
   968 3.21735e-07 3.90505e-07
   969 3.20821e-07 3.89314e-07
   970 3.19923e-07 3.88134e-07
   971 3.19022e-07 3.86957e-07
   972 3.18125e-07 3.85796e-07
   973 3.17235e-07 3.84625e-07
   974 3.16329e-07 3.83457e-07
   975 3.15449e-07 3.82287e-07
   976 3.14572e-07 3.81137e-07
   977 3.13699e-07 3.79983e-07
   978 3.12826e-07 3.78842e-07
   979 3.11949e-07 3.77704e-07
   980 3.11068e-07 3.76576e-07
   981 3.10216e-07 3.75437e-07
   982 3.09356e-07 3.74302e-07
   983 3.08500e-07 3.73191e-07
   984 3.07643e-07 3.72080e-07
   985 3.06798e-07 3.70954e-07
   986 3.05963e-07 3.69862e-07
   987 3.05119e-07 3.68761e-07
   988 3.04290e-07 3.67665e-07
   989 3.03460e-07 3.66566e-07
   990 3.02625e-07 3.65476e-07
   991 3.01796e-07 3.64382e-07
   992 3.00977e-07 3.63302e-07
   993 3.00161e-07 3.62228e-07
   994 2.99346e-07 3.61167e-07
   995 2.98534e-07 3.60103e-07
   996 2.97728e-07 3.59047e-07
   997 2.96928e-07 3.57994e-07
   998 2.96125e-07 3.56950e-07
   999 2.95337e-07 3.55908e-07
  1000 2.94544e-07 3.54886e-07
  1001 2.93756e-07 3.53857e-07
  1002 2.92978e-07 3.52818e-07
  1003 2.92197e-07 3.51770e-07
  1004 2.91416e-07 3.50753e-07
  1005 2.90646e-07 3.49742e-07
  1006 2.89875e-07 3.48721e-07
  1007 2.89108e-07 3.47709e-07
  1008 2.88351e-07 3.46702e-07
  1009 2.87587e-07 3.45710e-07
  1010 2.86830e-07 3.44725e-07
  1011 2.86083e-07 3.43727e-07
  1012 2.85334e-07 3.42756e-07
  1013 2.84578e-07 3.41778e-07
  1014 2.83823e-07 3.40800e-07
  1015 2.83084e-07 3.39826e-07
  1016 2.82342e-07 3.38862e-07
  1017 2.81608e-07 3.37892e-07
  1018 2.80878e-07 3.36930e-07
  1019 2.80144e-07 3.35978e-07
  1020 2.79424e-07 3.35034e-07
  1021 2.78709e-07 3.34101e-07
  1022 2.77988e-07 3.33150e-07
  1023 2.77264e-07 3.32205e-07
  1024 2.76557e-07 3.31267e-07
  1025 2.75850e-07 3.30341e-07
  1026 2.75147e-07 3.29417e-07
  1027 2.74451e-07 3.28486e-07
  1028 2.73761e-07 3.27557e-07
  1029 2.73061e-07 3.26649e-07
  1030 2.72364e-07 3.25748e-07
  1031 2.71670e-07 3.24838e-07
  1032 2.70993e-07 3.23930e-07
  1033 2.70317e-07 3.23028e-07
  1034 2.69630e-07 3.22144e-07
  1035 2.68951e-07 3.21255e-07
  1036 2.68270e-07 3.20369e-07
  1037 2.67604e-07 3.19482e-07
  1038 2.66949e-07 3.18597e-07
  1039 2.66286e-07 3.17726e-07
  1040 2.65623e-07 3.16863e-07
  1041 2.64970e-07 3.16000e-07
  1042 2.64306e-07 3.15151e-07
  1043 2.63650e-07 3.14283e-07
  1044 2.63011e-07 3.13415e-07
  1045 2.62358e-07 3.12560e-07
  1046 2.61717e-07 3.11714e-07
  1047 2.61075e-07 3.10864e-07
  1048 2.60434e-07 3.10030e-07
  1049 2.59808e-07 3.09186e-07
  1050 2.59175e-07 3.08355e-07
  1051 2.58549e-07 3.07528e-07
  1052 2.57917e-07 3.06695e-07
  1053 2.57291e-07 3.05871e-07
  1054 2.56670e-07 3.05045e-07
  1055 2.56053e-07 3.04241e-07
  1056 2.55440e-07 3.03430e-07
  1057 2.54829e-07 3.02619e-07
  1058 2.54218e-07 3.01807e-07
  1059 2.53603e-07 3.00999e-07
  1060 2.52994e-07 3.00202e-07
  1061 2.52390e-07 2.99413e-07
  1062 2.51792e-07 2.98618e-07
  1063 2.51190e-07 2.97836e-07
  1064 2.50600e-07 2.97054e-07
  1065 2.50010e-07 2.96282e-07
  1066 2.49409e-07 2.95504e-07
  1067 2.48828e-07 2.94730e-07
  1068 2.48248e-07 2.93963e-07
  1069 2.47675e-07 2.93189e-07
  1070 2.47095e-07 2.92428e-07
  1071 2.46522e-07 2.91678e-07
  1072 2.45942e-07 2.90910e-07
  1073 2.45368e-07 2.90156e-07
  1074 2.44801e-07 2.89416e-07
  1075 2.44242e-07 2.88671e-07
  1076 2.43680e-07 2.87923e-07
  1077 2.43113e-07 2.87190e-07
  1078 2.42557e-07 2.86449e-07
  1079 2.42008e-07 2.85713e-07
  1080 2.41458e-07 2.84979e-07
  1081 2.40913e-07 2.84254e-07
  1082 2.40377e-07 2.83538e-07
  1083 2.39831e-07 2.82820e-07
  1084 2.39289e-07 2.82093e-07
  1085 2.38759e-07 2.81378e-07
  1086 2.38226e-07 2.80673e-07
  1087 2.37669e-07 2.79982e-07
  1088 2.37141e-07 2.79279e-07
  1089 2.36621e-07 2.78576e-07
  1090 2.36092e-07 2.77878e-07
  1091 2.35562e-07 2.77177e-07
  1092 2.35047e-07 2.76486e-07
  1093 2.34529e-07 2.75797e-07
  1094 2.34008e-07 2.75120e-07
  1095 2.33502e-07 2.74444e-07
  1096 2.33000e-07 2.73766e-07
  1097 2.32490e-07 2.73088e-07
  1098 2.31980e-07 2.72415e-07
  1099 2.31473e-07 2.71745e-07
  1100 2.30980e-07 2.71083e-07
  1101 2.30485e-07 2.70412e-07
  1102 2.29994e-07 2.69757e-07
  1103 2.29500e-07 2.69097e-07
  1104 2.29006e-07 2.68438e-07
  1105 2.28516e-07 2.67783e-07
  1106 2.28030e-07 2.67145e-07
  1107 2.27545e-07 2.66500e-07
  1108 2.27059e-07 2.65859e-07
  1109 2.26576e-07 2.65223e-07
  1110 2.26097e-07 2.64592e-07
  1111 2.25626e-07 2.63955e-07
  1112 2.25157e-07 2.63325e-07
  1113 2.24690e-07 2.62704e-07
  1114 2.24227e-07 2.62076e-07
  1115 2.23763e-07 2.61455e-07
  1116 2.23296e-07 2.60841e-07
  1117 2.22833e-07 2.60230e-07
  1118 2.22377e-07 2.59608e-07
  1119 2.21929e-07 2.59008e-07
  1120 2.21474e-07 2.58408e-07
  1121 2.21019e-07 2.57799e-07
  1122 2.20568e-07 2.57204e-07
  1123 2.20114e-07 2.56613e-07
  1124 2.19672e-07 2.56013e-07
  1125 2.19233e-07 2.55424e-07
  1126 2.18795e-07 2.54824e-07
  1127 2.18350e-07 2.54240e-07
  1128 2.17917e-07 2.53658e-07
  1129 2.17478e-07 2.53077e-07
  1130 2.17038e-07 2.52496e-07
  1131 2.16612e-07 2.51924e-07
  1132 2.16188e-07 2.51354e-07
  1133 2.15771e-07 2.50781e-07
  1134 2.15355e-07 2.50211e-07
  1135 2.14927e-07 2.49647e-07
  1136 2.14514e-07 2.49087e-07
  1137 2.14108e-07 2.48531e-07
  1138 2.13696e-07 2.47978e-07
  1139 2.13280e-07 2.47422e-07
  1140 2.12872e-07 2.46876e-07
  1141 2.12467e-07 2.46336e-07
  1142 2.12056e-07 2.45786e-07
  1143 2.11661e-07 2.45246e-07
  1144 2.11259e-07 2.44709e-07
  1145 2.10869e-07 2.44173e-07
  1146 2.10469e-07 2.43642e-07
  1147 2.10071e-07 2.43100e-07
  1148 2.09680e-07 2.42572e-07
  1149 2.09293e-07 2.42042e-07
  1150 2.08898e-07 2.41525e-07
  1151 2.08512e-07 2.41010e-07
  1152 2.08132e-07 2.40500e-07
  1153 2.07753e-07 2.39989e-07
  1154 2.07386e-07 2.39482e-07
  1155 2.07010e-07 2.38973e-07
  1156 2.06642e-07 2.38471e-07
  1157 2.06264e-07 2.37976e-07
  1158 2.05891e-07 2.37470e-07
  1159 2.05527e-07 2.36980e-07
  1160 2.05165e-07 2.36481e-07
  1161 2.04799e-07 2.35989e-07
  1162 2.04441e-07 2.35489e-07
  1163 2.04085e-07 2.34998e-07
  1164 2.03732e-07 2.34516e-07
  1165 2.03379e-07 2.34038e-07
  1166 2.03030e-07 2.33551e-07
  1167 2.02683e-07 2.33074e-07
  1168 2.02337e-07 2.32601e-07
  1169 2.01987e-07 2.32136e-07
  1170 2.01645e-07 2.31665e-07
  1171 2.01305e-07 2.31196e-07
  1172 2.00961e-07 2.30736e-07
  1173 2.00624e-07 2.30276e-07
  1174 2.00289e-07 2.29822e-07
  1175 1.99950e-07 2.29370e-07
  1176 1.99623e-07 2.28909e-07
  1177 1.99307e-07 2.28450e-07
  1178 1.98979e-07 2.28005e-07
  1179 1.98654e-07 2.27559e-07
  1180 1.98333e-07 2.27126e-07
  1181 1.98022e-07 2.26688e-07
  1182 1.97711e-07 2.26247e-07
  1183 1.97389e-07 2.25819e-07
  1184 1.97071e-07 2.25391e-07
  1185 1.96766e-07 2.24954e-07
  1186 1.96459e-07 2.24526e-07
  1187 1.96147e-07 2.24103e-07
  1188 1.95840e-07 2.23676e-07
  1189 1.95531e-07 2.23250e-07
  1190 1.95234e-07 2.22835e-07
  1191 1.94942e-07 2.22418e-07
  1192 1.94653e-07 2.22009e-07
  1193 1.94362e-07 2.21601e-07
  1194 1.94071e-07 2.21191e-07
  1195 1.93778e-07 2.20784e-07
  1196 1.93485e-07 2.20381e-07
  1197 1.93200e-07 2.19988e-07
  1198 1.92924e-07 2.19592e-07
  1199 1.92643e-07 2.19201e-07
  1200 1.92367e-07 2.18810e-07
  1201 1.92089e-07 2.18421e-07
  1202 1.91816e-07 2.18032e-07
  1203 1.91546e-07 2.17652e-07
  1204 1.91285e-07 2.17274e-07
  1205 1.91017e-07 2.16902e-07
  1206 1.90759e-07 2.16527e-07
  1207 1.90496e-07 2.16154e-07
  1208 1.90233e-07 2.15796e-07
  1209 1.89971e-07 2.15428e-07
  1210 1.89710e-07 2.15065e-07
  1211 1.89465e-07 2.14709e-07
  1212 1.89212e-07 2.14348e-07
  1213 1.88967e-07 2.13994e-07
  1214 1.88728e-07 2.13643e-07
  1215 1.88483e-07 2.13284e-07
  1216 1.88237e-07 2.12936e-07
  1217 1.87996e-07 2.12589e-07
  1218 1.87760e-07 2.12245e-07
  1219 1.87520e-07 2.11898e-07
  1220 1.87292e-07 2.11555e-07
  1221 1.87063e-07 2.11219e-07
  1222 1.86831e-07 2.10883e-07
  1223 1.86609e-07 2.10556e-07
  1224 1.86387e-07 2.10230e-07
  1225 1.86162e-07 2.09898e-07
  1226 1.85953e-07 2.09578e-07
  1227 1.85736e-07 2.09258e-07
  1228 1.85527e-07 2.08944e-07
  1229 1.85317e-07 2.08630e-07
  1230 1.85112e-07 2.08319e-07
  1231 1.84912e-07 2.08013e-07
  1232 1.84709e-07 2.07710e-07
  1233 1.84508e-07 2.07421e-07
  1234 1.84313e-07 2.07116e-07
  1235 1.84112e-07 2.06812e-07
  1236 1.83919e-07 2.06522e-07
  1237 1.83735e-07 2.06233e-07
  1238 1.83545e-07 2.05944e-07
  1239 1.83361e-07 2.05663e-07
  1240 1.83178e-07 2.05382e-07
  1241 1.83002e-07 2.05102e-07
  1242 1.82823e-07 2.04821e-07
  1243 1.82647e-07 2.04549e-07
  1244 1.82490e-07 2.04288e-07
  1245 1.82320e-07 2.04028e-07
  1246 1.82147e-07 2.03755e-07
  1247 1.81982e-07 2.03487e-07
  1248 1.81821e-07 2.03231e-07
  1249 1.81657e-07 2.02974e-07
  1250 1.81503e-07 2.02725e-07
  1251 1.81350e-07 2.02476e-07
  1252 1.81199e-07 2.02220e-07
  1253 1.81055e-07 2.01976e-07
  1254 1.80915e-07 2.01734e-07
  1255 1.80771e-07 2.01490e-07
  1256 1.80630e-07 2.01255e-07
  1257 1.80494e-07 2.01021e-07
  1258 1.80357e-07 2.00789e-07
  1259 1.80224e-07 2.00579e-07
  1260 1.80098e-07 2.00361e-07
  1261 1.79968e-07 2.00131e-07
  1262 1.79862e-07 1.99914e-07
  1263 1.79738e-07 1.99701e-07
  1264 1.79620e-07 1.99482e-07
  1265 1.79504e-07 1.99282e-07
  1266 1.79392e-07 1.99080e-07
  1267 1.79286e-07 1.98884e-07
  1268 1.79185e-07 1.98685e-07
  1269 1.79093e-07 1.98499e-07
  1270 1.78992e-07 1.98311e-07
  1271 1.78893e-07 1.98132e-07
  1272 1.78808e-07 1.97952e-07
  1273 1.78730e-07 1.97768e-07
  1274 1.78645e-07 1.97594e-07
  1275 1.78567e-07 1.97430e-07
  1276 1.78504e-07 1.97263e-07
  1277 1.78423e-07 1.97098e-07
  1278 1.78354e-07 1.96938e-07
  1279 1.78300e-07 1.96784e-07
  1280 1.78232e-07 1.96629e-07
  1281 1.78173e-07 1.96480e-07
  1282 1.78123e-07 1.96339e-07
  1283 1.78071e-07 1.96196e-07
  1284 1.78016e-07 1.96052e-07
  1285 1.77966e-07 1.95919e-07
  1286 1.77933e-07 1.95796e-07
  1287 1.77902e-07 1.95656e-07
  1288 1.77871e-07 1.95528e-07
  1289 1.77852e-07 1.95421e-07
  1290 1.77841e-07 1.95313e-07
  1291 1.77826e-07 1.95213e-07
  1292 1.77814e-07 1.95110e-07
  1293 1.77793e-07 1.94995e-07
  1294 1.77780e-07 1.94898e-07
  1295 1.77762e-07 1.94789e-07
  1296 1.77786e-07 1.94700e-07
  1297 1.77780e-07 1.94608e-07
  1298 1.77794e-07 1.94532e-07
  1299 1.77819e-07 1.94468e-07
  1300 1.77833e-07 1.94406e-07
  1301 1.77861e-07 1.94331e-07
  1302 1.77901e-07 1.94258e-07
  1303 1.77932e-07 1.94198e-07
  1304 1.77964e-07 1.94137e-07
  1305 1.77995e-07 1.94076e-07
  1306 1.78062e-07 1.94035e-07
  1307 1.78112e-07 1.94005e-07
  1308 1.78174e-07 1.93962e-07
  1309 1.78237e-07 1.93943e-07
  1310 1.78308e-07 1.93914e-07
  1311 1.78400e-07 1.93885e-07
  1312 1.78488e-07 1.93882e-07
  1313 1.78579e-07 1.93881e-07
  1314 1.78668e-07 1.93878e-07
  1315 1.78765e-07 1.93872e-07
  1316 1.78860e-07 1.93871e-07
  1317 1.78982e-07 1.93885e-07
  1318 1.79099e-07 1.93922e-07
  1319 1.79204e-07 1.93924e-07
  1320 1.79319e-07 1.93926e-07
  1321 1.79477e-07 1.93967e-07
  1322 1.79623e-07 1.94003e-07
  1323 1.79763e-07 1.94041e-07
  1324 1.79898e-07 1.94090e-07
  1325 1.80041e-07 1.94135e-07
  1326 1.80222e-07 1.94197e-07
  1327 1.80407e-07 1.94235e-07
  1328 1.80571e-07 1.94304e-07
  1329 1.80758e-07 1.94399e-07
  1330 1.80973e-07 1.94473e-07
  1331 1.81209e-07 1.94575e-07
  1332 1.81410e-07 1.94643e-07
  1333 1.81640e-07 1.94787e-07
  1334 1.81902e-07 1.94901e-07
  1335 1.82176e-07 1.95031e-07
  1336 1.82421e-07 1.95138e-07
  1337 1.82692e-07 1.95273e-07
  1338 1.82964e-07 1.95453e-07
  1339 1.83274e-07 1.95594e-07
  1340 1.83529e-07 1.95719e-07
  1341 1.83826e-07 1.95843e-07
  1342 1.84206e-07 1.96067e-07
  1343 1.84591e-07 1.96290e-07
  1344 1.84942e-07 1.96464e-07
  1345 1.85336e-07 1.96651e-07
  1346 1.85655e-07 1.96729e-07
  1347 1.85983e-07 1.96862e-07
  1348 1.86323e-07 1.97050e-07
  1349 1.86753e-07 1.97225e-07
  1350 1.87148e-07 1.97377e-07
  1351 1.87498e-07 1.97457e-07
  1352 1.87905e-07 1.97598e-07
  1353 1.88112e-07 1.97511e-07
  1354 1.88481e-07 1.97493e-07
  1355 1.88596e-07 1.97250e-07
  1356 1.88830e-07 1.97087e-07
  1357 1.88818e-07 1.96607e-07
  1358 1.88664e-07 1.95892e-07
  1359 1.88143e-07 1.94775e-07
  1360 1.87205e-07 1.93097e-07
  1361 1.84817e-07 1.89560e-07
  1362 1.80758e-07 1.84200e-07
  1363 1.69213e-07 1.70537e-07
  1364 1.36536e-07 1.35642e-07
  1365 9.21435e-07 9.18496e-07
  1366 0.00000e+00 0.00000e+00
  1367 0.00000e+00 0.00000e+00
  1368 0.00000e+00 0.00000e+00
  1369 0.00000e+00 0.00000e+00
  1370 0.00000e+00 0.00000e+00
  1371 0.00000e+00 0.00000e+00
  1372 0.00000e+00 0.00000e+00
  1373 0.00000e+00 0.00000e+00
  1374 0.00000e+00 0.00000e+00
  1375 0.00000e+00 0.00000e+00
  1376 0.00000e+00 0.00000e+00
  1377 0.00000e+00 0.00000e+00
  1378 0.00000e+00 0.00000e+00
  1379 0.00000e+00 0.00000e+00
  1380 0.00000e+00 0.00000e+00
  1381 0.00000e+00 0.00000e+00
  1382 0.00000e+00 0.00000e+00
  1383 0.00000e+00 0.00000e+00
  1384 0.00000e+00 0.00000e+00
  1385 0.00000e+00 0.00000e+00
  1386 0.00000e+00 0.00000e+00
  1387 0.00000e+00 0.00000e+00
  1388 0.00000e+00 0.00000e+00
  1389 0.00000e+00 0.00000e+00
  1390 0.00000e+00 0.00000e+00
  1391 0.00000e+00 0.00000e+00
  1392 0.00000e+00 0.00000e+00
  1393 0.00000e+00 0.00000e+00
  1394 0.00000e+00 0.00000e+00
  1395 0.00000e+00 0.00000e+00
  1396 0.00000e+00 0.00000e+00
  1397 0.00000e+00 0.00000e+00
  1398 0.00000e+00 0.00000e+00
  1399 0.00000e+00 0.00000e+00
  1400 0.00000e+00 0.00000e+00
  1401 0.00000e+00 0.00000e+00
  1402 0.00000e+00 0.00000e+00
  1403 0.00000e+00 0.00000e+00
  1404 0.00000e+00 0.00000e+00
  1405 0.00000e+00 0.00000e+00
  1406 0.00000e+00 0.00000e+00
  1407 0.00000e+00 0.00000e+00
  1408 0.00000e+00 0.00000e+00
  1409 0.00000e+00 0.00000e+00
  1410 0.00000e+00 0.00000e+00
  1411 0.00000e+00 0.00000e+00
  1412 0.00000e+00 0.00000e+00
  1413 0.00000e+00 0.00000e+00
  1414 0.00000e+00 0.00000e+00
  1415 0.00000e+00 0.00000e+00
  1416 0.00000e+00 0.00000e+00
  1417 0.00000e+00 0.00000e+00
  1418 0.00000e+00 0.00000e+00
  1419 0.00000e+00 0.00000e+00
  1420 0.00000e+00 0.00000e+00
  1421 0.00000e+00 0.00000e+00
  1422 0.00000e+00 0.00000e+00
  1423 0.00000e+00 0.00000e+00
  1424 0.00000e+00 0.00000e+00
  1425 0.00000e+00 0.00000e+00
  1426 0.00000e+00 0.00000e+00
  1427 0.00000e+00 0.00000e+00
  1428 0.00000e+00 0.00000e+00
  1429 0.00000e+00 0.00000e+00
  1430 0.00000e+00 0.00000e+00
  1431 0.00000e+00 0.00000e+00
  1432 0.00000e+00 0.00000e+00
  1433 0.00000e+00 0.00000e+00
  1434 0.00000e+00 0.00000e+00
  1435 0.00000e+00 0.00000e+00
  1436 0.00000e+00 0.00000e+00
  1437 0.00000e+00 0.00000e+00
  1438 0.00000e+00 0.00000e+00
  1439 0.00000e+00 0.00000e+00
  1440 0.00000e+00 0.00000e+00
  1441 0.00000e+00 0.00000e+00
  1442 0.00000e+00 0.00000e+00
  1443 0.00000e+00 0.00000e+00
  1444 0.00000e+00 0.00000e+00
  1445 0.00000e+00 0.00000e+00
  1446 0.00000e+00 0.00000e+00
  1447 0.00000e+00 0.00000e+00
  1448 0.00000e+00 0.00000e+00
  1449 0.00000e+00 0.00000e+00
  1450 0.00000e+00 0.00000e+00
  1451 0.00000e+00 0.00000e+00
  1452 0.00000e+00 0.00000e+00
  1453 0.00000e+00 0.00000e+00
  1454 0.00000e+00 0.00000e+00
  1455 0.00000e+00 0.00000e+00
  1456 0.00000e+00 0.00000e+00
  1457 0.00000e+00 0.00000e+00
  1458 0.00000e+00 0.00000e+00
  1459 0.00000e+00 0.00000e+00
  1460 0.00000e+00 0.00000e+00
  1461 0.00000e+00 0.00000e+00
  1462 0.00000e+00 0.00000e+00
  1463 0.00000e+00 0.00000e+00
  1464 0.00000e+00 0.00000e+00
  1465 0.00000e+00 0.00000e+00
  1466 0.00000e+00 0.00000e+00
  1467 0.00000e+00 0.00000e+00
  1468 0.00000e+00 0.00000e+00
  1469 0.00000e+00 0.00000e+00
  1470 0.00000e+00 0.00000e+00
  1471 0.00000e+00 0.00000e+00
  1472 0.00000e+00 0.00000e+00
  1473 0.00000e+00 0.00000e+00
  1474 0.00000e+00 0.00000e+00
  1475 0.00000e+00 0.00000e+00
  1476 0.00000e+00 0.00000e+00
  1477 0.00000e+00 0.00000e+00
  1478 0.00000e+00 0.00000e+00
  1479 0.00000e+00 0.00000e+00
  1480 0.00000e+00 0.00000e+00
  1481 0.00000e+00 0.00000e+00
  1482 0.00000e+00 0.00000e+00
  1483 0.00000e+00 0.00000e+00
  1484 0.00000e+00 0.00000e+00
  1485 0.00000e+00 0.00000e+00
  1486 0.00000e+00 0.00000e+00
  1487 0.00000e+00 0.00000e+00
  1488 0.00000e+00 0.00000e+00
  1489 0.00000e+00 0.00000e+00
  1490 0.00000e+00 0.00000e+00
  1491 0.00000e+00 0.00000e+00
  1492 0.00000e+00 0.00000e+00
  1493 0.00000e+00 0.00000e+00
  1494 0.00000e+00 0.00000e+00
  1495 0.00000e+00 0.00000e+00
  1496 0.00000e+00 0.00000e+00
  1497 0.00000e+00 0.00000e+00
  1498 0.00000e+00 0.00000e+00
  1499 0.00000e+00 0.00000e+00
  1500 0.00000e+00 0.00000e+00
  1501 0.00000e+00 0.00000e+00
  1502 0.00000e+00 0.00000e+00
  1503 0.00000e+00 0.00000e+00
  1504 0.00000e+00 0.00000e+00
  1505 0.00000e+00 0.00000e+00
  1506 0.00000e+00 0.00000e+00
  1507 0.00000e+00 0.00000e+00
  1508 0.00000e+00 0.00000e+00
  1509 0.00000e+00 0.00000e+00
  1510 0.00000e+00 0.00000e+00
  1511 0.00000e+00 0.00000e+00
  1512 0.00000e+00 0.00000e+00
  1513 0.00000e+00 0.00000e+00
  1514 0.00000e+00 0.00000e+00
  1515 0.00000e+00 0.00000e+00
  1516 0.00000e+00 0.00000e+00
  1517 0.00000e+00 0.00000e+00
  1518 0.00000e+00 0.00000e+00
  1519 0.00000e+00 0.00000e+00
  1520 0.00000e+00 0.00000e+00
  1521 0.00000e+00 0.00000e+00
  1522 0.00000e+00 0.00000e+00
  1523 0.00000e+00 0.00000e+00
  1524 0.00000e+00 0.00000e+00
  1525 0.00000e+00 0.00000e+00
  1526 0.00000e+00 0.00000e+00
  1527 0.00000e+00 0.00000e+00
  1528 0.00000e+00 0.00000e+00
  1529 0.00000e+00 0.00000e+00
  1530 0.00000e+00 0.00000e+00
  1531 0.00000e+00 0.00000e+00
  1532 0.00000e+00 0.00000e+00
  1533 0.00000e+00 0.00000e+00
  1534 0.00000e+00 0.00000e+00
  1535 0.00000e+00 0.00000e+00
  1536 0.00000e+00 0.00000e+00
  1537 0.00000e+00 0.00000e+00
  1538 0.00000e+00 0.00000e+00
  1539 0.00000e+00 0.00000e+00
  1540 0.00000e+00 0.00000e+00
  1541 0.00000e+00 0.00000e+00
  1542 0.00000e+00 0.00000e+00
  1543 0.00000e+00 0.00000e+00
  1544 0.00000e+00 0.00000e+00
  1545 0.00000e+00 0.00000e+00
  1546 0.00000e+00 0.00000e+00
  1547 0.00000e+00 0.00000e+00
  1548 0.00000e+00 0.00000e+00
  1549 0.00000e+00 0.00000e+00
  1550 0.00000e+00 0.00000e+00
  1551 0.00000e+00 0.00000e+00
  1552 0.00000e+00 0.00000e+00
  1553 0.00000e+00 0.00000e+00
  1554 0.00000e+00 0.00000e+00
  1555 0.00000e+00 0.00000e+00
  1556 0.00000e+00 0.00000e+00
  1557 0.00000e+00 0.00000e+00
  1558 0.00000e+00 0.00000e+00
  1559 0.00000e+00 0.00000e+00
  1560 0.00000e+00 0.00000e+00
  1561 0.00000e+00 0.00000e+00
  1562 0.00000e+00 0.00000e+00
  1563 0.00000e+00 0.00000e+00
  1564 0.00000e+00 0.00000e+00
  1565 0.00000e+00 0.00000e+00
  1566 0.00000e+00 0.00000e+00
  1567 0.00000e+00 0.00000e+00
  1568 0.00000e+00 0.00000e+00
  1569 0.00000e+00 0.00000e+00
  1570 0.00000e+00 0.00000e+00
  1571 0.00000e+00 0.00000e+00
  1572 0.00000e+00 0.00000e+00
  1573 0.00000e+00 0.00000e+00
  1574 0.00000e+00 0.00000e+00
  1575 0.00000e+00 0.00000e+00
  1576 0.00000e+00 0.00000e+00
  1577 0.00000e+00 0.00000e+00
  1578 0.00000e+00 0.00000e+00
  1579 0.00000e+00 0.00000e+00
  1580 0.00000e+00 0.00000e+00
  1581 0.00000e+00 0.00000e+00
  1582 0.00000e+00 0.00000e+00
  1583 0.00000e+00 0.00000e+00
  1584 0.00000e+00 0.00000e+00
  1585 0.00000e+00 0.00000e+00
  1586 0.00000e+00 0.00000e+00
  1587 0.00000e+00 0.00000e+00
  1588 0.00000e+00 0.00000e+00
  1589 0.00000e+00 0.00000e+00
  1590 0.00000e+00 0.00000e+00
  1591 0.00000e+00 0.00000e+00
  1592 0.00000e+00 0.00000e+00
  1593 0.00000e+00 0.00000e+00
  1594 0.00000e+00 0.00000e+00
  1595 0.00000e+00 0.00000e+00
  1596 0.00000e+00 0.00000e+00
  1597 0.00000e+00 0.00000e+00
  1598 0.00000e+00 0.00000e+00
  1599 0.00000e+00 0.00000e+00
  1600 0.00000e+00 0.00000e+00
  1601 0.00000e+00 0.00000e+00
  1602 0.00000e+00 0.00000e+00
  1603 0.00000e+00 0.00000e+00
  1604 0.00000e+00 0.00000e+00
  1605 0.00000e+00 0.00000e+00
  1606 0.00000e+00 0.00000e+00
  1607 0.00000e+00 0.00000e+00
  1608 0.00000e+00 0.00000e+00
  1609 0.00000e+00 0.00000e+00
  1610 0.00000e+00 0.00000e+00
  1611 0.00000e+00 0.00000e+00
  1612 0.00000e+00 0.00000e+00
  1613 0.00000e+00 0.00000e+00
  1614 0.00000e+00 0.00000e+00
  1615 0.00000e+00 0.00000e+00
  1616 0.00000e+00 0.00000e+00
  1617 0.00000e+00 0.00000e+00
  1618 0.00000e+00 0.00000e+00
  1619 0.00000e+00 0.00000e+00
  1620 0.00000e+00 0.00000e+00
  1621 0.00000e+00 0.00000e+00
  1622 0.00000e+00 0.00000e+00
  1623 0.00000e+00 0.00000e+00
  1624 0.00000e+00 0.00000e+00
  1625 0.00000e+00 0.00000e+00
  1626 0.00000e+00 0.00000e+00
  1627 0.00000e+00 0.00000e+00
  1628 0.00000e+00 0.00000e+00
  1629 0.00000e+00 0.00000e+00
  1630 0.00000e+00 0.00000e+00
  1631 0.00000e+00 0.00000e+00
  1632 0.00000e+00 0.00000e+00
  1633 0.00000e+00 0.00000e+00
  1634 0.00000e+00 0.00000e+00
  1635 0.00000e+00 0.00000e+00
  1636 0.00000e+00 0.00000e+00
  1637 0.00000e+00 0.00000e+00
  1638 0.00000e+00 0.00000e+00
  1639 0.00000e+00 0.00000e+00
  1640 0.00000e+00 0.00000e+00
  1641 0.00000e+00 0.00000e+00
  1642 0.00000e+00 0.00000e+00
  1643 0.00000e+00 0.00000e+00
  1644 0.00000e+00 0.00000e+00
  1645 0.00000e+00 0.00000e+00
  1646 0.00000e+00 0.00000e+00
  1647 0.00000e+00 0.00000e+00
  1648 0.00000e+00 0.00000e+00
  1649 0.00000e+00 0.00000e+00
  1650 0.00000e+00 0.00000e+00
  1651 0.00000e+00 0.00000e+00
  1652 0.00000e+00 0.00000e+00
  1653 0.00000e+00 0.00000e+00
  1654 0.00000e+00 0.00000e+00
  1655 0.00000e+00 0.00000e+00
  1656 0.00000e+00 0.00000e+00
  1657 0.00000e+00 0.00000e+00
  1658 0.00000e+00 0.00000e+00
  1659 0.00000e+00 0.00000e+00
  1660 0.00000e+00 0.00000e+00
  1661 0.00000e+00 0.00000e+00
  1662 0.00000e+00 0.00000e+00
  1663 0.00000e+00 0.00000e+00
  1664 0.00000e+00 0.00000e+00
  1665 0.00000e+00 0.00000e+00
  1666 0.00000e+00 0.00000e+00
  1667 0.00000e+00 0.00000e+00
  1668 0.00000e+00 0.00000e+00
  1669 0.00000e+00 0.00000e+00
  1670 0.00000e+00 0.00000e+00
  1671 0.00000e+00 0.00000e+00
  1672 0.00000e+00 0.00000e+00
  1673 0.00000e+00 0.00000e+00
  1674 0.00000e+00 0.00000e+00
  1675 0.00000e+00 0.00000e+00
  1676 0.00000e+00 0.00000e+00
  1677 0.00000e+00 0.00000e+00
  1678 0.00000e+00 0.00000e+00
  1679 0.00000e+00 0.00000e+00
  1680 0.00000e+00 0.00000e+00
  1681 0.00000e+00 0.00000e+00
  1682 0.00000e+00 0.00000e+00
  1683 0.00000e+00 0.00000e+00
  1684 0.00000e+00 0.00000e+00
  1685 0.00000e+00 0.00000e+00
  1686 0.00000e+00 0.00000e+00
  1687 0.00000e+00 0.00000e+00
  1688 0.00000e+00 0.00000e+00
  1689 0.00000e+00 0.00000e+00
  1690 0.00000e+00 0.00000e+00
  1691 0.00000e+00 0.00000e+00
  1692 0.00000e+00 0.00000e+00
  1693 0.00000e+00 0.00000e+00
  1694 0.00000e+00 0.00000e+00
  1695 0.00000e+00 0.00000e+00
  1696 0.00000e+00 0.00000e+00
  1697 0.00000e+00 0.00000e+00
  1698 0.00000e+00 0.00000e+00
  1699 0.00000e+00 0.00000e+00
  1700 0.00000e+00 0.00000e+00
  1701 0.00000e+00 0.00000e+00
  1702 0.00000e+00 0.00000e+00
  1703 0.00000e+00 0.00000e+00
  1704 0.00000e+00 0.00000e+00
  1705 0.00000e+00 0.00000e+00
  1706 0.00000e+00 0.00000e+00
  1707 0.00000e+00 0.00000e+00
  1708 0.00000e+00 0.00000e+00
  1709 0.00000e+00 0.00000e+00
  1710 0.00000e+00 0.00000e+00
  1711 0.00000e+00 0.00000e+00
  1712 0.00000e+00 0.00000e+00
  1713 0.00000e+00 0.00000e+00
  1714 0.00000e+00 0.00000e+00
  1715 0.00000e+00 0.00000e+00
  1716 0.00000e+00 0.00000e+00
  1717 0.00000e+00 0.00000e+00
  1718 0.00000e+00 0.00000e+00
  1719 0.00000e+00 0.00000e+00
  1720 0.00000e+00 0.00000e+00
  1721 0.00000e+00 0.00000e+00
  1722 0.00000e+00 0.00000e+00
  1723 0.00000e+00 0.00000e+00
  1724 0.00000e+00 0.00000e+00
  1725 0.00000e+00 0.00000e+00
  1726 0.00000e+00 0.00000e+00
  1727 0.00000e+00 0.00000e+00
  1728 0.00000e+00 0.00000e+00
  1729 0.00000e+00 0.00000e+00
  1730 0.00000e+00 0.00000e+00
  1731 0.00000e+00 0.00000e+00
  1732 0.00000e+00 0.00000e+00
  1733 0.00000e+00 0.00000e+00
  1734 0.00000e+00 0.00000e+00
  1735 0.00000e+00 0.00000e+00
  1736 0.00000e+00 0.00000e+00
  1737 0.00000e+00 0.00000e+00
  1738 0.00000e+00 0.00000e+00
  1739 0.00000e+00 0.00000e+00
  1740 0.00000e+00 0.00000e+00
  1741 0.00000e+00 0.00000e+00
  1742 0.00000e+00 0.00000e+00
  1743 0.00000e+00 0.00000e+00
  1744 0.00000e+00 0.00000e+00
  1745 0.00000e+00 0.00000e+00
  1746 0.00000e+00 0.00000e+00
  1747 0.00000e+00 0.00000e+00
  1748 0.00000e+00 0.00000e+00
  1749 0.00000e+00 0.00000e+00
  1750 0.00000e+00 0.00000e+00
  1751 0.00000e+00 0.00000e+00
  1752 0.00000e+00 0.00000e+00
  1753 0.00000e+00 0.00000e+00
  1754 0.00000e+00 0.00000e+00
  1755 0.00000e+00 0.00000e+00
  1756 0.00000e+00 0.00000e+00
  1757 0.00000e+00 0.00000e+00
  1758 0.00000e+00 0.00000e+00
  1759 0.00000e+00 0.00000e+00
  1760 0.00000e+00 0.00000e+00
  1761 0.00000e+00 0.00000e+00
  1762 0.00000e+00 0.00000e+00
  1763 0.00000e+00 0.00000e+00
  1764 0.00000e+00 0.00000e+00
  1765 0.00000e+00 0.00000e+00
  1766 0.00000e+00 0.00000e+00
  1767 0.00000e+00 0.00000e+00
  1768 0.00000e+00 0.00000e+00
  1769 0.00000e+00 0.00000e+00
  1770 0.00000e+00 0.00000e+00
  1771 0.00000e+00 0.00000e+00
  1772 0.00000e+00 0.00000e+00
  1773 0.00000e+00 0.00000e+00
  1774 0.00000e+00 0.00000e+00
  1775 0.00000e+00 0.00000e+00
  1776 0.00000e+00 0.00000e+00
  1777 0.00000e+00 0.00000e+00
  1778 0.00000e+00 0.00000e+00
  1779 0.00000e+00 0.00000e+00
  1780 0.00000e+00 0.00000e+00
  1781 0.00000e+00 0.00000e+00
  1782 0.00000e+00 0.00000e+00
  1783 0.00000e+00 0.00000e+00
  1784 0.00000e+00 0.00000e+00
  1785 0.00000e+00 0.00000e+00
  1786 0.00000e+00 0.00000e+00
  1787 0.00000e+00 0.00000e+00
  1788 0.00000e+00 0.00000e+00
  1789 0.00000e+00 0.00000e+00
  1790 0.00000e+00 0.00000e+00
  1791 0.00000e+00 0.00000e+00
  1792 0.00000e+00 0.00000e+00
  1793 0.00000e+00 0.00000e+00
  1794 0.00000e+00 0.00000e+00
  1795 0.00000e+00 0.00000e+00
  1796 0.00000e+00 0.00000e+00
  1797 0.00000e+00 0.00000e+00
  1798 0.00000e+00 0.00000e+00
  1799 0.00000e+00 0.00000e+00
  1800 0.00000e+00 0.00000e+00
  1801 0.00000e+00 0.00000e+00
  1802 0.00000e+00 0.00000e+00
  1803 0.00000e+00 0.00000e+00
  1804 0.00000e+00 0.00000e+00
  1805 0.00000e+00 0.00000e+00
  1806 0.00000e+00 0.00000e+00
  1807 0.00000e+00 0.00000e+00
  1808 0.00000e+00 0.00000e+00
  1809 0.00000e+00 0.00000e+00
  1810 0.00000e+00 0.00000e+00
  1811 0.00000e+00 0.00000e+00
  1812 0.00000e+00 0.00000e+00
  1813 0.00000e+00 0.00000e+00
  1814 0.00000e+00 0.00000e+00
  1815 0.00000e+00 0.00000e+00
  1816 0.00000e+00 0.00000e+00
  1817 0.00000e+00 0.00000e+00
  1818 0.00000e+00 0.00000e+00
  1819 0.00000e+00 0.00000e+00
  1820 0.00000e+00 0.00000e+00
  1821 0.00000e+00 0.00000e+00
  1822 0.00000e+00 0.00000e+00
  1823 0.00000e+00 0.00000e+00
  1824 0.00000e+00 0.00000e+00
  1825 0.00000e+00 0.00000e+00
  1826 0.00000e+00 0.00000e+00
  1827 0.00000e+00 0.00000e+00
  1828 0.00000e+00 0.00000e+00
  1829 0.00000e+00 0.00000e+00
  1830 0.00000e+00 0.00000e+00
  1831 0.00000e+00 0.00000e+00
  1832 0.00000e+00 0.00000e+00
  1833 0.00000e+00 0.00000e+00
  1834 0.00000e+00 0.00000e+00
  1835 0.00000e+00 0.00000e+00
  1836 0.00000e+00 0.00000e+00
  1837 0.00000e+00 0.00000e+00
  1838 0.00000e+00 0.00000e+00
  1839 0.00000e+00 0.00000e+00
  1840 0.00000e+00 0.00000e+00
  1841 0.00000e+00 0.00000e+00
  1842 0.00000e+00 0.00000e+00
  1843 0.00000e+00 0.00000e+00
  1844 0.00000e+00 0.00000e+00
  1845 0.00000e+00 0.00000e+00
  1846 0.00000e+00 0.00000e+00
  1847 0.00000e+00 0.00000e+00
  1848 0.00000e+00 0.00000e+00
  1849 0.00000e+00 0.00000e+00
  1850 0.00000e+00 0.00000e+00
  1851 0.00000e+00 0.00000e+00
  1852 0.00000e+00 0.00000e+00
  1853 0.00000e+00 0.00000e+00
  1854 0.00000e+00 0.00000e+00
  1855 0.00000e+00 0.00000e+00
  1856 0.00000e+00 0.00000e+00
  1857 0.00000e+00 0.00000e+00
  1858 0.00000e+00 0.00000e+00
  1859 0.00000e+00 0.00000e+00
  1860 0.00000e+00 0.00000e+00
  1861 0.00000e+00 0.00000e+00
  1862 0.00000e+00 0.00000e+00
  1863 0.00000e+00 0.00000e+00
  1864 0.00000e+00 0.00000e+00
  1865 0.00000e+00 0.00000e+00
  1866 0.00000e+00 0.00000e+00
  1867 0.00000e+00 0.00000e+00
  1868 0.00000e+00 0.00000e+00
  1869 0.00000e+00 0.00000e+00
  1870 0.00000e+00 0.00000e+00
  1871 0.00000e+00 0.00000e+00
  1872 0.00000e+00 0.00000e+00
  1873 0.00000e+00 0.00000e+00
  1874 0.00000e+00 0.00000e+00
  1875 0.00000e+00 0.00000e+00
  1876 0.00000e+00 0.00000e+00
  1877 0.00000e+00 0.00000e+00
  1878 0.00000e+00 0.00000e+00
  1879 0.00000e+00 0.00000e+00
  1880 0.00000e+00 0.00000e+00
  1881 0.00000e+00 0.00000e+00
  1882 0.00000e+00 0.00000e+00
  1883 0.00000e+00 0.00000e+00
  1884 0.00000e+00 0.00000e+00
  1885 0.00000e+00 0.00000e+00
  1886 0.00000e+00 0.00000e+00
  1887 0.00000e+00 0.00000e+00
  1888 0.00000e+00 0.00000e+00
  1889 0.00000e+00 0.00000e+00
  1890 0.00000e+00 0.00000e+00
  1891 0.00000e+00 0.00000e+00
  1892 0.00000e+00 0.00000e+00
  1893 0.00000e+00 0.00000e+00
  1894 0.00000e+00 0.00000e+00
  1895 0.00000e+00 0.00000e+00
  1896 0.00000e+00 0.00000e+00
  1897 0.00000e+00 0.00000e+00
  1898 0.00000e+00 0.00000e+00
  1899 0.00000e+00 0.00000e+00
  1900 0.00000e+00 0.00000e+00
  1901 0.00000e+00 0.00000e+00
  1902 0.00000e+00 0.00000e+00
  1903 0.00000e+00 0.00000e+00
  1904 0.00000e+00 0.00000e+00
  1905 0.00000e+00 0.00000e+00
  1906 0.00000e+00 0.00000e+00
  1907 0.00000e+00 0.00000e+00
  1908 0.00000e+00 0.00000e+00
  1909 0.00000e+00 0.00000e+00
  1910 0.00000e+00 0.00000e+00
  1911 0.00000e+00 0.00000e+00
  1912 0.00000e+00 0.00000e+00
  1913 0.00000e+00 0.00000e+00
  1914 0.00000e+00 0.00000e+00
  1915 0.00000e+00 0.00000e+00
  1916 0.00000e+00 0.00000e+00
  1917 0.00000e+00 0.00000e+00
  1918 0.00000e+00 0.00000e+00
  1919 0.00000e+00 0.00000e+00
  1920 0.00000e+00 0.00000e+00
  1921 0.00000e+00 0.00000e+00
  1922 0.00000e+00 0.00000e+00
  1923 0.00000e+00 0.00000e+00
  1924 0.00000e+00 0.00000e+00
  1925 0.00000e+00 0.00000e+00
  1926 0.00000e+00 0.00000e+00
  1927 0.00000e+00 0.00000e+00
  1928 0.00000e+00 0.00000e+00
  1929 0.00000e+00 0.00000e+00
  1930 0.00000e+00 0.00000e+00
