1.000000e-04 5.464111e-01 4.759329e-01 1.935256e-04 5.077772e-04 1.904745e-03 1.399851e-03 9.676279e-05 3.840623e-04 1.428072e-02 1.538580e-02 1.955292e-02 2.004318e-02 
1.140625e-04 5.464519e-01 4.758474e-01 2.500030e-04 6.552325e-04 2.458147e-03 1.806952e-03 1.250015e-04 4.957848e-04 1.623866e-02 1.749145e-02 2.223102e-02 2.278615e-02 
1.301025e-04 5.464987e-01 4.758276e-01 3.226230e-04 8.452738e-04 3.174832e-03 2.335074e-03 1.613115e-04 6.406142e-04 1.845494e-02 1.987941e-02 2.525784e-02 2.589504e-02 
1.483982e-04 5.465503e-01 4.757929e-01 4.158584e-04 1.090897e-03 4.094559e-03 3.010247e-03 2.079292e-04 8.258649e-04 2.096943e-02 2.259126e-02 2.870392e-02 2.942406e-02 
1.692667e-04 5.466723e-01 4.756392e-01 5.354003e-04 1.403142e-03 5.275831e-03 3.882717e-03 2.677001e-04 1.064917e-03 2.381321e-02 2.564695e-02 3.257732e-02 3.340761e-02 
1.930698e-04 5.466556e-01 4.755446e-01 6.873164e-04 1.801472e-03 6.779548e-03 4.990892e-03 3.436582e-04 1.368766e-03 2.702338e-02 2.909138e-02 3.695606e-02 3.789713e-02 
2.202202e-04 5.467553e-01 4.752803e-01 8.823195e-04 2.311568e-03 8.715514e-03 6.423105e-03 4.411597e-04 1.761051e-03 3.065132e-02 3.301287e-02 4.191155e-02 4.298734e-02 
2.511886e-04 5.468952e-01 4.751712e-01 1.127613e-03 2.953741e-03 1.114570e-02 8.217654e-03 5.638067e-04 2.252810e-03 3.471498e-02 3.736806e-02 4.744458e-02 4.866435e-02 
2.865120e-04 5.469332e-01 4.749392e-01 1.438220e-03 3.766423e-03 1.423535e-02 1.050417e-02 7.191100e-04 2.879078e-03 3.927085e-02 4.228896e-02 5.367122e-02 5.504046e-02 
3.268028e-04 5.470698e-01 4.747756e-01 1.828347e-03 4.777469e-03 1.809039e-02 1.336102e-02 9.141736e-04 3.661914e-03 4.438008e-02 4.776136e-02 6.060472e-02 6.217791e-02 
3.727594e-04 5.473089e-01 4.746229e-01 2.315109e-03 6.044564e-03 2.292651e-02 1.694989e-02 1.157555e-03 4.644816e-03 5.006441e-02 5.387524e-02 6.832354e-02 7.013956e-02 
4.251786e-04 5.476359e-01 4.745331e-01 2.921259e-03 7.610263e-03 2.892066e-02 2.139926e-02 1.460630e-03 5.864024e-03 5.638792e-02 6.066902e-02 7.693078e-02 7.895694e-02 
4.849693e-04 5.477901e-01 4.742177e-01 3.663013e-03 9.520909e-03 3.626163e-02 2.686300e-02 1.831506e-03 7.361198e-03 6.335252e-02 6.812801e-02 8.635285e-02 8.866749e-02 
5.531681e-04 5.480889e-01 4.740602e-01 4.563224e-03 1.180972e-02 4.511138e-02 3.347749e-02 2.281612e-03 9.173944e-03 7.093029e-02 7.627506e-02 9.660926e-02 9.925497e-02 
6.309573e-04 5.487437e-01 4.742931e-01 5.649237e-03 1.454254e-02 5.565025e-02 4.133082e-02 2.824618e-03 1.133146e-02 7.913301e-02 8.507786e-02 1.077116e-01 1.106957e-01 
7.196857e-04 5.494155e-01 4.745373e-01 6.915137e-03 1.768730e-02 6.778038e-02 5.036689e-02 3.457568e-03 1.381817e-02 8.781209e-02 9.441574e-02 1.194488e-01 1.228531e-01 
8.208914e-04 5.504589e-01 4.752372e-01 8.397954e-03 2.129809e-02 8.168690e-02 6.072798e-02 4.198977e-03 1.667813e-02 9.699225e-02 1.042766e-01 1.318915e-01 1.356680e-01 
9.363292e-04 5.516221e-01 4.760913e-01 1.010478e-02 2.537918e-02 9.733434e-02 7.237410e-02 5.052388e-03 1.990317e-02 1.065436e-01 1.145602e-01 1.447980e-01 1.490775e-01 
1.068000e-03 5.531059e-01 4.774346e-01 1.204714e-02 2.993266e-02 1.146146e-01 8.514617e-02 6.023570e-03 2.345727e-02 1.163745e-01 1.251859e-01 1.581982e-01 1.628779e-01 
1.218188e-03 5.547438e-01 4.791075e-01 1.423804e-02 3.498346e-02 1.335438e-01 9.905428e-02 7.119018e-03 2.734690e-02 1.264261e-01 1.360454e-01 1.718857e-01 1.770807e-01 
1.389495e-03 5.564569e-01 4.808685e-01 1.668576e-02 4.054884e-02 1.542191e-01 1.141747e-01 8.342881e-03 3.159306e-02 1.366580e-01 1.471245e-01 1.858268e-01 1.915994e-01 
1.584893e-03 5.582930e-01 4.830480e-01 1.940621e-02 4.663627e-02 1.763275e-01 1.301477e-01 9.703103e-03 3.611097e-02 1.469705e-01 1.583772e-01 1.999935e-01 2.063745e-01 
1.807769e-03 5.599254e-01 4.852240e-01 2.239613e-02 5.329126e-02 2.003323e-01 1.474142e-01 1.119806e-02 4.100816e-02 1.575146e-01 1.698724e-01 2.145235e-01 2.214877e-01 
2.061986e-03 5.614913e-01 4.873853e-01 2.570787e-02 6.055489e-02 2.261805e-01 1.658764e-01 1.285393e-02 4.627306e-02 1.681882e-01 1.815922e-01 2.293267e-01 2.368834e-01 
2.351953e-03 5.627996e-01 4.896229e-01 2.933237e-02 6.856545e-02 2.542146e-01 1.856745e-01 1.466619e-02 5.194027e-02 1.791289e-01 1.935358e-01 2.444703e-01 2.527404e-01 
2.682696e-03 5.640989e-01 4.917591e-01 3.330364e-02 7.727759e-02 2.844250e-01 2.069318e-01 1.665182e-02 5.803985e-02 1.902529e-01 2.058411e-01 2.599948e-01 2.689920e-01 
3.059950e-03 5.650673e-01 4.938319e-01 3.768046e-02 8.682589e-02 3.171964e-01 2.298112e-01 1.884023e-02 6.463433e-02 2.017448e-01 2.185575e-01 2.760270e-01 2.858943e-01 
3.490255e-03 5.659422e-01 4.957829e-01 4.247205e-02 9.734300e-02 3.527079e-01 2.543392e-01 2.123602e-02 7.172777e-02 2.135477e-01 2.316021e-01 2.925685e-01 3.032639e-01 
3.981072e-03 5.666898e-01 4.976799e-01 4.777638e-02 1.089210e-01 3.913764e-01 2.808476e-01 2.388819e-02 7.942733e-02 2.257902e-01 2.452328e-01 3.097786e-01 3.214226e-01 
4.540910e-03 5.672862e-01 4.997582e-01 5.354967e-02 1.215209e-01 4.329967e-01 3.091346e-01 2.677483e-02 8.767808e-02 2.382611e-01 2.591808e-01 3.275963e-01 3.399037e-01 
5.179475e-03 5.678381e-01 5.016322e-01 5.993500e-02 1.354713e-01 4.784474e-01 3.397635e-01 2.996750e-02 9.664123e-02 2.513009e-01 2.738290e-01 3.460669e-01 3.595256e-01 
5.907838e-03 5.683129e-01 5.036530e-01 6.699572e-02 1.507410e-01 5.276520e-01 3.726034e-01 3.349786e-02 1.063131e-01 2.647606e-01 2.890505e-01 3.653304e-01 3.798267e-01 
6.738627e-03 5.687782e-01 5.056521e-01 7.469306e-02 1.674399e-01 5.805684e-01 4.075325e-01 3.734653e-02 1.166440e-01 2.786380e-01 3.047473e-01 3.852167e-01 4.008999e-01 
7.686246e-03 5.690997e-01 5.076679e-01 8.315806e-02 1.855696e-01 6.373394e-01 4.445932e-01 4.157903e-02 1.276891e-01 2.929509e-01 3.210474e-01 4.057945e-01 4.228375e-01 
8.767124e-03 5.696438e-01 5.099464e-01 9.253568e-02 2.054766e-01 6.989074e-01 4.843964e-01 4.626784e-02 1.396313e-01 3.078357e-01 3.379931e-01 4.273496e-01 4.456094e-01 
1.000000e-02 5.701013e-01 5.121612e-01 1.028495e-01 2.272766e-01 7.653199e-01 5.268404e-01 5.142475e-02 1.524501e-01 3.232253e-01 3.556148e-01 4.496021e-01 4.694538e-01 
1.140625e-02 5.705976e-01 5.146471e-01 1.141916e-01 2.510497e-01 8.368049e-01 5.719098e-01 5.709578e-02 1.661845e-01 3.391991e-01 3.738348e-01 4.727433e-01 4.942570e-01 
1.301025e-02 5.711495e-01 5.171602e-01 1.267031e-01 2.769479e-01 9.134147e-01 6.195611e-01 6.335157e-02 1.808411e-01 3.556138e-01 3.928995e-01 4.967456e-01 5.201428e-01 
1.483982e-02 5.718062e-01 5.198766e-01 1.404228e-01 3.048002e-01 9.945885e-01 6.692190e-01 7.021141e-02 1.963150e-01 3.724580e-01 4.124060e-01 5.215062e-01 5.466979e-01 
1.692667e-02 5.725667e-01 5.228105e-01 1.555562e-01 3.355515e-01 1.083115e+00 7.228154e-01 7.777810e-02 2.131203e-01 3.899498e-01 4.329309e-01 5.474683e-01 5.745468e-01 
1.930698e-02 5.733862e-01 5.257514e-01 1.722521e-01 3.686911e-01 1.176835e+00 7.784709e-01 8.612605e-02 2.308563e-01 4.081060e-01 4.540430e-01 5.739930e-01 6.038164e-01 
2.202202e-02 5.742826e-01 5.289041e-01 1.905902e-01 4.044914e-01 1.277216e+00 8.375099e-01 9.529512e-02 2.498619e-01 4.267077e-01 4.758195e-01 6.015891e-01 6.337058e-01 
2.511886e-02 5.753723e-01 5.323824e-01 2.109059e-01 4.436414e-01 1.385354e+00 8.999298e-01 1.054529e-01 2.702515e-01 4.460464e-01 4.984388e-01 6.303725e-01 6.648556e-01 
2.865120e-02 5.764279e-01 5.358924e-01 2.332255e-01 4.862779e-01 1.501595e+00 9.659574e-01 1.166127e-01 2.920953e-01 4.659983e-01 5.219206e-01 6.600901e-01 6.973842e-01 
3.268028e-02 5.776713e-01 5.394133e-01 2.578702e-01 5.326945e-01 1.627405e+00 1.037079e+00 1.289351e-01 3.157947e-01 4.866271e-01 5.465535e-01 6.909666e-01 7.313482e-01 
3.727594e-02 5.790474e-01 5.432118e-01 2.850147e-01 5.831742e-01 1.761893e+00 1.111178e+00 1.425074e-01 3.409823e-01 5.078251e-01 5.720797e-01 7.231961e-01 7.663155e-01 
4.251786e-02 5.805061e-01 5.472542e-01 3.151360e-01 6.387177e-01 1.908453e+00 1.190897e+00 1.575680e-01 3.683811e-01 5.298340e-01 5.988783e-01 7.567209e-01 8.031931e-01 
4.849693e-02 5.821653e-01 5.513443e-01 3.486155e-01 6.993619e-01 2.066477e+00 1.274912e+00 1.743078e-01 3.978006e-01 5.528842e-01 6.266591e-01 7.918949e-01 8.415126e-01 
5.531681e-02 5.838240e-01 5.556951e-01 3.855350e-01 7.653872e-01 2.236508e+00 1.363537e+00 1.927675e-01 4.294129e-01 5.765819e-01 6.558078e-01 8.288973e-01 8.811778e-01 
6.309573e-02 5.854998e-01 5.599876e-01 4.263422e-01 8.374937e-01 2.420050e+00 1.456825e+00 2.131711e-01 4.633719e-01 6.013833e-01 6.861147e-01 8.679308e-01 9.223014e-01 
7.196857e-02 5.873144e-01 5.645218e-01 4.714461e-01 9.158447e-01 2.617608e+00 1.556001e+00 2.357231e-01 5.000500e-01 6.271381e-01 7.176031e-01 9.090192e-01 9.645322e-01 
8.208914e-02 5.891350e-01 5.690409e-01 5.214498e-01 1.001911e+00 2.831559e+00 1.660553e+00 2.607249e-01 5.395566e-01 6.540423e-01 7.505381e-01 9.523434e-01 1.008636e+00 
9.363292e-02 5.907750e-01 5.737067e-01 5.765461e-01 1.095764e+00 3.061594e+00 1.770221e+00 2.882731e-01 5.820020e-01 6.818972e-01 7.845428e-01 9.979823e-01 1.053785e+00 
1.068000e-01 5.925033e-01 5.787270e-01 6.375665e-01 1.198874e+00 3.310538e+00 1.885526e+00 3.187833e-01 6.278239e-01 7.108471e-01 8.200398e-01 1.045852e+00 1.100937e+00 
1.218188e-01 5.941846e-01 5.837754e-01 7.046050e-01 1.312070e+00 3.580388e+00 2.006563e+00 3.523025e-01 6.770616e-01 7.407652e-01 8.571459e-01 1.095939e+00 1.150092e+00 
1.389495e-01 5.958873e-01 5.886072e-01 7.782749e-01 1.436911e+00 3.877780e+00 2.139365e+00 3.891374e-01 7.312037e-01 7.721079e-01 8.963092e-01 1.148762e+00 1.201539e+00 
1.584893e-01 5.978894e-01 5.934696e-01 8.596471e-01 1.574127e+00 4.204649e+00 2.283084e+00 4.298235e-01 7.905025e-01 8.046577e-01 9.380814e-01 1.204356e+00 1.255760e+00 
1.807769e-01 5.998463e-01 5.979624e-01 9.471299e-01 1.720307e+00 4.556159e+00 2.439954e+00 4.735649e-01 8.549534e-01 8.381312e-01 9.815809e-01 1.262093e+00 1.311186e+00 
2.061986e-01 6.013977e-01 6.018533e-01 1.039855e+00 1.873823e+00 4.927847e+00 2.608294e+00 5.199273e-01 9.239318e-01 8.725759e-01 1.026103e+00 1.321310e+00 1.367515e+00 
2.351953e-01 6.031667e-01 6.055714e-01 1.137527e+00 2.029418e+00 5.308458e+00 2.784091e+00 5.687637e-01 9.965033e-01 9.084282e-01 1.069631e+00 1.381401e+00 1.422571e+00 
2.682696e-01 6.056276e-01 6.086809e-01 1.238598e+00 2.184011e+00 5.693171e+00 2.970927e+00 6.192990e-01 1.072407e+00 9.463926e-01 1.111187e+00 1.441093e+00 1.476451e+00 
3.059950e-01 6.080700e-01 6.114410e-01 1.338876e+00 2.331917e+00 6.065710e+00 3.158373e+00 6.694378e-01 1.147878e+00 9.858658e-01 1.147633e+00 1.498848e+00 1.526212e+00 
3.490255e-01 6.093869e-01 6.134984e-01 1.429644e+00 2.463803e+00 6.404061e+00 3.332579e+00 7.148218e-01 1.217340e+00 1.024597e+00 1.175805e+00 1.551873e+00 1.567481e+00 
3.981072e-01 6.105876e-01 6.136292e-01 1.506129e+00 2.576323e+00 6.697195e+00 3.490088e+00 7.530646e-01 1.277881e+00 1.062968e+00 1.194249e+00 1.598927e+00 1.599081e+00 
4.540910e-01 6.117869e-01 6.121286e-01 1.557648e+00 2.651566e+00 6.918562e+00 3.629888e+00 7.788242e-01 1.326178e+00 1.096366e+00 1.202997e+00 1.634101e+00 1.618745e+00 
5.179475e-01 6.128317e-01 6.100117e-01 1.576371e+00 2.671233e+00 7.003781e+00 3.704055e+00 7.881853e-01 1.348344e+00 1.119624e+00 1.198209e+00 1.652447e+00 1.621143e+00 
5.907838e-01 6.146166e-01 6.093801e-01 1.559959e+00 2.628626e+00 6.914567e+00 3.682784e+00 7.799793e-01 1.337104e+00 1.127594e+00 1.179386e+00 1.653378e+00 1.600460e+00 
6.738627e-01 6.171476e-01 6.098274e-01 1.500914e+00 2.517644e+00 6.647289e+00 3.561204e+00 7.504571e-01 1.289543e+00 1.113497e+00 1.148017e+00 1.630106e+00 1.555630e+00 
7.686246e-01 6.162912e-01 6.096073e-01 1.407199e+00 2.373801e+00 6.266183e+00 3.351100e+00 7.035996e-01 1.212084e+00 1.074208e+00 1.113125e+00 1.579005e+00 1.503363e+00 
8.767124e-01 6.114414e-01 6.061719e-01 1.311129e+00 2.235062e+00 5.895172e+00 3.146812e+00 6.555647e-01 1.135014e+00 1.015140e+00 1.086472e+00 1.498150e+00 1.466116e+00 
