1.000000e-04 5.390152e-01 4.769646e-01 2.283618e-04 6.157378e-04 2.245009e-03 1.624621e-03 1.141809e-04 4.465326e-04 1.518425e-02 1.684336e-02 2.129221e-02 2.170608e-02 
1.140625e-04 5.390957e-01 4.769372e-01 2.947808e-04 7.952306e-04 2.898415e-03 2.097437e-03 1.473904e-04 5.764350e-04 1.726099e-02 1.914490e-02 2.420164e-02 2.467507e-02 
1.301025e-04 5.389785e-01 4.768300e-01 3.799889e-04 1.026109e-03 3.741094e-03 2.707625e-03 1.899944e-04 7.440211e-04 1.961347e-02 2.176031e-02 2.750546e-02 2.803742e-02 
1.483982e-04 5.390907e-01 4.766014e-01 4.891883e-04 1.320995e-03 4.823154e-03 3.492856e-03 2.445941e-04 9.595974e-04 2.227750e-02 2.471379e-02 3.122794e-02 3.184203e-02 
1.692667e-04 5.391771e-01 4.764574e-01 6.285804e-04 1.698493e-03 6.205701e-03 4.496555e-03 3.142902e-04 1.235072e-03 2.528277e-02 2.804814e-02 3.544297e-02 3.612234e-02 
1.930698e-04 5.390496e-01 4.762296e-01 8.064928e-04 2.180516e-03 7.975381e-03 5.781484e-03 4.032464e-04 1.587658e-03 2.868329e-02 3.181175e-02 4.018773e-02 4.097897e-02 
2.202202e-04 5.392658e-01 4.761607e-01 1.032689e-03 2.789258e-03 1.021142e-02 7.407476e-03 5.163444e-04 2.034004e-03 3.249828e-02 3.603786e-02 4.551756e-02 4.641679e-02 
2.511886e-04 5.392094e-01 4.757259e-01 1.318551e-03 3.565504e-03 1.307676e-02 9.494150e-03 6.592753e-04 2.605855e-03 3.679188e-02 4.080503e-02 5.151759e-02 5.254373e-02 
2.865120e-04 5.393096e-01 4.755126e-01 1.678077e-03 4.540398e-03 1.668061e-02 1.212142e-02 8.390385e-04 3.325857e-03 4.161253e-02 4.614112e-02 5.823770e-02 5.940076e-02 
3.268028e-04 5.392700e-01 4.750133e-01 2.125959e-03 5.751695e-03 2.117963e-02 1.541105e-02 1.062979e-03 4.226882e-03 4.698447e-02 5.207086e-02 6.573099e-02 6.701593e-02 
3.727594e-04 5.393857e-01 4.747667e-01 2.683440e-03 7.252698e-03 2.675876e-02 1.949239e-02 1.341720e-03 5.345140e-03 5.295521e-02 5.868319e-02 7.404351e-02 7.550996e-02 
4.251786e-04 5.395120e-01 4.743117e-01 3.370893e-03 9.110568e-03 3.369632e-02 2.458036e-02 1.685447e-03 6.737545e-03 5.957443e-02 6.599389e-02 8.321154e-02 8.492537e-02 
4.849693e-04 5.396699e-01 4.740243e-01 4.209236e-03 1.136190e-02 4.213181e-02 3.077699e-02 2.104618e-03 8.434292e-03 6.683510e-02 7.404368e-02 9.333616e-02 9.520766e-02 
5.531681e-04 5.399834e-01 4.736428e-01 5.222737e-03 1.406213e-02 5.220638e-02 3.816022e-02 2.611368e-03 1.045896e-02 7.470353e-02 8.276385e-02 1.043054e-01 1.063562e-01 
6.309573e-04 5.404658e-01 4.734936e-01 6.428659e-03 1.725233e-02 6.423648e-02 4.703016e-02 3.214329e-03 1.289016e-02 8.319791e-02 9.218446e-02 1.160756e-01 1.184298e-01 
7.196857e-04 5.410477e-01 4.736429e-01 7.831919e-03 2.092186e-02 7.807121e-02 5.722884e-02 3.915960e-03 1.568992e-02 9.219953e-02 1.021566e-01 1.285975e-01 1.311587e-01 
8.208914e-04 5.419363e-01 4.738925e-01 9.455443e-03 2.508848e-02 9.374720e-02 6.875935e-02 4.727722e-03 1.886520e-02 1.016389e-01 1.126231e-01 1.416601e-01 1.445854e-01 
9.363292e-04 5.430309e-01 4.746959e-01 1.130840e-02 2.976427e-02 1.112213e-01 8.156928e-02 5.654200e-03 2.240523e-02 1.114139e-01 1.235042e-01 1.552766e-01 1.584967e-01 
1.068000e-03 5.445255e-01 4.758098e-01 1.341817e-02 3.500807e-02 1.307712e-01 9.590014e-02 6.709087e-03 2.637672e-02 1.215299e-01 1.347659e-01 1.693720e-01 1.729179e-01 
1.218188e-03 5.463025e-01 4.773565e-01 1.580288e-02 4.077040e-02 1.518049e-01 1.111376e-01 7.901442e-03 3.063087e-02 1.317898e-01 1.462451e-01 1.837798e-01 1.875914e-01 
1.389495e-03 5.480425e-01 4.789411e-01 1.844858e-02 4.711437e-02 1.748972e-01 1.278415e-01 9.224288e-03 3.530536e-02 1.422711e-01 1.579865e-01 1.985327e-01 2.026005e-01 
1.584893e-03 5.498699e-01 4.809624e-01 2.137835e-02 5.407652e-02 1.999573e-01 1.458393e-01 1.068917e-02 4.036252e-02 1.528681e-01 1.699489e-01 2.134895e-01 2.179579e-01 
1.807769e-03 5.515477e-01 4.829829e-01 2.461608e-02 6.169260e-02 2.268058e-01 1.648909e-01 1.230804e-02 4.574810e-02 1.636450e-01 1.820965e-01 2.287764e-01 2.335981e-01 
2.061986e-03 5.533424e-01 4.851300e-01 2.818333e-02 6.999635e-02 2.560279e-01 1.856147e-01 1.409167e-02 5.161992e-02 1.746595e-01 1.945440e-01 2.445363e-01 2.495126e-01 
2.351953e-03 5.548131e-01 4.871394e-01 3.210717e-02 7.914138e-02 2.874820e-01 2.075672e-01 1.605358e-02 5.787474e-02 1.858119e-01 2.073154e-01 2.606098e-01 2.658912e-01 
2.682696e-03 5.561017e-01 4.892492e-01 3.643300e-02 8.909913e-02 3.216311e-01 2.314034e-01 1.821650e-02 6.468225e-02 1.973584e-01 2.204097e-01 2.771852e-01 2.828232e-01 
3.059950e-03 5.572024e-01 4.912380e-01 4.116853e-02 1.001394e-01 3.588737e-01 2.570972e-01 2.058426e-02 7.203886e-02 2.091844e-01 2.339359e-01 2.942907e-01 3.003146e-01 
3.490255e-03 5.582410e-01 4.931142e-01 4.636456e-02 1.120025e-01 3.986070e-01 2.843813e-01 2.318228e-02 7.989320e-02 2.213413e-01 2.478353e-01 3.119450e-01 3.182281e-01 
3.981072e-03 5.591190e-01 4.949436e-01 5.207971e-02 1.252473e-01 4.422886e-01 3.140192e-01 2.603985e-02 8.844362e-02 2.338791e-01 2.623544e-01 3.303614e-01 3.368987e-01 
4.540910e-03 5.600883e-01 4.969891e-01 5.841224e-02 1.395854e-01 4.891579e-01 3.457011e-01 2.920612e-02 9.764079e-02 2.468599e-01 2.772384e-01 3.493843e-01 3.561454e-01 
5.179475e-03 5.607470e-01 4.989884e-01 6.528775e-02 1.552373e-01 5.399311e-01 3.797288e-01 3.264388e-02 1.075453e-01 2.601762e-01 2.927318e-01 3.690857e-01 3.761426e-01 
5.907838e-03 5.614077e-01 5.008423e-01 7.285912e-02 1.722483e-01 5.944183e-01 4.159887e-01 3.642956e-02 1.181555e-01 2.740072e-01 3.087577e-01 3.895618e-01 3.968629e-01 
6.738627e-03 5.621647e-01 5.029681e-01 8.123452e-02 1.910564e-01 6.534013e-01 4.545489e-01 4.061726e-02 1.295295e-01 2.882208e-01 3.253881e-01 4.108187e-01 4.183785e-01 
7.686246e-03 5.629458e-01 5.051019e-01 9.041812e-02 2.112401e-01 7.163269e-01 4.955675e-01 4.520906e-02 1.416977e-01 3.029784e-01 3.425456e-01 4.328873e-01 4.406056e-01 
8.767124e-03 5.637239e-01 5.073798e-01 1.005532e-01 2.334897e-01 7.849470e-01 5.398459e-01 5.027662e-02 1.549046e-01 3.182395e-01 3.605946e-01 4.560011e-01 4.638618e-01 
1.000000e-02 5.644258e-01 5.096084e-01 1.116235e-01 2.573776e-01 8.572402e-01 5.856863e-01 5.581174e-02 1.687246e-01 3.338774e-01 3.790836e-01 4.799358e-01 4.876464e-01 
1.140625e-02 5.651471e-01 5.121459e-01 1.239804e-01 2.839221e-01 9.358619e-01 6.345923e-01 6.199020e-02 1.836265e-01 3.500840e-01 3.984992e-01 5.047715e-01 5.128924e-01 
1.301025e-02 5.661519e-01 5.147628e-01 1.373501e-01 3.120648e-01 1.018747e+00 6.859849e-01 6.867505e-02 1.993963e-01 3.668243e-01 4.183325e-01 5.304984e-01 5.385522e-01 
1.483982e-02 5.669181e-01 5.175216e-01 1.522297e-01 3.433023e-01 1.108951e+00 7.407623e-01 7.611487e-02 2.163851e-01 3.840289e-01 4.393975e-01 5.576121e-01 5.655807e-01 
1.692667e-02 5.677872e-01 5.203264e-01 1.685469e-01 3.769665e-01 1.204401e+00 7.974836e-01 8.427345e-02 2.342514e-01 4.018539e-01 4.609444e-01 5.855140e-01 5.935534e-01 
1.930698e-02 5.686900e-01 5.233651e-01 1.866262e-01 4.136965e-01 1.307841e+00 8.584985e-01 9.331309e-02 2.536118e-01 4.203081e-01 4.835787e-01 6.148879e-01 6.226713e-01 
2.202202e-02 5.696562e-01 5.266453e-01 2.061929e-01 4.529668e-01 1.416672e+00 9.214898e-01 1.030965e-01 2.739068e-01 4.390933e-01 5.068142e-01 6.452019e-01 6.524145e-01 
2.511886e-02 5.707602e-01 5.300291e-01 2.279178e-01 4.953715e-01 1.533110e+00 9.878770e-01 1.139589e-01 2.956077e-01 4.587077e-01 5.307755e-01 6.765669e-01 6.834738e-01 
2.865120e-02 5.717299e-01 5.334634e-01 2.516376e-01 5.411903e-01 1.657585e+00 1.058109e+00 1.258188e-01 3.188252e-01 4.789234e-01 5.556933e-01 7.092487e-01 7.155439e-01 
3.268028e-02 5.730747e-01 5.373121e-01 2.775609e-01 5.899836e-01 1.788811e+00 1.131064e+00 1.387804e-01 3.433499e-01 4.997424e-01 5.810117e-01 7.429157e-01 7.483236e-01 
3.727594e-02 5.745936e-01 5.413546e-01 3.057640e-01 6.418511e-01 1.925878e+00 1.205819e+00 1.528820e-01 3.689948e-01 5.208621e-01 6.071066e-01 7.772540e-01 7.820999e-01 
4.251786e-02 5.762754e-01 5.454175e-01 3.366190e-01 6.966251e-01 2.070362e+00 1.284222e+00 1.683095e-01 3.963175e-01 5.427188e-01 6.337013e-01 8.127681e-01 8.163630e-01 
4.849693e-02 5.781548e-01 5.496028e-01 3.701305e-01 7.543533e-01 2.220594e+00 1.364077e+00 1.850653e-01 4.248102e-01 5.649798e-01 6.609463e-01 8.485609e-01 8.519825e-01 
5.531681e-02 5.805200e-01 5.541694e-01 4.062733e-01 8.142630e-01 2.374411e+00 1.443937e+00 2.031367e-01 4.541933e-01 5.876098e-01 6.880229e-01 8.843787e-01 8.879718e-01 
6.309573e-02 5.829180e-01 5.586589e-01 4.456525e-01 8.776494e-01 2.536215e+00 1.527249e+00 2.228262e-01 4.854196e-01 6.110973e-01 7.154619e-01 9.202193e-01 9.255582e-01 
7.196857e-02 5.856101e-01 5.636758e-01 4.880996e-01 9.452516e-01 2.706562e+00 1.612886e+00 2.440498e-01 5.182625e-01 6.349631e-01 7.432424e-01 9.559710e-01 9.645304e-01 
8.208914e-02 5.885531e-01 5.685457e-01 5.339915e-01 1.016112e+00 2.884892e+00 1.702455e+00 2.669957e-01 5.531049e-01 6.595877e-01 7.712892e-01 9.922733e-01 1.004165e+00 
9.363292e-02 5.915721e-01 5.732268e-01 5.830250e-01 1.090596e+00 3.072628e+00 1.796768e+00 2.915125e-01 5.901009e-01 6.847582e-01 7.998288e-01 1.028354e+00 1.045229e+00 
1.068000e-01 5.945494e-01 5.778780e-01 6.356041e-01 1.169753e+00 3.270301e+00 1.894875e+00 3.178021e-01 6.291784e-01 7.103657e-01 8.288759e-01 1.064771e+00 1.087397e+00 
1.218188e-01 5.977712e-01 5.826156e-01 6.924441e-01 1.254801e+00 3.480087e+00 1.996051e+00 3.462220e-01 6.704611e-01 7.364147e-01 8.587624e-01 1.102212e+00 1.130616e+00 
1.389495e-01 6.008932e-01 5.872718e-01 7.543359e-01 1.347227e+00 3.706498e+00 2.103570e+00 3.771680e-01 7.150178e-01 7.635576e-01 8.899133e-01 1.141585e+00 1.175440e+00 
1.584893e-01 6.037053e-01 5.921199e-01 8.215868e-01 1.449469e+00 3.951362e+00 2.213997e+00 4.107934e-01 7.622546e-01 7.916406e-01 9.225270e-01 1.183290e+00 1.222392e+00 
1.807769e-01 6.062740e-01 5.976280e-01 8.941714e-01 1.560618e+00 4.213878e+00 2.328628e+00 4.470857e-01 8.125232e-01 8.202358e-01 9.561227e-01 1.227158e+00 1.270181e+00 
2.061986e-01 6.086116e-01 6.029716e-01 9.726549e-01 1.682233e+00 4.500037e+00 2.453119e+00 4.863274e-01 8.669271e-01 8.499956e-01 9.913110e-01 1.274067e+00 1.319250e+00 
2.351953e-01 6.104790e-01 6.078907e-01 1.057608e+00 1.816657e+00 4.814876e+00 2.588418e+00 5.288040e-01 9.260744e-01 8.810506e-01 1.028759e+00 1.325430e+00 1.369324e+00 
2.682696e-01 6.121200e-01 6.122699e-01 1.150266e+00 1.961861e+00 5.157524e+00 2.734754e+00 5.751328e-01 9.907726e-01 9.134247e-01 1.068534e+00 1.380825e+00 1.420145e+00 
3.059950e-01 6.144201e-01 6.164164e-01 1.246362e+00 2.109905e+00 5.504338e+00 2.878427e+00 6.231812e-01 1.056368e+00 9.445348e-01 1.108713e+00 1.437800e+00 1.467733e+00 
3.490255e-01 6.169199e-01 6.210473e-01 1.343135e+00 2.254638e+00 5.836598e+00 3.007441e+00 6.715676e-01 1.119484e+00 9.711530e-01 1.149030e+00 1.493302e+00 1.510897e+00 
3.981072e-01 6.196213e-01 6.264647e-01 1.435423e+00 2.386384e+00 6.128041e+00 3.109746e+00 7.177116e-01 1.175352e+00 9.924411e-01 1.185473e+00 1.545300e+00 1.545032e+00 
4.540910e-01 6.228557e-01 6.314047e-01 1.515745e+00 2.496132e+00 6.372581e+00 3.199688e+00 7.578726e-01 1.224029e+00 1.009210e+00 1.215260e+00 1.594295e+00 1.564698e+00 
5.179475e-01 6.249702e-01 6.345568e-01 1.565259e+00 2.566164e+00 6.521891e+00 3.246960e+00 7.826293e-01 1.252215e+00 1.016827e+00 1.233794e+00 1.628867e+00 1.569651e+00 
5.907838e-01 6.259160e-01 6.352237e-01 1.574581e+00 2.575227e+00 6.534714e+00 3.243484e+00 7.872904e-01 1.255003e+00 1.013651e+00 1.238779e+00 1.638182e+00 1.563064e+00 
6.738627e-01 6.261323e-01 6.342540e-01 1.542947e+00 2.520148e+00 6.402433e+00 3.186557e+00 7.714735e-01 1.231461e+00 9.998801e-01 1.228717e+00 1.620675e+00 1.544880e+00 
7.686246e-01 6.258539e-01 6.305884e-01 1.461034e+00 2.385747e+00 6.098972e+00 3.074046e+00 7.305171e-01 1.177496e+00 9.762212e-01 1.192437e+00 1.567250e+00 1.507485e+00 
8.767124e-01 6.205665e-01 6.224988e-01 1.330380e+00 2.197050e+00 5.667747e+00 2.899426e+00 6.651902e-01 1.093346e+00 9.424621e-01 1.133878e+00 1.486744e+00 1.452499e+00 
