1.000000e-04 5.407810e-01 4.753773e-01 1.935971e-04 5.207145e-04 1.911937e-03 1.388602e-03 9.679853e-05 3.813061e-04 1.426234e-02 1.540472e-02 1.960243e-02 2.014596e-02 
1.140625e-04 5.407700e-01 4.752357e-01 2.501752e-04 6.731918e-04 2.472073e-03 1.795488e-03 1.250876e-04 4.930083e-04 1.622061e-02 1.752132e-02 2.229519e-02 2.291050e-02 
1.301025e-04 5.409099e-01 4.753096e-01 3.230053e-04 8.684528e-04 3.192668e-03 2.320476e-03 1.615027e-04 6.370825e-04 1.844227e-02 1.991874e-02 2.534750e-02 2.603891e-02 
1.483982e-04 5.407508e-01 4.750655e-01 4.163674e-04 1.120188e-03 4.118672e-03 2.993725e-03 2.081837e-04 8.218388e-04 2.096239e-02 2.263215e-02 2.879723e-02 2.959386e-02 
1.692667e-04 5.409569e-01 4.750802e-01 5.356772e-04 1.441464e-03 5.305561e-03 3.858525e-03 2.678386e-04 1.059077e-03 2.379961e-02 2.569257e-02 3.269413e-02 3.358782e-02 
1.930698e-04 5.410697e-01 4.750133e-01 6.888247e-04 1.852130e-03 6.823974e-03 4.966381e-03 3.444123e-04 1.363001e-03 2.700870e-02 2.915571e-02 3.709335e-02 3.811233e-02 
2.202202e-04 5.411267e-01 4.748329e-01 8.825791e-04 2.375253e-03 8.760392e-03 6.378658e-03 4.412895e-04 1.750190e-03 3.062264e-02 3.305635e-02 4.204852e-02 4.320169e-02 
2.511886e-04 5.411553e-01 4.745650e-01 1.128276e-03 3.034490e-03 1.120492e-02 8.164908e-03 5.641382e-04 2.239876e-03 3.469404e-02 3.743193e-02 4.760792e-02 4.892924e-02 
2.865120e-04 5.412755e-01 4.743949e-01 1.439258e-03 3.865754e-03 1.429710e-02 1.042645e-02 7.196288e-04 2.860070e-03 3.925739e-02 4.234150e-02 5.384629e-02 5.534062e-02 
3.268028e-04 5.414109e-01 4.742291e-01 1.830139e-03 4.912711e-03 1.819388e-02 1.327785e-02 9.150697e-04 3.641723e-03 4.436815e-02 4.784448e-02 6.082979e-02 6.253138e-02 
3.727594e-04 5.415281e-01 4.739330e-01 2.317769e-03 6.219885e-03 2.308147e-02 1.686299e-02 1.158885e-03 4.623502e-03 5.006864e-02 5.399169e-02 6.859954e-02 7.056384e-02 
4.251786e-04 5.417407e-01 4.737712e-01 2.923566e-03 7.827275e-03 2.911464e-02 2.129897e-02 1.461783e-03 5.839526e-03 5.642609e-02 6.079478e-02 7.726134e-02 7.943849e-02 
4.849693e-04 5.420571e-01 4.735239e-01 3.664499e-03 9.783818e-03 3.648351e-02 2.672614e-02 1.832249e-03 7.326878e-03 6.337183e-02 6.828491e-02 8.671592e-02 8.920400e-02 
5.531681e-04 5.423751e-01 4.732889e-01 4.568458e-03 1.215580e-02 4.538663e-02 3.327482e-02 2.284229e-03 9.124535e-03 7.098826e-02 7.645773e-02 9.707983e-02 9.986108e-02 
6.309573e-04 5.428590e-01 4.734825e-01 5.654468e-03 1.497030e-02 5.601192e-02 4.110721e-02 2.827234e-03 1.127627e-02 7.922918e-02 8.528730e-02 1.082841e-01 1.113807e-01 
7.196857e-04 5.435263e-01 4.736475e-01 6.929735e-03 1.822707e-02 6.824221e-02 5.009972e-02 3.464867e-03 1.375432e-02 8.797139e-02 9.466797e-02 1.201429e-01 1.236437e-01 
8.208914e-04 5.447205e-01 4.744584e-01 8.417337e-03 2.193645e-02 8.230503e-02 6.049738e-02 4.208669e-03 1.662345e-02 9.722633e-02 1.045852e-01 1.326755e-01 1.366030e-01 
9.363292e-04 5.460353e-01 4.753461e-01 1.014064e-02 2.617704e-02 9.818412e-02 7.215776e-02 5.070320e-03 1.985530e-02 1.068997e-01 1.149622e-01 1.458161e-01 1.501595e-01 
1.068000e-03 5.475809e-01 4.767054e-01 1.209891e-02 3.086749e-02 1.156439e-01 8.493198e-02 6.049456e-03 2.341320e-02 1.168287e-01 1.256297e-01 1.593126e-01 1.641446e-01 
1.218188e-03 5.494045e-01 4.783457e-01 1.432611e-02 3.613058e-02 1.349993e-01 9.901204e-02 7.163057e-03 2.735217e-02 1.270591e-01 1.366512e-01 1.732977e-01 1.785585e-01 
1.389495e-03 5.514015e-01 4.802938e-01 1.681674e-02 4.184058e-02 1.557469e-01 1.140025e-01 8.408369e-03 3.157620e-02 1.373933e-01 1.477978e-01 1.874489e-01 1.931754e-01 
1.584893e-03 5.533840e-01 4.824813e-01 1.957932e-02 4.813429e-02 1.782638e-01 1.301231e-01 9.789659e-03 3.614033e-02 1.479248e-01 1.591907e-01 2.019326e-01 2.081718e-01 
1.807769e-03 5.555079e-01 4.847298e-01 2.268902e-02 5.510384e-02 2.029794e-01 1.477398e-01 1.134451e-02 4.115035e-02 1.587620e-01 1.708531e-01 2.167888e-01 2.235871e-01 
2.061986e-03 5.573919e-01 4.871689e-01 2.607092e-02 6.259191e-02 2.292066e-01 1.662483e-01 1.303546e-02 4.644680e-02 1.696010e-01 1.827024e-01 2.318629e-01 2.391665e-01 
2.351953e-03 5.592805e-01 4.894870e-01 2.982338e-02 7.091621e-02 2.578035e-01 1.862772e-01 1.491169e-02 5.219570e-02 1.807159e-01 1.948578e-01 2.472955e-01 2.552608e-01 
2.682696e-03 5.608977e-01 4.919727e-01 3.395382e-02 7.991216e-02 2.887094e-01 2.078246e-01 1.697691e-02 5.841349e-02 1.921712e-01 2.073195e-01 2.632877e-01 2.717342e-01 
3.059950e-03 5.623648e-01 4.942602e-01 3.846920e-02 8.980041e-02 3.218453e-01 2.306134e-01 1.923460e-02 6.502082e-02 2.037836e-01 2.200421e-01 2.795597e-01 2.886685e-01 
3.490255e-03 5.636115e-01 4.964652e-01 4.346320e-02 1.006499e-01 3.579913e-01 2.553576e-01 2.173160e-02 7.222079e-02 2.158015e-01 2.332592e-01 2.965089e-01 3.061891e-01 
3.981072e-03 5.649119e-01 4.987693e-01 4.894195e-02 1.124443e-01 3.971550e-01 2.821159e-01 2.447098e-02 8.002672e-02 2.282581e-01 2.468542e-01 3.139216e-01 3.243959e-01 
4.540910e-03 5.659860e-01 5.009778e-01 5.494468e-02 1.253890e-01 4.389871e-01 3.101365e-01 2.747234e-02 8.827306e-02 2.409222e-01 2.608858e-01 3.318633e-01 3.431655e-01 
5.179475e-03 5.671162e-01 5.032979e-01 6.161921e-02 1.396051e-01 4.847240e-01 3.406558e-01 3.080961e-02 9.728778e-02 2.541129e-01 2.755193e-01 3.505884e-01 3.627397e-01 
5.907838e-03 5.680324e-01 5.056595e-01 6.888677e-02 1.549792e-01 5.339344e-01 3.734071e-01 3.444339e-02 1.070003e-01 2.677658e-01 2.905750e-01 3.699649e-01 3.829798e-01 
6.738627e-03 5.690214e-01 5.080181e-01 7.698846e-02 1.719277e-01 5.870605e-01 4.082006e-01 3.849423e-02 1.174115e-01 2.818606e-01 3.062830e-01 3.901798e-01 4.040288e-01 
7.686246e-03 5.700508e-01 5.104840e-01 8.587766e-02 1.902541e-01 6.443360e-01 4.456001e-01 4.293883e-02 1.286607e-01 2.964674e-01 3.224139e-01 4.109955e-01 4.258274e-01 
8.767124e-03 5.709010e-01 5.129311e-01 9.560509e-02 2.102931e-01 7.061709e-01 4.855509e-01 4.780254e-02 1.407501e-01 3.115144e-01 3.393337e-01 4.326624e-01 4.486165e-01 
1.000000e-02 5.718929e-01 5.155976e-01 1.064390e-01 2.323102e-01 7.731405e-01 5.283669e-01 5.321950e-02 1.538155e-01 3.272608e-01 3.568425e-01 4.552313e-01 4.724179e-01 
1.140625e-02 5.729521e-01 5.184541e-01 1.182884e-01 2.559249e-01 8.443674e-01 5.735521e-01 5.914419e-02 1.677261e-01 3.433596e-01 3.748877e-01 4.784468e-01 4.969377e-01 
1.301025e-02 5.740430e-01 5.213054e-01 1.314485e-01 2.819566e-01 9.215453e-01 6.217896e-01 6.572426e-02 1.827197e-01 3.601250e-01 3.937369e-01 5.027551e-01 5.225883e-01 
1.483982e-02 5.750471e-01 5.242085e-01 1.458620e-01 3.102338e-01 1.004528e+00 6.731912e-01 7.293101e-02 1.988116e-01 3.774847e-01 4.133370e-01 5.279836e-01 5.493040e-01 
1.692667e-02 5.763055e-01 5.273524e-01 1.618495e-01 3.408303e-01 1.092817e+00 7.268773e-01 8.092477e-02 2.158975e-01 3.952561e-01 4.337305e-01 5.541778e-01 5.769195e-01 
1.930698e-02 5.773567e-01 5.304563e-01 1.794946e-01 3.747560e-01 1.189539e+00 7.850733e-01 8.974728e-02 2.345094e-01 4.139307e-01 4.551462e-01 5.817630e-01 6.060637e-01 
2.202202e-02 5.785447e-01 5.337790e-01 1.990025e-01 4.116310e-01 1.293164e+00 8.464023e-01 9.950123e-02 2.544042e-01 4.332189e-01 4.773438e-01 6.103742e-01 6.363214e-01 
2.511886e-02 5.796746e-01 5.369761e-01 2.205337e-01 4.517789e-01 1.405106e+00 9.120315e-01 1.102669e-01 2.759033e-01 4.533214e-01 5.006310e-01 6.403808e-01 6.679252e-01 
2.865120e-02 5.807606e-01 5.403549e-01 2.444349e-01 4.959975e-01 1.527084e+00 9.825726e-01 1.222175e-01 2.992322e-01 4.742427e-01 5.251210e-01 6.717797e-01 7.012456e-01 
3.268028e-02 5.818623e-01 5.437649e-01 2.707189e-01 5.443139e-01 1.658079e+00 1.056756e+00 1.353595e-01 3.241549e-01 4.959817e-01 5.504910e-01 7.045603e-01 7.358154e-01 
3.727594e-02 5.830092e-01 5.470862e-01 2.996192e-01 5.964239e-01 1.799199e+00 1.136441e+00 1.498096e-01 3.511265e-01 5.185750e-01 5.770707e-01 7.386811e-01 7.719183e-01 
4.251786e-02 5.841803e-01 5.505874e-01 3.319098e-01 6.538159e-01 1.952748e+00 1.221442e+00 1.659549e-01 3.803999e-01 5.422035e-01 6.050146e-01 7.749942e-01 8.094665e-01 
4.849693e-02 5.856814e-01 5.542313e-01 3.673650e-01 7.160230e-01 2.118309e+00 1.312205e+00 1.836825e-01 4.120074e-01 5.668011e-01 6.342301e-01 8.125899e-01 8.489543e-01 
5.531681e-02 5.868561e-01 5.579771e-01 4.072812e-01 7.861401e-01 2.301437e+00 1.409876e+00 2.036406e-01 4.466400e-01 5.924011e-01 6.655324e-01 8.526390e-01 8.909749e-01 
6.309573e-02 5.880574e-01 5.616146e-01 4.512221e-01 8.631023e-01 2.500647e+00 1.514578e+00 2.256111e-01 4.842032e-01 6.192774e-01 6.982699e-01 8.942720e-01 9.354534e-01 
7.196857e-02 5.892402e-01 5.654540e-01 5.000759e-01 9.485346e-01 2.718942e+00 1.626882e+00 2.500379e-01 5.250699e-01 6.472914e-01 7.328268e-01 9.379711e-01 9.824760e-01 
8.208914e-02 5.905664e-01 5.693511e-01 5.541392e-01 1.043173e+00 2.958699e+00 1.748383e+00 2.770696e-01 5.698058e-01 6.765080e-01 7.692110e-01 9.841095e-01 1.031613e+00 
9.363292e-02 5.917360e-01 5.730372e-01 6.144147e-01 1.148765e+00 3.224398e+00 1.881080e+00 3.072073e-01 6.191179e-01 7.071044e-01 8.080335e-01 1.033283e+00 1.083398e+00 
1.068000e-01 5.927202e-01 5.765211e-01 6.810051e-01 1.264949e+00 3.515324e+00 2.025037e+00 3.405025e-01 6.730415e-01 7.391013e-01 8.488416e-01 1.085571e+00 1.137036e+00 
1.218188e-01 5.936668e-01 5.799756e-01 7.546124e-01 1.394064e+00 3.837355e+00 2.183597e+00 3.773062e-01 7.326095e-01 7.727158e-01 8.920330e-01 1.141869e+00 1.192597e+00 
1.389495e-01 5.946504e-01 5.835679e-01 8.351866e-01 1.536195e+00 4.188797e+00 2.352718e+00 4.175933e-01 7.969756e-01 8.080336e-01 9.369724e-01 1.202077e+00 1.249699e+00 
1.584893e-01 5.955654e-01 5.870612e-01 9.237810e-01 1.691367e+00 4.570957e+00 2.534739e+00 4.618905e-01 8.668767e-01 8.451582e-01 9.835774e-01 1.266100e+00 1.307999e+00 
1.807769e-01 5.961329e-01 5.903235e-01 1.017630e+00 1.856670e+00 4.979586e+00 2.728598e+00 5.088152e-01 9.414324e-01 8.837275e-01 1.030653e+00 1.332953e+00 1.366409e+00 
2.061986e-01 5.971754e-01 5.938357e-01 1.117653e+00 2.028908e+00 5.407008e+00 2.930457e+00 5.588263e-01 1.020072e+00 9.234980e-01 1.077677e+00 1.401817e+00 1.424071e+00 
2.351953e-01 5.985498e-01 5.977274e-01 1.221265e+00 2.203687e+00 5.836162e+00 3.128536e+00 6.106323e-01 1.099201e+00 9.619947e-01 1.123803e+00 1.469589e+00 1.480110e+00 
2.682696e-01 6.000067e-01 6.022150e-01 1.324242e+00 2.373332e+00 6.245387e+00 3.311767e+00 6.621212e-01 1.174933e+00 9.971265e-01 1.167284e+00 1.534566e+00 1.531105e+00 
3.059950e-01 6.013640e-01 6.071957e-01 1.421085e+00 2.528319e+00 6.601139e+00 3.454535e+00 7.105427e-01 1.239898e+00 1.026740e+00 1.204818e+00 1.592821e+00 1.573940e+00 
3.490255e-01 6.037996e-01 6.125951e-01 1.505935e+00 2.651921e+00 6.873184e+00 3.553229e+00 7.529676e-01 1.291376e+00 1.049469e+00 1.234248e+00 1.639267e+00 1.606156e+00 
3.981072e-01 6.076299e-01 6.171620e-01 1.572163e+00 2.732992e+00 7.046808e+00 3.612873e+00 7.860815e-01 1.327983e+00 1.065456e+00 1.253176e+00 1.670962e+00 1.625276e+00 
4.540910e-01 6.121874e-01 6.203989e-01 1.611338e+00 2.761406e+00 7.104250e+00 3.632715e+00 8.056689e-01 1.346004e+00 1.073369e+00 1.259999e+00 1.684416e+00 1.630887e+00 
5.179475e-01 6.155726e-01 6.227563e-01 1.619000e+00 2.745716e+00 7.051230e+00 3.596906e+00 8.095001e-01 1.341094e+00 1.072179e+00 1.256191e+00 1.675565e+00 1.631251e+00 
5.907838e-01 6.168429e-01 6.240766e-01 1.594881e+00 2.698975e+00 6.936534e+00 3.538871e+00 7.974405e-01 1.320438e+00 1.064602e+00 1.244961e+00 1.651713e+00 1.627653e+00 
6.738627e-01 6.166718e-01 6.226473e-01 1.536729e+00 2.604909e+00 6.719911e+00 3.454051e+00 7.683646e-01 1.281076e+00 1.048528e+00 1.223750e+00 1.616203e+00 1.607501e+00 
7.686246e-01 6.147689e-01 6.185063e-01 1.448509e+00 2.469183e+00 6.402431e+00 3.320704e+00 7.242543e-01 1.221283e+00 1.021140e+00 1.189226e+00 1.566811e+00 1.565650e+00 
8.767124e-01 6.102932e-01 6.114111e-01 1.351845e+00 2.331224e+00 6.072487e+00 3.171772e+00 6.759224e-01 1.155371e+00 9.849118e-01 1.150817e+00 1.511945e+00 1.512023e+00 
