1.000000e-04 5.399232e-01 4.765732e-01 2.142741e-04 5.750015e-04 2.107387e-03 1.529129e-03 1.071370e-04 4.202276e-04 1.469744e-02 1.625193e-02 2.055624e-02 2.095759e-02 
1.140625e-04 5.400100e-01 4.764083e-01 2.765127e-04 7.419916e-04 2.723628e-03 1.977963e-03 1.382564e-04 5.434043e-04 1.671613e-02 1.847825e-02 2.337256e-02 2.382425e-02 
1.301025e-04 5.400579e-01 4.763628e-01 3.565833e-04 9.576218e-04 3.514022e-03 2.551573e-03 1.782916e-04 7.009759e-04 1.899690e-02 2.099736e-02 2.655938e-02 2.707351e-02 
1.483982e-04 5.400095e-01 4.760747e-01 4.592990e-04 1.233187e-03 4.532387e-03 3.293640e-03 2.296495e-04 9.046129e-04 2.158402e-02 2.385411e-02 3.016656e-02 3.075424e-02 
1.692667e-04 5.401392e-01 4.760594e-01 5.910322e-04 1.587673e-03 5.837028e-03 4.243868e-03 2.955161e-04 1.165343e-03 2.449962e-02 2.707643e-02 3.423494e-02 3.490176e-02 
1.930698e-04 5.401250e-01 4.758011e-01 7.573510e-04 2.034517e-03 7.490581e-03 5.449368e-03 3.786755e-04 1.496126e-03 2.778736e-02 3.069990e-02 3.881482e-02 3.957201e-02 
2.202202e-04 5.400310e-01 4.754676e-01 9.698002e-04 2.604533e-03 9.600052e-03 6.987318e-03 4.849001e-04 1.917976e-03 3.149490e-02 3.479676e-02 4.398144e-02 4.484530e-02 
2.511886e-04 5.401396e-01 4.752096e-01 1.238318e-03 3.331338e-03 1.229991e-02 8.962967e-03 6.191592e-04 2.459040e-03 3.566013e-02 3.939705e-02 4.978506e-02 5.075871e-02 
2.865120e-04 5.401787e-01 4.750460e-01 1.576174e-03 4.239098e-03 1.567091e-02 1.142660e-02 7.880871e-04 3.134436e-03 4.032628e-02 4.454281e-02 5.627914e-02 5.738105e-02 
3.268028e-04 5.403280e-01 4.747147e-01 1.998103e-03 5.375911e-03 1.990658e-02 1.452784e-02 9.990516e-04 3.983951e-03 4.553623e-02 5.028652e-02 6.352418e-02 6.476066e-02 
3.727594e-04 5.403193e-01 4.742065e-01 2.526058e-03 6.794772e-03 2.521809e-02 1.842757e-02 1.263029e-03 5.051511e-03 5.136388e-02 5.670922e-02 7.159019e-02 7.303593e-02 
4.251786e-04 5.405464e-01 4.739179e-01 3.172728e-03 8.519664e-03 3.171318e-02 2.321063e-02 1.586364e-03 6.360801e-03 5.778887e-02 6.378660e-02 8.051412e-02 8.210470e-02 
4.849693e-04 5.406295e-01 4.735237e-01 3.963906e-03 1.063452e-02 3.969678e-02 2.909642e-02 1.981953e-03 7.971374e-03 6.485039e-02 7.159515e-02 9.028602e-02 9.213483e-02 
5.531681e-04 5.409915e-01 4.733838e-01 4.920459e-03 1.315263e-02 4.916775e-02 3.607134e-02 2.460230e-03 9.884568e-03 7.249688e-02 8.001796e-02 1.008986e-01 1.029159e-01 
6.309573e-04 5.413588e-01 4.731059e-01 6.057995e-03 1.614526e-02 6.052408e-02 4.446437e-02 3.028997e-03 1.218461e-02 8.077560e-02 8.913653e-02 1.123405e-01 1.146073e-01 
7.196857e-04 5.421907e-01 4.732730e-01 7.386806e-03 1.958763e-02 7.360782e-02 5.414892e-02 3.693403e-03 1.484269e-02 8.954941e-02 9.882580e-02 1.244903e-01 1.269882e-01 
8.208914e-04 5.430278e-01 4.736091e-01 8.922656e-03 2.351822e-02 8.848222e-02 6.512639e-02 4.461328e-03 1.786305e-02 9.875439e-02 1.090007e-01 1.372080e-01 1.400555e-01 
9.363292e-04 5.443125e-01 4.743996e-01 1.067771e-02 2.789940e-02 1.050235e-01 7.731901e-02 5.338855e-03 2.123255e-02 1.083074e-01 1.195425e-01 1.504430e-01 1.535382e-01 
1.068000e-03 5.457361e-01 4.754579e-01 1.267770e-02 3.282401e-02 1.234481e-01 9.083608e-02 6.338852e-03 2.497974e-02 1.181851e-01 1.305132e-01 1.641871e-01 1.675689e-01 
1.218188e-03 5.474053e-01 4.768966e-01 1.492066e-02 3.824721e-02 1.435782e-01 1.055407e-01 7.460331e-03 2.907366e-02 1.282156e-01 1.416736e-01 1.781482e-01 1.818867e-01 
1.389495e-03 5.491972e-01 4.785792e-01 1.742814e-02 4.422419e-02 1.654277e-01 1.213786e-01 8.714071e-03 3.350600e-02 1.384491e-01 1.530643e-01 1.924857e-01 1.964894e-01 
1.584893e-03 5.509389e-01 4.803870e-01 2.021230e-02 5.077987e-02 1.891522e-01 1.384820e-01 1.010615e-02 3.831089e-02 1.488384e-01 1.647370e-01 2.071325e-01 2.114394e-01 
1.807769e-03 5.527857e-01 4.825070e-01 2.327409e-02 5.793313e-02 2.146100e-01 1.566467e-01 1.163705e-02 4.343865e-02 1.593458e-01 1.765311e-01 2.219544e-01 2.266575e-01 
2.061986e-03 5.543683e-01 4.845183e-01 2.668080e-02 6.582210e-02 2.423185e-01 1.762343e-01 1.334040e-02 4.899524e-02 1.701293e-01 1.886719e-01 2.372809e-01 2.422891e-01 
2.351953e-03 5.558346e-01 4.865264e-01 3.039166e-02 7.439321e-02 2.722186e-01 1.973372e-01 1.519583e-02 5.499364e-02 1.810977e-01 2.010624e-01 2.529062e-01 2.582507e-01 
2.682696e-03 5.572163e-01 4.885562e-01 3.451259e-02 8.386825e-02 3.048158e-01 2.201101e-01 1.725630e-02 6.149701e-02 1.924296e-01 2.138690e-01 2.691121e-01 2.748094e-01 
3.059950e-03 5.583263e-01 4.904180e-01 3.899370e-02 9.422077e-02 3.401586e-01 2.446604e-01 1.949685e-02 6.851362e-02 2.040458e-01 2.269906e-01 2.857217e-01 2.918442e-01 
3.490255e-03 5.592179e-01 4.923614e-01 4.393667e-02 1.055734e-01 3.781503e-01 2.707009e-01 2.196834e-02 7.600798e-02 2.159427e-01 2.405404e-01 3.029442e-01 3.094045e-01 
3.981072e-03 5.600685e-01 4.941446e-01 4.939010e-02 1.181513e-01 4.200778e-01 2.993556e-01 2.469505e-02 8.425941e-02 2.283556e-01 2.546871e-01 3.208146e-01 3.278517e-01 
4.540910e-03 5.607435e-01 4.959183e-01 5.536345e-02 1.318123e-01 4.647670e-01 3.295763e-01 2.768173e-02 9.301341e-02 2.410848e-01 2.691844e-01 3.393273e-01 3.467085e-01 
5.179475e-03 5.612752e-01 4.977105e-01 6.193888e-02 1.468774e-01 5.134162e-01 3.620519e-01 3.096944e-02 1.024629e-01 2.543489e-01 2.842765e-01 3.584842e-01 3.666373e-01 
5.907838e-03 5.618337e-01 4.995663e-01 6.916572e-02 1.633738e-01 5.662218e-01 3.970940e-01 3.458286e-02 1.127010e-01 2.680176e-01 2.999418e-01 3.784886e-01 3.871392e-01 
6.738627e-03 5.623265e-01 5.014638e-01 7.717358e-02 1.815249e-01 6.231558e-01 4.342862e-01 3.858679e-02 1.236432e-01 2.822768e-01 3.161990e-01 3.993017e-01 4.086623e-01 
7.686246e-03 5.628075e-01 5.034292e-01 8.590697e-02 2.012212e-01 6.842783e-01 4.738971e-01 4.295349e-02 1.353620e-01 2.968373e-01 3.329120e-01 4.207827e-01 4.306557e-01 
8.767124e-03 5.633829e-01 5.055896e-01 9.547772e-02 2.226072e-01 7.499296e-01 5.159537e-01 4.773886e-02 1.478915e-01 3.119400e-01 3.502841e-01 4.430109e-01 4.537454e-01 
1.000000e-02 5.638973e-01 5.077733e-01 1.061442e-01 2.464235e-01 8.217246e-01 5.613002e-01 5.307209e-02 1.614854e-01 3.276055e-01 3.685700e-01 4.662158e-01 4.780811e-01 
1.140625e-02 5.643060e-01 5.100887e-01 1.177650e-01 2.720721e-01 8.980027e-01 6.089060e-01 5.888251e-02 1.758758e-01 3.438228e-01 3.873195e-01 4.902090e-01 5.032408e-01 
1.301025e-02 5.649961e-01 5.126541e-01 1.305963e-01 3.001094e-01 9.802310e-01 6.594355e-01 6.529814e-02 1.912966e-01 3.603978e-01 4.068740e-01 5.149837e-01 5.294428e-01 
1.483982e-02 5.655252e-01 5.151648e-01 1.445879e-01 3.306116e-01 1.067882e+00 7.121247e-01 7.229393e-02 2.075532e-01 3.774860e-01 4.272139e-01 5.409109e-01 5.565365e-01 
1.692667e-02 5.662780e-01 5.180460e-01 1.601297e-01 3.638600e-01 1.162193e+00 7.679920e-01 8.006487e-02 2.249784e-01 3.951495e-01 4.482518e-01 5.674111e-01 5.851483e-01 
1.930698e-02 5.668553e-01 5.208423e-01 1.769395e-01 3.996176e-01 1.262426e+00 8.265915e-01 8.846974e-02 2.434247e-01 4.132509e-01 4.701168e-01 5.948086e-01 6.147610e-01 
2.202202e-02 5.676768e-01 5.240477e-01 1.955258e-01 4.381191e-01 1.368556e+00 8.875076e-01 9.776289e-02 2.629215e-01 4.316501e-01 4.927362e-01 6.226896e-01 6.456907e-01 
2.511886e-02 5.682924e-01 5.272660e-01 2.158019e-01 4.798210e-01 1.481502e+00 9.511545e-01 1.079010e-01 2.835593e-01 4.506729e-01 5.162330e-01 6.517294e-01 6.778934e-01 
2.865120e-02 5.692974e-01 5.309174e-01 2.381680e-01 5.245968e-01 1.600704e+00 1.016675e+00 1.190840e-01 3.052729e-01 4.699257e-01 5.404485e-01 6.814536e-01 7.110308e-01 
3.268028e-02 5.703445e-01 5.345229e-01 2.624575e-01 5.720104e-01 1.726328e+00 1.085392e+00 1.312288e-01 3.282986e-01 4.897470e-01 5.654245e-01 7.118718e-01 7.454043e-01 
3.727594e-02 5.717488e-01 5.387665e-01 2.893095e-01 6.226494e-01 1.858220e+00 1.155787e+00 1.446547e-01 3.525236e-01 5.099390e-01 5.910409e-01 7.429540e-01 7.808131e-01 
4.251786e-02 5.732898e-01 5.429528e-01 3.184972e-01 6.762027e-01 1.996868e+00 1.229070e+00 1.592486e-01 3.781612e-01 5.306702e-01 6.173590e-01 7.751194e-01 8.168899e-01 
4.849693e-02 5.752402e-01 5.473864e-01 3.506231e-01 7.331597e-01 2.142911e+00 1.305523e+00 1.753115e-01 4.054488e-01 5.519945e-01 6.443290e-01 8.078080e-01 8.542271e-01 
5.531681e-02 5.773649e-01 5.520541e-01 3.858868e-01 7.944790e-01 2.298854e+00 1.385439e+00 1.929434e-01 4.346197e-01 5.739528e-01 6.723618e-01 8.418718e-01 8.927369e-01 
6.309573e-02 5.796174e-01 5.566578e-01 4.242460e-01 8.590571e-01 2.462065e+00 1.468420e+00 2.121230e-01 4.654808e-01 5.963731e-01 7.011691e-01 8.771250e-01 9.317512e-01 
7.196857e-02 5.820593e-01 5.614083e-01 4.664677e-01 9.285687e-01 2.637042e+00 1.556425e+00 2.332338e-01 4.987526e-01 6.196712e-01 7.310949e-01 9.134567e-01 9.725066e-01 
8.208914e-02 5.845483e-01 5.664480e-01 5.129205e-01 1.003722e+00 2.823942e+00 1.648123e+00 2.564602e-01 5.343247e-01 6.436725e-01 7.622079e-01 9.513156e-01 1.014725e+00 
9.363292e-02 5.873001e-01 5.715277e-01 5.634999e-01 1.082609e+00 3.019517e+00 1.743669e+00 2.817499e-01 5.721720e-01 6.682216e-01 7.940311e-01 9.903503e-01 1.057399e+00 
1.068000e-01 5.901150e-01 5.766039e-01 6.188485e-01 1.168268e+00 3.231850e+00 1.846419e+00 3.094242e-01 6.133501e-01 6.938572e-01 8.273255e-01 1.031397e+00 1.101660e+00 
1.218188e-01 5.927493e-01 5.815731e-01 6.794622e-01 1.261433e+00 3.464387e+00 1.960128e+00 3.397311e-01 6.588879e-01 7.209023e-01 8.621404e-01 1.075105e+00 1.147284e+00 
1.389495e-01 5.953382e-01 5.863805e-01 7.462224e-01 1.364348e+00 3.718550e+00 2.081777e+00 3.731112e-01 7.083335e-01 7.498138e-01 8.980808e-01 1.121116e+00 1.195153e+00 
1.584893e-01 5.979215e-01 5.910993e-01 8.192470e-01 1.477558e+00 3.995547e+00 2.211927e+00 4.096235e-01 7.619151e-01 7.805384e-01 9.350542e-01 1.169324e+00 1.245004e+00 
1.807769e-01 6.014519e-01 5.959378e-01 8.994330e-01 1.600098e+00 4.293970e+00 2.350239e+00 4.497165e-01 8.197978e-01 8.125724e-01 9.731498e-01 1.219646e+00 1.295814e+00 
2.061986e-01 6.051871e-01 6.009811e-01 9.878066e-01 1.734865e+00 4.616951e+00 2.494109e+00 4.939033e-01 8.819236e-01 8.453057e-01 1.012939e+00 1.273089e+00 1.347459e+00 
2.351953e-01 6.084858e-01 6.056811e-01 1.081564e+00 1.878969e+00 4.959568e+00 2.645274e+00 5.407819e-01 9.473554e-01 8.776442e-01 1.054202e+00 1.329850e+00 1.397912e+00 
2.682696e-01 6.114516e-01 6.104040e-01 1.180137e+00 2.030466e+00 5.319291e+00 2.801481e+00 5.900684e-01 1.015737e+00 9.106772e-01 1.095278e+00 1.389372e+00 1.446606e+00 
3.059950e-01 6.138745e-01 6.146901e-01 1.281802e+00 2.187388e+00 5.689078e+00 2.959719e+00 6.409008e-01 1.085929e+00 9.441291e-01 1.135485e+00 1.451150e+00 1.492623e+00 
3.490255e-01 6.152357e-01 6.181249e-01 1.380216e+00 2.343700e+00 6.059673e+00 3.119358e+00 6.901082e-01 1.155662e+00 9.761435e-01 1.174403e+00 1.514294e+00 1.533394e+00 
3.981072e-01 6.155066e-01 6.199965e-01 1.470081e+00 2.489180e+00 6.413638e+00 3.279075e+00 7.350406e-01 1.222528e+00 1.006525e+00 1.209544e+00 1.574898e+00 1.568036e+00 
4.540910e-01 6.155014e-01 6.202647e-01 1.538442e+00 2.601015e+00 6.698775e+00 3.419140e+00 7.692211e-01 1.277439e+00 1.033321e+00 1.235002e+00 1.625038e+00 1.592020e+00 
5.179475e-01 6.156245e-01 6.193816e-01 1.577374e+00 2.663589e+00 6.869469e+00 3.515306e+00 7.886871e-01 1.311745e+00 1.053983e+00 1.246053e+00 1.657766e+00 1.602753e+00 
5.907838e-01 6.158121e-01 6.188511e-01 1.582201e+00 2.666405e+00 6.885538e+00 3.532315e+00 7.911005e-01 1.317049e+00 1.064598e+00 1.240588e+00 1.667029e+00 1.599472e+00 
6.738627e-01 6.177316e-01 6.196281e-01 1.548524e+00 2.594023e+00 6.701234e+00 3.441037e+00 7.742620e-01 1.285447e+00 1.058029e+00 1.217021e+00 1.646206e+00 1.575645e+00 
7.686246e-01 6.192338e-01 6.196602e-01 1.468060e+00 2.446659e+00 6.331621e+00 3.264577e+00 7.340299e-01 1.218620e+00 1.028204e+00 1.178581e+00 1.589291e+00 1.533118e+00 
8.767124e-01 6.156891e-01 6.145524e-01 1.338337e+00 2.249854e+00 5.851607e+00 3.042022e+00 6.691686e-01 1.125025e+00 9.714840e-01 1.132496e+00 1.499544e+00 1.474905e+00 
