1.000000e-04 5.359033e-01 4.740928e-01 2.234095e-04 6.168534e-04 2.238970e-03 1.615078e-03 1.117047e-04 4.429911e-04 1.500560e-02 1.671531e-02 2.103489e-02 2.157028e-02 
1.140625e-04 5.360275e-01 4.740554e-01 2.880189e-04 7.956041e-04 2.891196e-03 2.087022e-03 1.440095e-04 5.722845e-04 1.705732e-02 1.899952e-02 2.390187e-02 2.452024e-02 
1.301025e-04 5.359695e-01 4.740093e-01 3.716155e-04 1.026834e-03 3.731922e-03 2.694006e-03 1.858078e-04 7.387021e-04 1.938901e-02 2.159431e-02 2.716334e-02 2.787171e-02 
1.483982e-04 5.359965e-01 4.738425e-01 4.785969e-04 1.323103e-03 4.813935e-03 3.477612e-03 2.392985e-04 9.533175e-04 2.202612e-02 2.452366e-02 3.084390e-02 3.165449e-02 
1.692667e-04 5.360731e-01 4.736905e-01 6.150422e-04 1.699667e-03 6.189529e-03 4.473271e-03 3.075211e-04 1.226109e-03 2.500200e-02 2.783294e-02 3.500753e-02 3.591770e-02 
1.930698e-04 5.360582e-01 4.734443e-01 7.889834e-04 2.182341e-03 7.950817e-03 5.748291e-03 3.944917e-04 1.575278e-03 2.835882e-02 3.157323e-02 3.969130e-02 4.074806e-02 
2.202202e-04 5.360868e-01 4.731766e-01 1.009156e-03 2.792320e-03 1.018913e-02 7.371720e-03 5.045782e-04 2.019705e-03 3.212977e-02 3.577299e-02 4.496957e-02 4.614421e-02 
2.511886e-04 5.360704e-01 4.729208e-01 1.288294e-03 3.565701e-03 1.302110e-02 9.425645e-03 6.441471e-04 2.581842e-03 3.636417e-02 4.048190e-02 5.087468e-02 5.221946e-02 
2.865120e-04 5.361515e-01 4.726459e-01 1.638606e-03 4.541391e-03 1.661411e-02 1.203868e-02 8.193028e-04 3.296186e-03 4.112815e-02 4.578525e-02 5.751598e-02 5.904615e-02 
3.268028e-04 5.361486e-01 4.723137e-01 2.075843e-03 5.751550e-03 2.109193e-02 1.530277e-02 1.037921e-03 4.188315e-03 4.643562e-02 5.166958e-02 6.490358e-02 6.662300e-02 
3.727594e-04 5.362313e-01 4.719050e-01 2.620009e-03 7.262709e-03 2.669008e-02 1.938879e-02 1.310005e-03 5.304470e-03 5.234248e-02 5.825273e-02 7.314250e-02 7.506957e-02 
4.251786e-04 5.364513e-01 4.714729e-01 3.289724e-03 9.107080e-03 3.354575e-02 2.440769e-02 1.644862e-03 6.675467e-03 5.887974e-02 6.549587e-02 8.218985e-02 8.441338e-02 
4.849693e-04 5.365955e-01 4.712353e-01 4.106315e-03 1.135389e-02 4.194670e-02 3.056136e-02 2.053157e-03 8.356984e-03 6.605248e-02 7.346777e-02 9.214063e-02 9.466445e-02 
5.531681e-04 5.367966e-01 4.709003e-01 5.093244e-03 1.405353e-02 5.202900e-02 3.794622e-02 2.546622e-03 1.037609e-02 7.384671e-02 8.217103e-02 1.029611e-01 1.058420e-01 
6.309573e-04 5.372279e-01 4.706943e-01 6.263835e-03 1.724157e-02 6.390867e-02 4.664685e-02 3.131917e-03 1.275733e-02 8.223579e-02 9.148263e-02 1.145944e-01 1.177880e-01 
7.196857e-04 5.379287e-01 4.708851e-01 7.634637e-03 2.090494e-02 7.762644e-02 5.670273e-02 3.817318e-03 1.551524e-02 9.114218e-02 1.014045e-01 1.269539e-01 1.305162e-01 
8.208914e-04 5.387918e-01 4.712378e-01 9.215449e-03 2.507676e-02 9.321119e-02 6.813233e-02 4.607724e-03 1.865474e-02 1.004755e-01 1.118326e-01 1.399347e-01 1.438677e-01 
9.363292e-04 5.400400e-01 4.721385e-01 1.102747e-02 2.976424e-02 1.106679e-01 8.089868e-02 5.513735e-03 2.217450e-02 1.101972e-01 1.226872e-01 1.534236e-01 1.578180e-01 
1.068000e-03 5.415420e-01 4.733099e-01 1.307622e-02 3.499409e-02 1.298585e-01 9.483538e-02 6.538112e-03 2.603434e-02 1.201761e-01 1.338215e-01 1.672737e-01 1.721766e-01 
1.218188e-03 5.433551e-01 4.748958e-01 1.540627e-02 4.081216e-02 1.511300e-01 1.102447e-01 7.703134e-03 3.031876e-02 1.303730e-01 1.453578e-01 1.816198e-01 1.869052e-01 
1.389495e-03 5.450744e-01 4.767422e-01 1.799508e-02 4.719579e-02 1.739194e-01 1.265122e-01 8.997541e-03 3.487213e-02 1.406855e-01 1.570398e-01 1.961776e-01 2.019312e-01 
1.584893e-03 5.469289e-01 4.786103e-01 2.085523e-02 5.414853e-02 1.986596e-01 1.441665e-01 1.042762e-02 3.982710e-02 1.511800e-01 1.689380e-01 2.109795e-01 2.172279e-01 
1.807769e-03 5.487688e-01 4.808852e-01 2.403137e-02 6.182604e-02 2.254252e-01 1.630002e-01 1.201569e-02 4.514473e-02 1.618076e-01 1.810915e-01 2.261400e-01 2.328865e-01 
2.061986e-03 5.504354e-01 4.829709e-01 2.753181e-02 7.025519e-02 2.545214e-01 1.833816e-01 1.376590e-02 5.091064e-02 1.727184e-01 1.935331e-01 2.417451e-01 2.488990e-01 
2.351953e-03 5.518633e-01 4.850755e-01 3.136356e-02 7.946187e-02 2.859325e-01 2.051770e-01 1.568178e-02 5.710288e-02 1.838113e-01 2.062968e-01 2.577378e-01 2.653341e-01 
2.682696e-03 5.533475e-01 4.872215e-01 3.561087e-02 8.962423e-02 3.201002e-01 2.286865e-01 1.780544e-02 6.380941e-02 1.951529e-01 2.194498e-01 2.741875e-01 2.822742e-01 
3.059950e-03 5.544056e-01 4.891967e-01 4.023170e-02 1.007510e-01 3.570158e-01 2.538273e-01 2.011585e-02 7.100139e-02 2.068350e-01 2.329508e-01 2.912794e-01 2.996251e-01 
3.490255e-03 5.553783e-01 4.912145e-01 4.535360e-02 1.130217e-01 3.972755e-01 2.810482e-01 2.267680e-02 7.881631e-02 2.188713e-01 2.469089e-01 3.089082e-01 3.176502e-01 
3.981072e-03 5.561918e-01 4.931492e-01 5.095439e-02 1.264971e-01 4.410094e-01 3.103224e-01 2.547719e-02 8.724563e-02 2.312953e-01 2.614586e-01 3.272692e-01 3.363771e-01 
4.540910e-03 5.568102e-01 4.950525e-01 5.709426e-02 1.411043e-01 4.877157e-01 3.412691e-01 2.854713e-02 9.621296e-02 2.440810e-01 2.763126e-01 3.461415e-01 3.556851e-01 
5.179475e-03 5.575582e-01 4.970677e-01 6.385557e-02 1.570614e-01 5.383423e-01 3.746488e-01 3.192778e-02 1.059217e-01 2.572557e-01 2.917858e-01 3.659575e-01 3.754714e-01 
5.907838e-03 5.580549e-01 4.989727e-01 7.127957e-02 1.747054e-01 5.935879e-01 4.106060e-01 3.563978e-02 1.164170e-01 2.709166e-01 3.079839e-01 3.864597e-01 3.964018e-01 
6.738627e-03 5.585756e-01 5.010685e-01 7.945797e-02 1.938379e-01 6.525929e-01 4.485164e-01 3.972899e-02 1.275746e-01 2.849898e-01 3.246166e-01 4.077884e-01 4.178455e-01 
7.686246e-03 5.592698e-01 5.031573e-01 8.842084e-02 2.143663e-01 7.157560e-01 4.891160e-01 4.421042e-02 1.395792e-01 2.995565e-01 3.418344e-01 4.298606e-01 4.400412e-01 
8.767124e-03 5.596941e-01 5.053343e-01 9.829587e-02 2.370973e-01 7.841447e-01 5.322118e-01 4.914794e-02 1.524176e-01 3.145365e-01 3.598347e-01 4.530075e-01 4.631282e-01 
1.000000e-02 5.605728e-01 5.078569e-01 1.091877e-01 2.614959e-01 8.567481e-01 5.773540e-01 5.459384e-02 1.660212e-01 3.300085e-01 3.783183e-01 4.769240e-01 4.868895e-01 
1.140625e-02 5.613053e-01 5.102650e-01 1.211131e-01 2.878112e-01 9.348747e-01 6.259182e-01 6.055656e-02 1.807200e-01 3.459940e-01 3.974844e-01 5.017508e-01 5.114276e-01 
1.301025e-02 5.620710e-01 5.129157e-01 1.341971e-01 3.162405e-01 1.017894e+00 6.767256e-01 6.709853e-02 1.962693e-01 3.624315e-01 4.172888e-01 5.274871e-01 5.368509e-01 
1.483982e-02 5.629661e-01 5.157384e-01 1.485653e-01 3.468722e-01 1.105876e+00 7.296567e-01 7.428263e-02 2.126741e-01 3.792651e-01 4.377685e-01 5.540541e-01 5.631032e-01 
1.692667e-02 5.639765e-01 5.188220e-01 1.643085e-01 3.796089e-01 1.198757e+00 7.849108e-01 8.215425e-02 2.300245e-01 3.965336e-01 4.587511e-01 5.815934e-01 5.898848e-01 
1.930698e-02 5.651616e-01 5.219881e-01 1.816165e-01 4.144909e-01 1.296720e+00 8.425169e-01 9.080827e-02 2.483717e-01 4.144379e-01 4.803020e-01 6.099917e-01 6.175882e-01 
2.202202e-02 5.665434e-01 5.253773e-01 2.005554e-01 4.522511e-01 1.401601e+00 9.033587e-01 1.002777e-01 2.679720e-01 4.328548e-01 5.026404e-01 6.392624e-01 6.464176e-01 
2.511886e-02 5.680628e-01 5.288684e-01 2.213741e-01 4.924253e-01 1.512541e+00 9.673318e-01 1.106871e-01 2.888514e-01 4.519239e-01 5.255603e-01 6.694595e-01 6.760907e-01 
2.865120e-02 5.696782e-01 5.325004e-01 2.441837e-01 5.350733e-01 1.628863e+00 1.033308e+00 1.220918e-01 3.108144e-01 4.717212e-01 5.489411e-01 7.006458e-01 7.066079e-01 
3.268028e-02 5.714115e-01 5.362197e-01 2.688216e-01 5.798797e-01 1.750590e+00 1.101909e+00 1.344108e-01 3.339576e-01 4.919064e-01 5.728068e-01 7.322171e-01 7.379775e-01 
3.727594e-02 5.735014e-01 5.401290e-01 2.960814e-01 6.278567e-01 1.879862e+00 1.174118e+00 1.480407e-01 3.587047e-01 5.130561e-01 5.973291e-01 7.646064e-01 7.708577e-01 
4.251786e-02 5.758486e-01 5.443036e-01 3.257044e-01 6.787235e-01 2.015919e+00 1.249317e+00 1.628522e-01 3.849336e-01 5.348712e-01 6.223197e-01 7.975959e-01 8.047094e-01 
4.849693e-02 5.785109e-01 5.486621e-01 3.582581e-01 7.326964e-01 2.158103e+00 1.326146e+00 1.791290e-01 4.124718e-01 5.576598e-01 6.474048e-01 8.310370e-01 8.397514e-01 
5.531681e-02 5.814785e-01 5.531649e-01 3.942167e-01 7.909092e-01 2.310372e+00 1.407819e+00 1.971083e-01 4.421897e-01 5.817061e-01 6.730411e-01 8.656099e-01 8.761409e-01 
6.309573e-02 5.842945e-01 5.575628e-01 4.331716e-01 8.531882e-01 2.471819e+00 1.492770e+00 2.165858e-01 4.736839e-01 6.069464e-01 6.988957e-01 9.006175e-01 9.142618e-01 
7.196857e-02 5.871390e-01 5.620328e-01 4.766402e-01 9.220108e-01 2.649755e+00 1.586094e+00 2.383201e-01 5.085929e-01 6.342792e-01 7.255496e-01 9.372503e-01 9.547912e-01 
8.208914e-02 5.902721e-01 5.665862e-01 5.246599e-01 9.965677e-01 2.840357e+00 1.684637e+00 2.623299e-01 5.461869e-01 6.635823e-01 7.524038e-01 9.753581e-01 9.968446e-01 
9.363292e-02 5.938390e-01 5.713271e-01 5.779237e-01 1.076976e+00 3.046080e+00 1.790939e+00 2.889619e-01 5.872889e-01 6.948353e-01 7.795724e-01 1.014237e+00 1.041000e+00 
1.068000e-01 5.977776e-01 5.759511e-01 6.367376e-01 1.164017e+00 3.267489e+00 1.904417e+00 3.183688e-01 6.318604e-01 7.284190e-01 8.068415e-01 1.054380e+00 1.087075e+00 
1.218188e-01 6.021183e-01 5.806127e-01 7.024638e-01 1.258427e+00 3.507563e+00 2.026970e+00 3.512319e-01 6.808444e-01 7.647340e-01 8.344390e-01 1.096322e+00 1.135253e+00 
1.389495e-01 6.064112e-01 5.853174e-01 7.753042e-01 1.362643e+00 3.771551e+00 2.160619e+00 3.876521e-01 7.348366e-01 8.038921e-01 8.629034e-01 1.141680e+00 1.185322e+00 
1.584893e-01 6.101995e-01 5.899878e-01 8.549539e-01 1.477841e+00 4.061002e+00 2.304157e+00 4.274770e-01 7.935489e-01 8.452787e-01 8.920105e-01 1.189892e+00 1.237142e+00 
1.807769e-01 6.141741e-01 5.940503e-01 9.399958e-01 1.599733e+00 4.371510e+00 2.460971e+00 4.699979e-01 8.571820e-01 8.888453e-01 9.216573e-01 1.239716e+00 1.290275e+00 
2.061986e-01 6.174996e-01 5.974528e-01 1.027982e+00 1.727313e+00 4.697298e+00 2.625517e+00 5.139910e-01 9.237795e-01 9.345974e-01 9.500801e-01 1.292039e+00 1.342206e+00 
2.351953e-01 6.202127e-01 6.008649e-01 1.118102e+00 1.861564e+00 5.033343e+00 2.790002e+00 5.590510e-01 9.910698e-01 9.820779e-01 9.764303e-01 1.346261e+00 1.392922e+00 
2.682696e-01 6.227935e-01 6.048505e-01 1.210407e+00 1.999915e+00 5.371438e+00 2.947036e+00 6.052034e-01 1.057680e+00 1.031257e+00 9.990169e-01 1.401588e+00 1.440981e+00 
3.059950e-01 6.246982e-01 6.088039e-01 1.299810e+00 2.134652e+00 5.688521e+00 3.081432e+00 6.499052e-01 1.118594e+00 1.079811e+00 1.016126e+00 1.455167e+00 1.483643e+00 
3.490255e-01 6.263187e-01 6.121130e-01 1.382898e+00 2.256482e+00 5.972019e+00 3.200053e+00 6.914492e-01 1.173760e+00 1.126896e+00 1.027362e+00 1.504707e+00 1.519299e+00 
3.981072e-01 6.276443e-01 6.152077e-01 1.455399e+00 2.362415e+00 6.219504e+00 3.305172e+00 7.276993e-01 1.222112e+00 1.170245e+00 1.033988e+00 1.551233e+00 1.545994e+00 
4.540910e-01 6.284483e-01 6.172881e-01 1.510615e+00 2.444267e+00 6.409272e+00 3.386231e+00 7.553075e-01 1.259200e+00 1.206003e+00 1.036581e+00 1.590418e+00 1.563116e+00 
5.179475e-01 6.284009e-01 6.196298e-01 1.543945e+00 2.500673e+00 6.525657e+00 3.421262e+00 7.719725e-01 1.278607e+00 1.230513e+00 1.033897e+00 1.620592e+00 1.567973e+00 
5.907838e-01 6.280060e-01 6.198707e-01 1.542734e+00 2.507902e+00 6.536403e+00 3.420113e+00 7.713671e-01 1.277528e+00 1.237337e+00 1.026626e+00 1.633257e+00 1.556342e+00 
6.738627e-01 6.264530e-01 6.173746e-01 1.497999e+00 2.446814e+00 6.400089e+00 3.373002e+00 7.489997e-01 1.250508e+00 1.221860e+00 1.013501e+00 1.618337e+00 1.529291e+00 
7.686246e-01 6.263891e-01 6.155826e-01 1.421439e+00 2.322056e+00 6.106763e+00 3.245889e+00 7.107193e-01 1.196388e+00 1.180022e+00 9.962692e-01 1.568059e+00 1.492489e+00 
8.767124e-01 6.243156e-01 6.111260e-01 1.317227e+00 2.155424e+00 5.699567e+00 3.053879e+00 6.586134e-01 1.119046e+00 1.109769e+00 9.793547e-01 1.486193e+00 1.447632e+00 
