1.000000e-04 5.368495e-01 4.743855e-01 2.176186e-04 5.945470e-04 2.184146e-03 1.587204e-03 1.088093e-04 4.349492e-04 1.498190e-02 1.649931e-02 2.099794e-02 2.123878e-02 
1.140625e-04 5.369086e-01 4.742599e-01 2.811036e-04 7.679977e-04 2.826275e-03 2.056060e-03 1.405518e-04 5.632443e-04 1.704174e-02 1.876662e-02 2.387823e-02 2.415333e-02 
1.301025e-04 5.368561e-01 4.740286e-01 3.620176e-04 9.893090e-04 3.640966e-03 2.648933e-03 1.810088e-04 7.256292e-04 1.936622e-02 2.131499e-02 2.712837e-02 2.743523e-02 
1.483982e-04 5.367932e-01 4.738554e-01 4.663892e-04 1.275505e-03 4.699755e-03 3.421465e-03 2.331946e-04 9.369694e-04 2.200253e-02 2.422630e-02 3.081827e-02 3.117467e-02 
1.692667e-04 5.368936e-01 4.737181e-01 5.996025e-04 1.638915e-03 6.045525e-03 4.403356e-03 2.998012e-04 1.205691e-03 2.498057e-02 2.749126e-02 3.497416e-02 3.537962e-02 
1.930698e-04 5.369993e-01 4.736032e-01 7.699376e-04 2.105644e-03 7.770622e-03 5.661365e-03 3.849688e-04 1.550031e-03 2.832344e-02 3.117834e-02 3.965342e-02 4.011302e-02 
2.202202e-04 5.369056e-01 4.733889e-01 9.857626e-04 2.698534e-03 9.969499e-03 7.268156e-03 4.928813e-04 1.989376e-03 3.211525e-02 3.534351e-02 4.494602e-02 4.546944e-02 
2.511886e-04 5.368752e-01 4.731529e-01 1.259852e-03 3.448253e-03 1.275799e-02 9.306958e-03 6.299258e-04 2.546906e-03 3.636436e-02 4.002274e-02 5.088911e-02 5.147268e-02 
2.865120e-04 5.370691e-01 4.727675e-01 1.603379e-03 4.385449e-03 1.625293e-02 1.186938e-02 8.016896e-04 3.247291e-03 4.112547e-02 4.524991e-02 5.751016e-02 5.819133e-02 
3.268028e-04 5.370927e-01 4.724834e-01 2.035981e-03 5.572943e-03 2.068321e-02 1.511721e-02 1.017991e-03 4.134514e-03 4.646299e-02 5.111337e-02 6.493833e-02 6.573094e-02 
3.727594e-04 5.370381e-01 4.720763e-01 2.571541e-03 7.040248e-03 2.620029e-02 1.917705e-02 1.285771e-03 5.242581e-03 5.241060e-02 5.762996e-02 7.319848e-02 7.410005e-02 
4.251786e-04 5.372434e-01 4.717448e-01 3.230570e-03 8.836525e-03 3.295305e-02 2.414449e-02 1.615285e-03 6.598989e-03 5.895337e-02 6.481634e-02 8.230418e-02 8.331169e-02 
4.849693e-04 5.372158e-01 4.711616e-01 4.038842e-03 1.102749e-02 4.123561e-02 3.026349e-02 2.019421e-03 8.269872e-03 6.620246e-02 7.276597e-02 9.236322e-02 9.349441e-02 
5.531681e-04 5.376860e-01 4.709441e-01 5.018801e-03 1.366724e-02 5.125218e-02 3.766765e-02 2.509400e-03 1.029192e-02 7.408159e-02 8.140688e-02 1.032626e-01 1.045771e-01 
6.309573e-04 5.379653e-01 4.708684e-01 6.183283e-03 1.678583e-02 6.303574e-02 4.636117e-02 3.091641e-03 1.267085e-02 8.251912e-02 9.065629e-02 1.149880e-01 1.164139e-01 
7.196857e-04 5.386013e-01 4.708999e-01 7.543185e-03 2.036271e-02 7.667581e-02 5.648326e-02 3.771593e-03 1.544216e-02 9.151883e-02 1.005468e-01 1.274400e-01 1.290606e-01 
8.208914e-04 5.394750e-01 4.712153e-01 9.123233e-03 2.448193e-02 9.230977e-02 6.804330e-02 4.561616e-03 1.861365e-02 1.010048e-01 1.109812e-01 1.405845e-01 1.424110e-01 
9.363292e-04 5.406003e-01 4.719291e-01 1.093187e-02 2.908909e-02 1.097297e-01 8.090610e-02 5.465933e-03 2.215622e-02 1.108533e-01 1.217743e-01 1.542397e-01 1.562403e-01 
1.068000e-03 5.422227e-01 4.730206e-01 1.300810e-02 3.425673e-02 1.292167e-01 9.527253e-02 6.504052e-03 2.612656e-02 1.210395e-01 1.330246e-01 1.683758e-01 1.706384e-01 
1.218188e-03 5.438719e-01 4.744757e-01 1.532678e-02 3.993812e-02 1.503218e-01 1.107175e-01 7.663388e-03 3.041739e-02 1.314154e-01 1.444827e-01 1.828366e-01 1.853377e-01 
1.389495e-03 5.456388e-01 4.761553e-01 1.793636e-02 4.621580e-02 1.735241e-01 1.276455e-01 8.968179e-03 3.513503e-02 1.420180e-01 1.562374e-01 1.977081e-01 2.003742e-01 
1.584893e-03 5.474167e-01 4.779218e-01 2.079722e-02 5.303579e-02 1.983692e-01 1.456519e-01 1.039861e-02 4.017558e-02 1.527243e-01 1.681550e-01 2.128220e-01 2.155832e-01 
1.807769e-03 5.492783e-01 4.801288e-01 2.399366e-02 6.056455e-02 2.252943e-01 1.649266e-01 1.199683e-02 4.560780e-02 1.636263e-01 1.803120e-01 2.282699e-01 2.312096e-01 
2.061986e-03 5.510635e-01 4.823186e-01 2.752135e-02 6.877550e-02 2.546670e-01 1.859961e-01 1.376067e-02 5.154910e-02 1.747740e-01 1.927516e-01 2.440246e-01 2.472409e-01 
2.351953e-03 5.525620e-01 4.842622e-01 3.138744e-02 7.782794e-02 2.866248e-01 2.087283e-01 1.569372e-02 5.797548e-02 1.862273e-01 2.055884e-01 2.603768e-01 2.636971e-01 
2.682696e-03 5.540987e-01 4.863989e-01 3.566805e-02 8.774428e-02 3.213160e-01 2.332839e-01 1.783402e-02 6.494447e-02 1.979753e-01 2.187843e-01 2.771841e-01 2.806670e-01 
3.059950e-03 5.552347e-01 4.881546e-01 4.033292e-02 9.852173e-02 3.584753e-01 2.593653e-01 2.016646e-02 7.237638e-02 2.100480e-01 2.323181e-01 2.944648e-01 2.981414e-01 
3.490255e-03 5.562243e-01 4.900835e-01 4.544754e-02 1.102334e-01 3.987046e-01 2.875246e-01 2.272377e-02 8.041602e-02 2.224030e-01 2.461735e-01 3.122160e-01 3.160566e-01 
3.981072e-03 5.570831e-01 4.919429e-01 5.111684e-02 1.232383e-01 4.427912e-01 3.180988e-01 2.555842e-02 8.917956e-02 2.352845e-01 2.606966e-01 3.308422e-01 3.348479e-01 
4.540910e-03 5.577449e-01 4.936377e-01 5.729648e-02 1.374452e-01 4.906011e-01 3.511406e-01 2.864824e-02 9.866060e-02 2.485055e-01 2.757098e-01 3.501135e-01 3.541986e-01 
5.179475e-03 5.584252e-01 4.954603e-01 6.412290e-02 1.530040e-01 5.421179e-01 3.862810e-01 3.206145e-02 1.088109e-01 2.622148e-01 2.912433e-01 3.700500e-01 3.743758e-01 
5.907838e-03 5.590769e-01 4.972607e-01 7.160166e-02 1.698853e-01 5.978919e-01 4.242811e-01 3.580083e-02 1.198136e-01 2.764195e-01 3.072684e-01 3.906759e-01 3.952728e-01 
6.738627e-03 5.596014e-01 4.991284e-01 7.983229e-02 1.884272e-01 6.579767e-01 4.646743e-01 3.991615e-02 1.315772e-01 2.911071e-01 3.240058e-01 4.121857e-01 4.170832e-01 
7.686246e-03 5.600459e-01 5.010110e-01 8.892013e-02 2.087680e-01 7.230750e-01 5.079788e-01 4.446007e-02 1.442625e-01 3.063630e-01 3.413269e-01 4.345999e-01 4.397325e-01 
8.767124e-03 5.605556e-01 5.027911e-01 9.884787e-02 2.306646e-01 7.926214e-01 5.539706e-01 4.942393e-02 1.578109e-01 3.219799e-01 3.593096e-01 4.575672e-01 4.632584e-01 
1.000000e-02 5.611389e-01 5.049751e-01 1.097623e-01 2.548083e-01 8.676739e-01 6.026679e-01 5.488117e-02 1.722688e-01 3.381789e-01 3.778702e-01 4.816697e-01 4.876185e-01 
1.140625e-02 5.617868e-01 5.072299e-01 1.217142e-01 2.803802e-01 9.462009e-01 6.531635e-01 6.085709e-02 1.874280e-01 3.546449e-01 3.969481e-01 5.060764e-01 5.128327e-01 
1.301025e-02 5.623537e-01 5.094408e-01 1.348375e-01 3.085519e-01 1.031476e+00 7.073296e-01 6.741877e-02 2.037762e-01 3.718156e-01 4.168793e-01 5.315634e-01 5.392688e-01 
1.483982e-02 5.630003e-01 5.119551e-01 1.493332e-01 3.389567e-01 1.122095e+00 7.641171e-01 7.466660e-02 2.211172e-01 3.894228e-01 4.374704e-01 5.579746e-01 5.665676e-01 
1.692667e-02 5.637014e-01 5.147130e-01 1.650408e-01 3.717045e-01 1.217061e+00 8.220122e-01 8.252039e-02 2.390649e-01 4.072417e-01 4.584984e-01 5.848896e-01 5.946504e-01 
1.930698e-02 5.645112e-01 5.175187e-01 1.824644e-01 4.069871e-01 1.318449e+00 8.833773e-01 9.123218e-02 2.583102e-01 4.258284e-01 4.803350e-01 6.126139e-01 6.241902e-01 
2.202202e-02 5.655341e-01 5.206645e-01 2.014816e-01 4.451452e-01 1.425685e+00 9.466231e-01 1.007408e-01 2.784555e-01 4.446686e-01 5.028006e-01 6.412475e-01 6.543829e-01 
2.511886e-02 5.664737e-01 5.239729e-01 2.223443e-01 4.865868e-01 1.539405e+00 1.011888e+00 1.111721e-01 2.996079e-01 4.640975e-01 5.259475e-01 6.706546e-01 6.860558e-01 
2.865120e-02 5.676494e-01 5.275414e-01 2.449615e-01 5.308261e-01 1.658788e+00 1.079208e+00 1.224807e-01 3.217627e-01 4.839071e-01 5.495404e-01 7.007177e-01 7.184122e-01 
3.268028e-02 5.689541e-01 5.313674e-01 2.698390e-01 5.785275e-01 1.785392e+00 1.148762e+00 1.349195e-01 3.451533e-01 5.041884e-01 5.740024e-01 7.318356e-01 7.519129e-01 
3.727594e-02 5.703474e-01 5.352562e-01 2.971821e-01 6.301388e-01 1.920460e+00 1.221521e+00 1.485911e-01 3.700183e-01 5.249755e-01 5.991796e-01 7.636053e-01 7.867636e-01 
4.251786e-02 5.719731e-01 5.394095e-01 3.271431e-01 6.852019e-01 2.063897e+00 1.298242e+00 1.635716e-01 3.966363e-01 5.463662e-01 6.252936e-01 7.963388e-01 8.228775e-01 
4.849693e-02 5.734533e-01 5.435446e-01 3.598663e-01 7.451835e-01 2.218696e+00 1.379551e+00 1.799331e-01 4.252132e-01 5.684262e-01 6.524800e-01 8.301761e-01 8.606061e-01 
5.531681e-02 5.750705e-01 5.476604e-01 3.957743e-01 8.101390e-01 2.384826e+00 1.465295e+00 1.978872e-01 4.558168e-01 5.912833e-01 6.808596e-01 8.654862e-01 8.998457e-01 
6.309573e-02 5.766970e-01 5.519071e-01 4.347925e-01 8.790284e-01 2.560492e+00 1.555272e+00 2.173963e-01 4.884536e-01 6.146879e-01 7.099033e-01 9.014399e-01 9.402483e-01 
7.196857e-02 5.788991e-01 5.562793e-01 4.776986e-01 9.519819e-01 2.748057e+00 1.652422e+00 2.388493e-01 5.240340e-01 6.392193e-01 7.397740e-01 9.382309e-01 9.820452e-01 
8.208914e-02 5.811067e-01 5.605881e-01 5.246666e-01 1.029745e+00 2.947203e+00 1.754383e+00 2.623333e-01 5.620569e-01 6.645892e-01 7.705843e-01 9.760781e-01 1.025299e+00 
9.363292e-02 5.836308e-01 5.649413e-01 5.757364e-01 1.111891e+00 3.157348e+00 1.862343e+00 2.878682e-01 6.027501e-01 6.904887e-01 8.024584e-01 1.014956e+00 1.069506e+00 
1.068000e-01 5.861930e-01 5.689360e-01 6.316755e-01 1.200015e+00 3.383080e+00 1.978754e+00 3.158377e-01 6.469424e-01 7.174359e-01 8.359103e-01 1.055779e+00 1.115063e+00 
1.218188e-01 5.889618e-01 5.729962e-01 6.924412e-01 1.293826e+00 3.620527e+00 2.099080e+00 3.462206e-01 6.936571e-01 7.448518e-01 8.700404e-01 1.098033e+00 1.160906e+00 
1.389495e-01 5.919952e-01 5.778680e-01 7.583469e-01 1.395056e+00 3.869593e+00 2.218375e+00 3.791735e-01 7.421429e-01 7.724430e-01 9.046138e-01 1.141861e+00 1.206953e+00 
1.584893e-01 5.949933e-01 5.832046e-01 8.287625e-01 1.502651e+00 4.130224e+00 2.338802e+00 4.143813e-01 7.925507e-01 7.998029e-01 9.398081e-01 1.186545e+00 1.253413e+00 
1.807769e-01 5.976645e-01 5.884876e-01 9.035010e-01 1.617956e+00 4.406017e+00 2.463096e+00 4.517505e-01 8.454825e-01 8.275152e-01 9.753369e-01 1.232186e+00 1.300453e+00 
2.061986e-01 5.998895e-01 5.935858e-01 9.829855e-01 1.742242e+00 4.696191e+00 2.586305e+00 4.914928e-01 9.000815e-01 8.555581e-01 1.011469e+00 1.280338e+00 1.347266e+00 
2.351953e-01 6.018916e-01 5.983381e-01 1.066644e+00 1.875921e+00 5.003855e+00 2.712624e+00 5.333221e-01 9.569756e-01 8.828290e-01 1.049818e+00 1.332133e+00 1.393063e+00 
2.682696e-01 6.034512e-01 6.026980e-01 1.153532e+00 2.015489e+00 5.328176e+00 2.848268e+00 5.767661e-01 1.016923e+00 9.092333e-01 1.090086e+00 1.387307e+00 1.436922e+00 
3.059950e-01 6.046021e-01 6.064159e-01 1.237852e+00 2.150649e+00 5.643876e+00 2.979911e+00 6.189258e-01 1.075044e+00 9.326000e-01 1.129620e+00 1.442762e+00 1.474904e+00 
3.490255e-01 6.045686e-01 6.089470e-01 1.315770e+00 2.280585e+00 5.950930e+00 3.111442e+00 6.578849e-01 1.130894e+00 9.520331e-01 1.168883e+00 1.497144e+00 1.507836e+00 
3.981072e-01 6.036508e-01 6.100802e-01 1.380532e+00 2.398426e+00 6.231993e+00 3.234622e+00 6.902661e-01 1.180120e+00 9.657249e-01 1.206539e+00 1.546419e+00 1.535426e+00 
4.540910e-01 6.018746e-01 6.100270e-01 1.429469e+00 2.497252e+00 6.467652e+00 3.336750e+00 7.147345e-01 1.219272e+00 9.732362e-01 1.241158e+00 1.589947e+00 1.555588e+00 
5.179475e-01 5.992853e-01 6.100452e-01 1.460294e+00 2.572213e+00 6.641717e+00 3.406541e+00 7.301469e-01 1.245007e+00 9.743025e-01 1.269810e+00 1.626536e+00 1.566091e+00 
5.907838e-01 5.963831e-01 6.103149e-01 1.470752e+00 2.614680e+00 6.722401e+00 3.420508e+00 7.353760e-01 1.251873e+00 9.680642e-01 1.288043e+00 1.650764e+00 1.564788e+00 
6.738627e-01 5.947371e-01 6.107409e-01 1.445964e+00 2.584999e+00 6.629713e+00 3.356670e+00 7.229819e-01 1.229532e+00 9.525558e-01 1.285343e+00 1.643001e+00 1.550228e+00 
7.686246e-01 5.965072e-01 6.092222e-01 1.374174e+00 2.449865e+00 6.311536e+00 3.223362e+00 6.870869e-01 1.175539e+00 9.306938e-01 1.248653e+00 1.590733e+00 1.513790e+00 
8.767124e-01 5.979072e-01 6.037099e-01 1.255864e+00 2.226763e+00 5.804508e+00 3.026224e+00 6.279318e-01 1.091381e+00 9.063058e-01 1.172150e+00 1.494979e+00 1.454344e+00 
