     0 5.59771e-02 1.41413e-01
     1 1.81625e-01 2.05244e-01
     2 3.87522e-02 3.75639e-02
     3 1.79181e-02 2.00897e-02
     4 1.03746e-02 1.26992e-02
     5 7.24208e-03 8.96254e-03
     6 5.27703e-03 6.54541e-03
     7 4.10211e-03 5.12798e-03
     8 3.29835e-03 4.14483e-03
     9 2.66201e-03 3.39485e-03
    10 2.21869e-03 2.81655e-03
    11 1.86943e-03 2.37580e-03
    12 1.58959e-03 2.02356e-03
    13 1.37101e-03 1.74003e-03
    14 1.19436e-03 1.51021e-03
    15 1.04925e-03 1.33066e-03
    16 9.29090e-04 1.17418e-03
    17 8.21889e-04 1.04049e-03
    18 7.30372e-04 9.27335e-04
    19 6.53856e-04 8.28241e-04
    20 5.88309e-04 7.43716e-04
    21 5.30581e-04 6.69419e-04
    22 4.79563e-04 6.05209e-04
    23 4.36163e-04 5.48792e-04
    24 3.97965e-04 5.01044e-04
    25 3.63058e-04 4.58343e-04
    26 3.32061e-04 4.19768e-04
    27 3.04682e-04 3.85687e-04
    28 2.80477e-04 3.55130e-04
    29 2.58670e-04 3.27198e-04
    30 2.38941e-04 3.01830e-04
    31 2.20224e-04 2.78906e-04
    32 2.03723e-04 2.58109e-04
    33 1.88867e-04 2.39571e-04
    34 1.75496e-04 2.22596e-04
    35 1.63331e-04 2.07172e-04
    36 1.52275e-04 1.93106e-04
    37 1.41597e-04 1.80326e-04
    38 1.31889e-04 1.68701e-04
    39 1.23136e-04 1.58127e-04
    40 1.15193e-04 1.48194e-04
    41 1.08047e-04 1.38808e-04
    42 1.01281e-04 1.30243e-04
    43 9.51228e-05 1.22489e-04
    44 8.94283e-05 1.15384e-04
    45 8.40882e-05 1.08770e-04
    46 7.91566e-05 1.02562e-04
    47 7.45531e-05 9.68996e-05
    48 7.03893e-05 9.16987e-05
    49 6.64669e-05 8.67182e-05
    50 6.27761e-05 8.20305e-05
    51 5.93605e-05 7.75463e-05
    52 5.62139e-05 7.34127e-05
    53 5.31792e-05 6.95951e-05
    54 5.03533e-05 6.60961e-05
    55 4.77486e-05 6.27403e-05
    56 4.52531e-05 5.95934e-05
    57 4.29162e-05 5.66695e-05
    58 4.07480e-05 5.39156e-05
    59 3.87147e-05 5.13568e-05
    60 3.68319e-05 4.89169e-05
    61 3.50189e-05 4.65806e-05
    62 3.33162e-05 4.44303e-05
    63 3.17265e-05 4.23732e-05
    64 3.02240e-05 4.04081e-05
    65 2.88095e-05 3.85612e-05
    66 2.74845e-05 3.68121e-05
    67 2.62141e-05 3.51747e-05
    68 2.50382e-05 3.36350e-05
    69 2.39104e-05 3.21588e-05
    70 2.28356e-05 3.07729e-05
    71 2.18026e-05 2.94692e-05
    72 2.08362e-05 2.82344e-05
    73 1.99461e-05 2.70551e-05
    74 1.91054e-05 2.59180e-05
    75 1.82967e-05 2.48471e-05
    76 1.75090e-05 2.38283e-05
    77 1.67778e-05 2.28394e-05
    78 1.60733e-05 2.19257e-05
    79 1.54092e-05 2.10409e-05
    80 1.47736e-05 2.02048e-05
    81 1.41644e-05 1.94096e-05
    82 1.35870e-05 1.86410e-05
    83 1.30391e-05 1.79159e-05
    84 1.25131e-05 1.72253e-05
    85 1.20119e-05 1.65641e-05
    86 1.15538e-05 1.59353e-05
    87 1.11154e-05 1.53526e-05
    88 1.06864e-05 1.47899e-05
    89 1.02695e-05 1.42509e-05
    90 9.88040e-06 1.37274e-05
    91 9.51108e-06 1.32172e-05
    92 9.14824e-06 1.27385e-05
    93 8.80860e-06 1.22916e-05
    94 8.48022e-06 1.18635e-05
    95 8.16711e-06 1.14435e-05
    96 7.86924e-06 1.10323e-05
    97 7.58352e-06 1.06373e-05
    98 7.30823e-06 1.02666e-05
    99 7.04520e-06 9.90477e-06
   100 6.79278e-06 9.56256e-06
   101 6.55247e-06 9.24078e-06
   102 6.31962e-06 8.92808e-06
   103 6.09875e-06 8.63183e-06
   104 5.88368e-06 8.34815e-06
   105 5.67835e-06 8.06975e-06
   106 5.48091e-06 7.80268e-06
   107 5.29276e-06 7.54840e-06
   108 5.11177e-06 7.30149e-06
   109 4.93808e-06 7.06515e-06
   110 4.77337e-06 6.84047e-06
   111 4.61579e-06 6.62244e-06
   112 4.46286e-06 6.41100e-06
   113 4.31364e-06 6.20927e-06
   114 4.17493e-06 6.01331e-06
   115 4.04170e-06 5.82587e-06
   116 3.91087e-06 5.64792e-06
   117 3.78293e-06 5.47435e-06
   118 3.66277e-06 5.30430e-06
   119 3.54589e-06 5.14266e-06
   120 3.43281e-06 4.98735e-06
   121 3.32551e-06 4.83743e-06
   122 3.22341e-06 4.69333e-06
   123 3.12421e-06 4.55528e-06
   124 3.02727e-06 4.42221e-06
   125 2.93596e-06 4.29102e-06
   126 2.84722e-06 4.15989e-06
   127 2.75939e-06 4.03397e-06
   128 2.67476e-06 3.91665e-06
   129 2.59414e-06 3.80526e-06
   130 2.51704e-06 3.69694e-06
   131 2.44284e-06 3.59241e-06
   132 2.37044e-06 3.49071e-06
   133 2.30073e-06 3.39231e-06
   134 2.23246e-06 3.29787e-06
   135 2.16776e-06 3.20549e-06
   136 2.10475e-06 3.11738e-06
   137 2.04476e-06 3.03174e-06
   138 1.98701e-06 2.94748e-06
   139 1.92970e-06 2.86618e-06
   140 1.87455e-06 2.78667e-06
   141 1.82141e-06 2.71043e-06
   142 1.77030e-06 2.63742e-06
   143 1.72009e-06 2.56737e-06
   144 1.67252e-06 2.49751e-06
   145 1.62712e-06 2.43085e-06
   146 1.58318e-06 2.36605e-06
   147 1.53983e-06 2.30284e-06
   148 1.49681e-06 2.24078e-06
   149 1.45615e-06 2.18308e-06
   150 1.41729e-06 2.12671e-06
   151 1.38006e-06 2.07188e-06
   152 1.34313e-06 2.01820e-06
   153 1.30709e-06 1.96630e-06
   154 1.27209e-06 1.91705e-06
   155 1.23820e-06 1.86911e-06
   156 1.20542e-06 1.82192e-06
   157 1.17379e-06 1.77627e-06
   158 1.14328e-06 1.73172e-06
   159 1.11405e-06 1.68801e-06
   160 1.08593e-06 1.64480e-06
   161 1.05814e-06 1.60366e-06
   162 1.03098e-06 1.56381e-06
   163 1.00454e-06 1.52517e-06
   164 9.79137e-07 1.48737e-06
   165 9.54531e-07 1.45129e-06
   166 9.30502e-07 1.41614e-06
   167 9.07548e-07 1.38190e-06
   168 8.85204e-07 1.34857e-06
   169 8.63548e-07 1.31694e-06
   170 8.42469e-07 1.28520e-06
   171 8.22117e-07 1.25403e-06
   172 8.02138e-07 1.22417e-06
   173 7.82863e-07 1.19567e-06
   174 7.64155e-07 1.16776e-06
   175 7.46090e-07 1.14081e-06
   176 7.28533e-07 1.11412e-06
   177 7.11350e-07 1.08820e-06
   178 6.94162e-07 1.06313e-06
   179 6.77580e-07 1.03865e-06
   180 6.61442e-07 1.01497e-06
   181 6.45675e-07 9.91854e-07
   182 6.30744e-07 9.69150e-07
   183 6.16431e-07 9.47234e-07
   184 6.02169e-07 9.25289e-07
   185 5.88413e-07 9.04252e-07
   186 5.75119e-07 8.84029e-07
   187 5.62138e-07 8.64261e-07
   188 5.49507e-07 8.44919e-07
   189 5.37067e-07 8.26023e-07
   190 5.25117e-07 8.07293e-07
   191 5.13596e-07 7.89305e-07
   192 5.02357e-07 7.72067e-07
   193 4.91366e-07 7.55366e-07
   194 4.80741e-07 7.38902e-07
   195 4.70209e-07 7.22889e-07
   196 4.59873e-07 7.07468e-07
   197 4.49664e-07 6.92224e-07
   198 4.39979e-07 6.77157e-07
   199 4.30568e-07 6.62661e-07
   200 4.21366e-07 6.48608e-07
   201 4.12481e-07 6.34857e-07
   202 4.03761e-07 6.21524e-07
   203 3.95136e-07 6.08397e-07
   204 3.86858e-07 5.95543e-07
   205 3.78873e-07 5.82989e-07
   206 3.71095e-07 5.70535e-07
   207 3.63521e-07 5.58435e-07
   208 3.56080e-07 5.46983e-07
   209 3.48898e-07 5.35609e-07
   210 3.41809e-07 5.24414e-07
   211 3.34906e-07 5.13597e-07
   212 3.28188e-07 5.03037e-07
   213 3.21527e-07 4.92679e-07
   214 3.15067e-07 4.82739e-07
   215 3.08832e-07 4.73022e-07
   216 3.02699e-07 4.63457e-07
   217 2.96714e-07 4.53920e-07
   218 2.90860e-07 4.44657e-07
   219 2.85060e-07 4.35773e-07
   220 2.79493e-07 4.27060e-07
   221 2.74110e-07 4.18426e-07
   222 2.68876e-07 4.10117e-07
   223 2.63838e-07 4.02187e-07
   224 2.58838e-07 3.94242e-07
   225 2.53949e-07 3.86393e-07
   226 2.49131e-07 3.78870e-07
   227 2.44435e-07 3.71446e-07
   228 2.40010e-07 3.64240e-07
   229 2.35627e-07 3.57299e-07
   230 2.31315e-07 3.50423e-07
   231 2.27081e-07 3.43709e-07
   232 2.22959e-07 3.37103e-07
   233 2.18883e-07 3.30531e-07
   234 2.14948e-07 3.24225e-07
   235 2.11059e-07 3.18124e-07
   236 2.07245e-07 3.12231e-07
   237 2.03570e-07 3.06379e-07
   238 2.00070e-07 3.00607e-07
   239 1.96612e-07 2.94978e-07
   240 1.93199e-07 2.89445e-07
   241 1.89836e-07 2.84002e-07
   242 1.86594e-07 2.78785e-07
   243 1.83441e-07 2.73692e-07
   244 1.80335e-07 2.68677e-07
   245 1.77259e-07 2.63818e-07
   246 1.74266e-07 2.59056e-07
   247 1.71349e-07 2.54411e-07
   248 1.68531e-07 2.49843e-07
   249 1.65786e-07 2.45462e-07
   250 1.63055e-07 2.41138e-07
   251 1.60342e-07 2.36842e-07
   252 1.57726e-07 2.32670e-07
   253 1.55214e-07 2.28608e-07
   254 1.52785e-07 2.24650e-07
   255 1.50353e-07 2.20739e-07
   256 1.47942e-07 2.16929e-07
   257 1.45594e-07 2.13184e-07
   258 1.43343e-07 2.09554e-07
   259 1.41142e-07 2.05989e-07
   260 1.38946e-07 2.02508e-07
   261 1.36767e-07 1.99113e-07
   262 1.34651e-07 1.95785e-07
   263 1.32647e-07 1.92562e-07
   264 1.30714e-07 1.89429e-07
   265 1.28785e-07 1.86316e-07
   266 1.26906e-07 1.83258e-07
   267 1.25061e-07 1.80263e-07
   268 1.23226e-07 1.77297e-07
   269 1.21469e-07 1.74402e-07
   270 1.19767e-07 1.71582e-07
   271 1.18092e-07 1.68795e-07
   272 1.16411e-07 1.66099e-07
   273 1.14793e-07 1.63475e-07
   274 1.13236e-07 1.60879e-07
   275 1.11710e-07 1.58358e-07
   276 1.10205e-07 1.55859e-07
   277 1.08738e-07 1.53378e-07
   278 1.07318e-07 1.51012e-07
   279 1.05918e-07 1.48655e-07
   280 1.04602e-07 1.46396e-07
   281 1.03258e-07 1.44118e-07
   282 1.01941e-07 1.41845e-07
   283 1.00653e-07 1.39657e-07
   284 9.93717e-08 1.37540e-07
   285 9.81312e-08 1.35482e-07
   286 9.69438e-08 1.33522e-07
   287 9.57481e-08 1.31567e-07
   288 9.45887e-08 1.29649e-07
   289 9.34791e-08 1.27785e-07
   290 9.23697e-08 1.25939e-07
   291 9.13000e-08 1.24108e-07
   292 9.02786e-08 1.22399e-07
   293 8.92691e-08 1.20725e-07
   294 8.82325e-08 1.19048e-07
   295 8.71883e-08 1.17364e-07
   296 8.62087e-08 1.15771e-07
   297 8.52375e-08 1.14207e-07
   298 8.43264e-08 1.12702e-07
   299 8.34694e-08 1.11200e-07
   300 8.26260e-08 1.09728e-07
   301 8.17546e-08 1.08330e-07
   302 8.09157e-08 1.06945e-07
   303 8.00771e-08 1.05589e-07
   304 7.92924e-08 1.04239e-07
   305 7.85125e-08 1.02975e-07
   306 7.77392e-08 1.01726e-07
   307 7.69970e-08 1.00469e-07
   308 7.62844e-08 9.92326e-08
   309 7.56034e-08 9.80371e-08
   310 7.49699e-08 9.68498e-08
   311 7.43497e-08 9.57504e-08
   312 7.37945e-08 9.47057e-08
   313 7.31938e-08 9.37017e-08
   314 7.26312e-08 9.27265e-08
   315 7.20417e-08 9.17487e-08
   316 7.14425e-08 9.07299e-08
   317 7.09023e-08 8.97524e-08
   318 7.04362e-08 8.88761e-08
   319 6.99772e-08 8.80733e-08
   320 6.94556e-08 8.71319e-08
   321 6.89489e-08 8.61759e-08
   322 6.85033e-08 8.53577e-08
   323 6.81741e-08 8.46789e-08
   324 6.78987e-08 8.39506e-08
   325 6.75908e-08 8.31900e-08
   326 6.71930e-08 8.25019e-08
   327 6.69792e-08 8.18155e-08
   328 6.68480e-08 8.12560e-08
   329 6.68591e-08 8.08448e-08
   330 6.66733e-08 8.01834e-08
   331 6.62903e-08 7.93879e-08
   332 6.60854e-08 7.87620e-08
   333 6.56773e-08 7.78610e-08
   334 6.55194e-08 7.71387e-08
   335 6.55142e-08 7.62275e-08
   336 6.48423e-08 7.45423e-08
   337 6.40210e-08 7.26014e-08
   338 6.23976e-08 6.91080e-08
   339 5.53545e-08 5.75678e-08
   340 3.04503e-08 2.91513e-08
   341 2.30629e-08 1.97006e-08
   342 0.00000e+00 0.00000e+00
