     0 2.03717e-16 1.88498e-16 0.00000e+00 0.00000e+00
     1 3.85936e-01 4.54094e-01 1.92016e-01 2.39497e-01
     2 8.60936e-02 1.11228e-01 5.34812e-02 7.05538e-02
     3 4.13065e-02 5.28005e-02 2.87546e-02 3.87573e-02
     4 2.82721e-02 3.80915e-02 1.88645e-02 2.57983e-02
     5 2.06986e-02 2.79031e-02 1.34446e-02 1.84940e-02
     6 1.52746e-02 2.14073e-02 1.01903e-02 1.40250e-02
     7 1.23941e-02 1.70920e-02 8.06545e-03 1.10701e-02
     8 1.03660e-02 1.39237e-02 6.54989e-03 9.00653e-03
     9 8.52472e-03 1.20750e-02 5.44091e-03 7.47801e-03
    10 7.30413e-03 1.04028e-02 4.60870e-03 6.29607e-03
    11 6.50657e-03 9.09111e-03 3.95128e-03 5.36849e-03
    12 5.83038e-03 8.08983e-03 3.41509e-03 4.62186e-03
    13 5.09556e-03 7.10912e-03 2.97848e-03 4.01443e-03
    14 4.59308e-03 6.28440e-03 2.61980e-03 3.51877e-03
    15 4.15239e-03 5.69465e-03 2.31837e-03 3.10587e-03
    16 3.79848e-03 5.07599e-03 2.06197e-03 2.75869e-03
    17 3.47246e-03 4.59188e-03 1.84172e-03 2.46588e-03
    18 3.11069e-03 4.16924e-03 1.65377e-03 2.21569e-03
    19 2.86801e-03 3.85110e-03 1.49223e-03 1.99899e-03
    20 2.62648e-03 3.54411e-03 1.35141e-03 1.80943e-03
    21 2.43275e-03 3.26765e-03 1.22805e-03 1.64335e-03
    22 2.23504e-03 3.00165e-03 1.11954e-03 1.49761e-03
    23 2.06559e-03 2.79038e-03 1.02400e-03 1.36894e-03
    24 1.94375e-03 2.58911e-03 9.38711e-04 1.25452e-03
    25 1.80594e-03 2.41808e-03 8.62210e-04 1.15235e-03
    26 1.68390e-03 2.24040e-03 7.93801e-04 1.06104e-03
    27 1.56565e-03 2.09273e-03 7.32509e-04 9.79309e-04
    28 1.47211e-03 1.96346e-03 6.77288e-04 9.05577e-04
    29 1.38923e-03 1.85244e-03 6.27098e-04 8.38644e-04
    30 1.30313e-03 1.73382e-03 5.81476e-04 7.77876e-04
    31 1.22281e-03 1.63102e-03 5.40078e-04 7.22727e-04
    32 1.14753e-03 1.52222e-03 5.02463e-04 6.72691e-04
    33 1.08537e-03 1.44021e-03 4.68117e-04 6.27124e-04
    34 1.02176e-03 1.35886e-03 4.36674e-04 5.85355e-04
    35 9.65891e-04 1.28351e-03 4.07873e-04 5.47068e-04
    36 9.18015e-04 1.21069e-03 3.81343e-04 5.11946e-04
    37 8.67131e-04 1.14935e-03 3.56894e-04 4.79621e-04
    38 8.21113e-04 1.09308e-03 3.34388e-04 4.49727e-04
    39 7.76271e-04 1.03043e-03 3.13648e-04 4.22155e-04
    40 7.38926e-04 9.80674e-04 2.94471e-04 3.96702e-04
    41 7.02321e-04 9.34320e-04 2.76680e-04 3.73063e-04
    42 6.64821e-04 8.86475e-04 2.60212e-04 3.51130e-04
    43 6.32664e-04 8.38586e-04 2.44950e-04 3.30839e-04
    44 6.00408e-04 7.97069e-04 2.30779e-04 3.12042e-04
    45 5.72832e-04 7.59752e-04 2.17599e-04 2.94552e-04
    46 5.49322e-04 7.24759e-04 2.05269e-04 2.78241e-04
    47 5.21599e-04 6.92405e-04 1.93756e-04 2.63005e-04
    48 4.98071e-04 6.61037e-04 1.83024e-04 2.48760e-04
    49 4.75454e-04 6.31040e-04 1.72989e-04 2.35442e-04
    50 4.53299e-04 6.00619e-04 1.63609e-04 2.23003e-04
    51 4.32637e-04 5.72549e-04 1.54839e-04 2.11389e-04
    52 4.12913e-04 5.48487e-04 1.46631e-04 2.00507e-04
    53 3.96753e-04 5.27121e-04 1.38920e-04 1.90264e-04
    54 3.79095e-04 5.02649e-04 1.31670e-04 1.80641e-04
    55 3.62830e-04 4.81973e-04 1.24865e-04 1.71609e-04
    56 3.46261e-04 4.59880e-04 1.18477e-04 1.63125e-04
    57 3.31755e-04 4.40992e-04 1.12478e-04 1.55154e-04
    58 3.18490e-04 4.23770e-04 1.06824e-04 1.47635e-04
    59 3.04834e-04 4.06524e-04 1.01498e-04 1.40539e-04
    60 2.92361e-04 3.90522e-04 9.64797e-05 1.33842e-04
    61 2.79234e-04 3.72709e-04 9.17565e-05 1.27536e-04
    62 2.68324e-04 3.58975e-04 8.73053e-05 1.21587e-04
    63 2.57691e-04 3.45335e-04 8.30976e-05 1.15954e-04
    64 2.47117e-04 3.31465e-04 7.91233e-05 1.10625e-04
    65 2.37280e-04 3.18849e-04 7.53687e-05 1.05584e-04
    66 2.28071e-04 3.06203e-04 7.18168e-05 1.00814e-04
    67 2.19691e-04 2.94903e-04 6.84505e-05 9.62944e-05
    68 2.10498e-04 2.83135e-04 6.52643e-05 9.20132e-05
    69 2.01762e-04 2.72340e-04 6.22555e-05 8.79590e-05
    70 1.94028e-04 2.62356e-04 5.94084e-05 8.41127e-05
    71 1.86389e-04 2.52662e-04 5.67108e-05 8.04604e-05
    72 1.79485e-04 2.43221e-04 5.41525e-05 7.69931e-05
    73 1.71913e-04 2.33853e-04 5.17294e-05 7.37033e-05
    74 1.65639e-04 2.25522e-04 4.94333e-05 7.05786e-05
    75 1.59308e-04 2.17320e-04 4.72527e-05 6.76068e-05
    76 1.53207e-04 2.09485e-04 4.51833e-05 6.47806e-05
    77 1.47780e-04 2.01940e-04 4.32163e-05 6.20918e-05
    78 1.42001e-04 1.94739e-04 4.13469e-05 5.95328e-05
    79 1.37024e-04 1.88196e-04 3.95699e-05 5.70940e-05
    80 1.31897e-04 1.81325e-04 3.78787e-05 5.47702e-05
    81 1.27004e-04 1.74794e-04 3.62708e-05 5.25584e-05
    82 1.22561e-04 1.68906e-04 3.47399e-05 5.04500e-05
    83 1.17932e-04 1.63174e-04 3.32825e-05 4.84376e-05
    84 1.14080e-04 1.57798e-04 3.18934e-05 4.65158e-05
    85 1.09710e-04 1.52227e-04 3.05693e-05 4.46815e-05
    86 1.05770e-04 1.47006e-04 2.93093e-05 4.29317e-05
    87 1.02226e-04 1.42100e-04 2.81071e-05 4.12607e-05
    88 9.84555e-05 1.37205e-04 2.69605e-05 3.96649e-05
    89 9.51837e-05 1.32946e-04 2.58666e-05 3.81387e-05
    90 9.16875e-05 1.28208e-04 2.48227e-05 3.66799e-05
    91 8.84832e-05 1.24070e-04 2.38274e-05 3.52862e-05
    92 8.54671e-05 1.20123e-04 2.28769e-05 3.39519e-05
    93 8.24236e-05 1.16082e-04 2.19695e-05 3.26752e-05
    94 7.97400e-05 1.12511e-04 2.11024e-05 3.14529e-05
    95 7.69694e-05 1.08699e-04 2.02733e-05 3.02826e-05
    96 7.44558e-05 1.05361e-04 1.94806e-05 2.91619e-05
    97 7.19039e-05 1.01964e-04 1.87223e-05 2.80878e-05
    98 6.92823e-05 9.85625e-05 1.79983e-05 2.70595e-05
    99 6.71069e-05 9.55486e-05 1.73061e-05 2.60743e-05
   100 6.47721e-05 9.24837e-05 1.66434e-05 2.51294e-05
   101 6.26679e-05 8.96613e-05 1.60095e-05 2.42233e-05
   102 6.05422e-05 8.68948e-05 1.54026e-05 2.33536e-05
   103 5.85376e-05 8.41175e-05 1.48217e-05 2.25195e-05
   104 5.67002e-05 8.15719e-05 1.42651e-05 2.17191e-05
   105 5.47421e-05 7.88974e-05 1.37319e-05 2.09514e-05
   106 5.30996e-05 7.66760e-05 1.32208e-05 2.02141e-05
   107 5.12437e-05 7.41668e-05 1.27310e-05 1.95060e-05
   108 4.96350e-05 7.19925e-05 1.22618e-05 1.88262e-05
   109 4.80944e-05 6.98133e-05 1.18115e-05 1.81728e-05
   110 4.65398e-05 6.77235e-05 1.13794e-05 1.75448e-05
   111 4.50254e-05 6.56311e-05 1.09651e-05 1.69415e-05
   112 4.36110e-05 6.36690e-05 1.05677e-05 1.63617e-05
   113 4.21933e-05 6.18005e-05 1.01864e-05 1.58041e-05
   114 4.08533e-05 5.99133e-05 9.82057e-06 1.52679e-05
   115 3.95469e-05 5.81290e-05 9.46950e-06 1.47525e-05
   116 3.83179e-05 5.64734e-05 9.13246e-06 1.42564e-05
   117 3.71164e-05 5.47940e-05 8.80873e-06 1.37789e-05
   118 3.59989e-05 5.32007e-05 8.49762e-06 1.33194e-05
   119 3.48863e-05 5.16397e-05 8.19855e-06 1.28770e-05
   120 3.37853e-05 5.01280e-05 7.91124e-06 1.24513e-05
   121 3.27515e-05 4.86969e-05 7.63517e-06 1.20412e-05
   122 3.17460e-05 4.73006e-05 7.36977e-06 1.16462e-05
   123 3.08017e-05 4.59770e-05 7.11449e-06 1.12655e-05
   124 2.97926e-05 4.46085e-05 6.86919e-06 1.08988e-05
   125 2.89173e-05 4.33958e-05 6.63343e-06 1.05454e-05
   126 2.80320e-05 4.21259e-05 6.40656e-06 1.02047e-05
   127 2.72275e-05 4.10212e-05 6.18815e-06 9.87605e-06
   128 2.63674e-05 3.98077e-05 5.97799e-06 9.55910e-06
   129 2.55617e-05 3.86508e-05 5.77595e-06 9.25383e-06
   130 2.48258e-05 3.76007e-05 5.58142e-06 8.95944e-06
   131 2.40741e-05 3.65606e-05 5.39407e-06 8.67531e-06
   132 2.33524e-05 3.55149e-05 5.21376e-06 8.40128e-06
   133 2.26482e-05 3.45052e-05 5.04018e-06 8.13707e-06
   134 2.19697e-05 3.35566e-05 4.87309e-06 7.88218e-06
   135 2.13668e-05 3.26946e-05 4.71200e-06 7.63590e-06
   136 2.06949e-05 3.17461e-05 4.55680e-06 7.39813e-06
   137 2.01057e-05 3.08933e-05 4.40736e-06 7.16869e-06
   138 1.95072e-05 3.00295e-05 4.26332e-06 6.94717e-06
   139 1.89431e-05 2.92198e-05 4.12452e-06 6.73328e-06
   140 1.84258e-05 2.84731e-05 3.99059e-06 6.52651e-06
   141 1.78521e-05 2.76634e-05 3.86149e-06 6.32675e-06
   142 1.73655e-05 2.69334e-05 3.73706e-06 6.13383e-06
   143 1.68604e-05 2.62106e-05 3.61697e-06 5.94737e-06
   144 1.63904e-05 2.55330e-05 3.50112e-06 5.76709e-06
   145 1.59006e-05 2.48160e-05 3.38940e-06 5.59288e-06
   146 1.54361e-05 2.41441e-05 3.28172e-06 5.42465e-06
   147 1.50179e-05 2.35283e-05 3.17779e-06 5.26195e-06
   148 1.45881e-05 2.29098e-05 3.07744e-06 5.10455e-06
   149 1.41717e-05 2.22963e-05 2.98061e-06 4.95234e-06
   150 1.37689e-05 2.17061e-05 2.88717e-06 4.80519e-06
   151 1.33720e-05 2.11246e-05 2.79700e-06 4.66290e-06
   152 1.30294e-05 2.06154e-05 2.70987e-06 4.52515e-06
   153 1.26484e-05 2.00549e-05 2.62569e-06 4.39181e-06
   154 1.22948e-05 1.95347e-05 2.54445e-06 4.26286e-06
   155 1.19451e-05 1.90276e-05 2.46601e-06 4.13808e-06
   156 1.16197e-05 1.85329e-05 2.39024e-06 4.01731e-06
   157 1.13075e-05 1.80649e-05 2.31699e-06 3.90039e-06
   158 1.09830e-05 1.75887e-05 2.24624e-06 3.78721e-06
   159 1.06977e-05 1.71685e-05 2.17785e-06 3.67757e-06
   160 1.04062e-05 1.67215e-05 2.11169e-06 3.57134e-06
   161 1.01182e-05 1.62989e-05 2.04776e-06 3.46847e-06
   162 9.83291e-06 1.58669e-05 1.98599e-06 3.36890e-06
   163 9.56695e-06 1.54669e-05 1.92631e-06 3.27249e-06
   164 9.31264e-06 1.50911e-05 1.86857e-06 3.17904e-06
   165 9.06244e-06 1.47150e-05 1.81273e-06 3.08845e-06
   166 8.82280e-06 1.43431e-05 1.75869e-06 3.00067e-06
   167 8.57732e-06 1.39692e-05 1.70644e-06 2.91565e-06
   168 8.35076e-06 1.36280e-05 1.65592e-06 2.83327e-06
   169 8.13909e-06 1.33112e-05 1.60699e-06 2.75334e-06
   170 7.90646e-06 1.29567e-05 1.55966e-06 2.67586e-06
   171 7.69658e-06 1.26369e-05 1.51390e-06 2.60081e-06
   172 7.48988e-06 1.23244e-05 1.46963e-06 2.52804e-06
   173 7.29603e-06 1.20249e-05 1.42678e-06 2.45746e-06
   174 7.10452e-06 1.17271e-05 1.38528e-06 2.38902e-06
   175 6.91404e-06 1.14287e-05 1.34511e-06 2.32267e-06
   176 6.73901e-06 1.11632e-05 1.30622e-06 2.25831e-06
   177 6.56033e-06 1.08872e-05 1.26854e-06 2.19585e-06
   178 6.39275e-06 1.06277e-05 1.23206e-06 2.13524e-06
   179 6.22011e-06 1.03598e-05 1.19673e-06 2.07646e-06
   180 6.05690e-06 1.01059e-05 1.16254e-06 2.01945e-06
   181 5.90461e-06 9.86706e-06 1.12940e-06 1.96413e-06
   182 5.75075e-06 9.63013e-06 1.09730e-06 1.91042e-06
   183 5.59828e-06 9.39137e-06 1.06620e-06 1.85831e-06
   184 5.45395e-06 9.16385e-06 1.03609e-06 1.80775e-06
   185 5.31714e-06 8.95221e-06 1.00690e-06 1.75866e-06
   186 5.18604e-06 8.74655e-06 9.78594e-07 1.71096e-06
   187 5.04678e-06 8.52516e-06 9.51162e-07 1.66466e-06
   188 4.92327e-06 8.32463e-06 9.24576e-07 1.61972e-06
   189 4.79696e-06 8.12325e-06 8.98795e-07 1.57610e-06
   190 4.67979e-06 7.94099e-06 8.73792e-07 1.53371e-06
   191 4.56235e-06 7.75292e-06 8.49535e-07 1.49252e-06
   192 4.44244e-06 7.56369e-06 8.26025e-07 1.45254e-06
   193 4.33633e-06 7.39353e-06 8.03224e-07 1.41369e-06
   194 4.22358e-06 7.21382e-06 7.81107e-07 1.37594e-06
   195 4.12258e-06 7.05096e-06 7.59653e-07 1.33928e-06
   196 4.01732e-06 6.88426e-06 7.38835e-07 1.30364e-06
   197 3.91578e-06 6.71976e-06 7.18650e-07 1.26902e-06
   198 3.82253e-06 6.57193e-06 6.99061e-07 1.23537e-06
   199 3.72874e-06 6.41836e-06 6.80041e-07 1.20265e-06
   200 3.63690e-06 6.27165e-06 6.61581e-07 1.17085e-06
   201 3.54525e-06 6.12363e-06 6.43671e-07 1.13994e-06
   202 3.45925e-06 5.98412e-06 6.26292e-07 1.10990e-06
   203 3.37708e-06 5.85237e-06 6.09412e-07 1.08067e-06
   204 3.29115e-06 5.70954e-06 5.93030e-07 1.05227e-06
   205 3.21150e-06 5.58225e-06 5.77131e-07 1.02466e-06
   206 3.13305e-06 5.45207e-06 5.61695e-07 9.97814e-07
   207 3.05953e-06 5.33171e-06 5.46702e-07 9.71704e-07
   208 2.98647e-06 5.21112e-06 5.32134e-07 9.46301e-07
   209 2.91313e-06 5.09009e-06 5.17987e-07 9.21598e-07
   210 2.84548e-06 4.97779e-06 5.04244e-07 8.97571e-07
   211 2.77705e-06 4.86214e-06 4.90889e-07 8.74199e-07
   212 2.70999e-06 4.75420e-06 4.77918e-07 8.51467e-07
   213 2.64482e-06 4.64916e-06 4.65319e-07 8.29342e-07
   214 2.58170e-06 4.54376e-06 4.53079e-07 8.07814e-07
   215 2.52245e-06 4.44448e-06 4.41182e-07 7.86863e-07
   216 2.46434e-06 4.34827e-06 4.29612e-07 7.66463e-07
   217 2.40509e-06 4.24778e-06 4.18367e-07 7.46611e-07
   218 2.34854e-06 4.15297e-06 4.07440e-07 7.27300e-07
   219 2.29413e-06 4.06110e-06 3.96816e-07 7.08504e-07
   220 2.24142e-06 3.97388e-06 3.86485e-07 6.90202e-07
   221 2.18780e-06 3.88382e-06 3.76442e-07 6.72385e-07
   222 2.13654e-06 3.79761e-06 3.66681e-07 6.55046e-07
   223 2.08742e-06 3.71313e-06 3.57189e-07 6.38168e-07
   224 2.04060e-06 3.63666e-06 3.47955e-07 6.21727e-07
   225 1.99285e-06 3.55415e-06 3.38972e-07 6.05712e-07
   226 1.94768e-06 3.47594e-06 3.30235e-07 5.90125e-07
   227 1.90300e-06 3.40185e-06 3.21735e-07 5.74942e-07
   228 1.86086e-06 3.32789e-06 3.13463e-07 5.60153e-07
   229 1.81705e-06 3.25452e-06 3.05415e-07 5.45750e-07
   230 1.77512e-06 3.18195e-06 2.97590e-07 5.31728e-07
   231 1.73594e-06 3.11477e-06 2.89974e-07 5.18069e-07
   232 1.69688e-06 3.04742e-06 2.82560e-07 5.04761e-07
   233 1.66009e-06 2.98398e-06 2.75341e-07 4.91790e-07
   234 1.62176e-06 2.91766e-06 2.68314e-07 4.79153e-07
   235 1.58542e-06 2.85438e-06 2.61476e-07 4.66847e-07
   236 1.55034e-06 2.79459e-06 2.54818e-07 4.54854e-07
   237 1.51669e-06 2.73586e-06 2.48334e-07 4.43162e-07
   238 1.48256e-06 2.67686e-06 2.42020e-07 4.31767e-07
   239 1.45034e-06 2.62041e-06 2.35872e-07 4.20662e-07
   240 1.41827e-06 2.56390e-06 2.29883e-07 4.09839e-07
   241 1.38752e-06 2.51161e-06 2.24050e-07 3.99287e-07
   242 1.35652e-06 2.45599e-06 2.18369e-07 3.89003e-07
   243 1.32662e-06 2.40370e-06 2.12837e-07 3.78983e-07
   244 1.29746e-06 2.35337e-06 2.07449e-07 3.69215e-07
   245 1.27060e-06 2.30442e-06 2.02198e-07 3.59690e-07
   246 1.24285e-06 2.25660e-06 1.97079e-07 3.50402e-07
   247 1.21554e-06 2.20773e-06 1.92092e-07 3.41346e-07
   248 1.18947e-06 2.16224e-06 1.87234e-07 3.32519e-07
   249 1.16450e-06 2.11847e-06 1.82498e-07 3.23906e-07
   250 1.14071e-06 2.07457e-06 1.77878e-07 3.15503e-07
   251 1.11554e-06 2.03150e-06 1.73375e-07 3.07308e-07
   252 1.09272e-06 1.98832e-06 1.68985e-07 2.99316e-07
   253 1.06920e-06 1.94799e-06 1.64704e-07 2.91522e-07
   254 1.04712e-06 1.90841e-06 1.60530e-07 2.83916e-07
   255 1.02499e-06 1.86738e-06 1.56459e-07 2.76498e-07
   256 1.00346e-06 1.82915e-06 1.52490e-07 2.69264e-07
   257 9.83369e-07 1.79190e-06 1.48617e-07 2.62206e-07
   258 9.62621e-07 1.75720e-06 1.44838e-07 2.55315e-07
   259 9.43189e-07 1.71944e-06 1.41152e-07 2.48590e-07
   260 9.23446e-07 1.68498e-06 1.37556e-07 2.42031e-07
   261 9.04611e-07 1.65058e-06 1.34047e-07 2.35629e-07
   262 8.86725e-07 1.61748e-06 1.30622e-07 2.29381e-07
   263 8.68193e-07 1.58514e-06 1.27280e-07 2.23281e-07
   264 8.51403e-07 1.55308e-06 1.24017e-07 2.17326e-07
   265 8.33782e-07 1.52180e-06 1.20831e-07 2.11513e-07
   266 8.17193e-07 1.49076e-06 1.17722e-07 2.05840e-07
   267 8.01408e-07 1.46156e-06 1.14685e-07 2.00301e-07
   268 7.84892e-07 1.43204e-06 1.11721e-07 1.94893e-07
   269 7.69505e-07 1.40269e-06 1.08826e-07 1.89614e-07
   270 7.53895e-07 1.37520e-06 1.06000e-07 1.84461e-07
   271 7.40192e-07 1.34857e-06 1.03238e-07 1.79426e-07
   272 7.25131e-07 1.32096e-06 1.00540e-07 1.74510e-07
   273 7.11201e-07 1.29468e-06 9.79043e-08 1.69711e-07
   274 6.97694e-07 1.26932e-06 9.53287e-08 1.65024e-07
   275 6.83860e-07 1.24501e-06 9.28123e-08 1.60444e-07
   276 6.71369e-07 1.22042e-06 9.03528e-08 1.55970e-07
   277 6.57836e-07 1.19619e-06 8.79492e-08 1.51600e-07
   278 6.46238e-07 1.17282e-06 8.55996e-08 1.47331e-07
   279 6.34288e-07 1.15050e-06 8.33007e-08 1.43160e-07
   280 6.21313e-07 1.12817e-06 8.10546e-08 1.39084e-07
   281 6.10953e-07 1.10606e-06 7.88581e-08 1.35102e-07
   282 5.98638e-07 1.08485e-06 7.67097e-08 1.31210e-07
   283 5.89187e-07 1.06455e-06 7.46073e-08 1.27406e-07
   284 5.77731e-07 1.04405e-06 7.25493e-08 1.23687e-07
   285 5.66583e-07 1.02367e-06 7.05383e-08 1.20054e-07
   286 5.57737e-07 1.00443e-06 6.85693e-08 1.16502e-07
   287 5.46298e-07 9.85219e-07 6.66426e-08 1.13030e-07
   288 5.37967e-07 9.67155e-07 6.47569e-08 1.09634e-07
   289 5.27975e-07 9.48505e-07 6.29096e-08 1.06314e-07
   290 5.18568e-07 9.30408e-07 6.11022e-08 1.03069e-07
   291 5.10471e-07 9.13172e-07 5.93311e-08 9.98963e-08
   292 5.00013e-07 8.96207e-07 5.75979e-08 9.67928e-08
   293 4.92957e-07 8.79671e-07 5.59005e-08 9.37572e-08
   294 4.83847e-07 8.63216e-07 5.42365e-08 9.07881e-08
   295 4.75815e-07 8.47328e-07 5.26072e-08 8.78840e-08
   296 4.68631e-07 8.32457e-07 5.10092e-08 8.50418e-08
   297 4.59395e-07 8.16323e-07 4.94443e-08 8.22615e-08
   298 4.53283e-07 8.01959e-07 4.79104e-08 7.95418e-08
   299 4.45048e-07 7.87287e-07 4.64057e-08 7.68798e-08
   300 4.38460e-07 7.73174e-07 4.49307e-08 7.42747e-08
   301 4.31861e-07 7.59546e-07 4.34826e-08 7.17245e-08
   302 4.24369e-07 7.45629e-07 4.20627e-08 6.92284e-08
   303 4.19000e-07 7.32760e-07 4.06687e-08 6.67848e-08
   304 4.11354e-07 7.19448e-07 3.93008e-08 6.43925e-08
   305 4.05543e-07 7.07352e-07 3.79595e-08 6.20497e-08
   306 3.99280e-07 6.94567e-07 3.66422e-08 5.97553e-08
   307 3.93502e-07 6.82695e-07 3.53490e-08 5.75085e-08
   308 3.89066e-07 6.71395e-07 3.40765e-08 5.53069e-08
   309 3.81602e-07 6.59498e-07 3.28275e-08 5.31499e-08
   310 3.77544e-07 6.48412e-07 3.16011e-08 5.10369e-08
   311 3.71395e-07 6.37165e-07 3.03951e-08 4.89668e-08
   312 3.66676e-07 6.26636e-07 2.92104e-08 4.69383e-08
   313 3.62091e-07 6.16616e-07 2.80444e-08 4.49491e-08
   314 3.57178e-07 6.06377e-07 2.68972e-08 4.29986e-08
   315 3.52346e-07 5.96279e-07 2.57692e-08 4.10866e-08
   316 3.48075e-07 5.87030e-07 2.46592e-08 3.92113e-08
   317 3.43758e-07 5.77902e-07 2.35663e-08 3.73710e-08
   318 3.39334e-07 5.68569e-07 2.24906e-08 3.55656e-08
   319 3.35615e-07 5.60005e-07 2.14310e-08 3.37940e-08
   320 3.32128e-07 5.51572e-07 2.03860e-08 3.20544e-08
   321 3.28077e-07 5.43219e-07 1.93561e-08 3.03466e-08
   322 3.24337e-07 5.34995e-07 1.83415e-08 2.86697e-08
   323 3.20778e-07 5.27140e-07 1.73413e-08 2.70230e-08
   324 3.19400e-07 5.20559e-07 1.63518e-08 2.54037e-08
   325 3.15642e-07 5.12860e-07 1.53733e-08 2.38114e-08
   326 3.12460e-07 5.05779e-07 1.44085e-08 2.22467e-08
   327 3.10525e-07 4.99353e-07 1.34545e-08 2.07075e-08
   328 3.06483e-07 4.92109e-07 1.25125e-08 1.91938e-08
   329 3.05988e-07 4.87017e-07 1.15803e-08 1.77035e-08
   330 3.02501e-07 4.80410e-07 1.06569e-08 1.62355e-08
   331 3.01826e-07 4.75781e-07 9.74268e-09 1.47890e-08
   332 3.01199e-07 4.71341e-07 8.83315e-09 1.33605e-08
   333 2.98835e-07 4.65800e-07 7.93084e-09 1.19512e-08
   334 2.99355e-07 4.62507e-07 7.03401e-09 1.05595e-08
   335 2.97002e-07 4.57553e-07 6.14258e-09 9.18418e-09
   336 2.99276e-07 4.55971e-07 5.25393e-09 7.82272e-09
   337 3.00658e-07 4.54095e-07 4.36250e-09 6.47048e-09
   338 2.99134e-07 4.50143e-07 3.47392e-09 5.13087e-09
   339 3.06383e-07 4.52907e-07 2.57956e-09 3.79700e-09
   340 3.11459e-07 4.55491e-07 1.66966e-09 2.45916e-09
   341 2.88483e-07 4.23458e-07 7.89132e-10 1.16908e-09
   342 2.51347e-07 3.75964e-07 0.00000e+00 0.00000e+00
