     0 1.37584e-15 1.26802e-15 0.00000e+00 0.00000e+00
     1 2.58923e+00 3.06865e+00 1.29010e+00 1.61919e+00
     2 5.80116e-01 7.55540e-01 3.59135e-01 4.75237e-01
     3 2.77892e-01 3.56450e-01 1.92637e-01 2.59837e-01
     4 1.89038e-01 2.55913e-01 1.26292e-01 1.72551e-01
     5 1.38637e-01 1.86861e-01 9.00234e-02 1.23553e-01
     6 1.02402e-01 1.43078e-01 6.82166e-02 9.36530e-02
     7 8.28348e-02 1.14349e-01 5.39926e-02 7.38944e-02
     8 6.93387e-02 9.29362e-02 4.38594e-02 6.01042e-02
     9 5.71541e-02 8.06403e-02 3.64331e-02 4.98992e-02
    10 4.89841e-02 6.94061e-02 3.08528e-02 4.20095e-02
    11 4.36300e-02 6.06809e-02 2.64442e-02 3.58195e-02
    12 3.90655e-02 5.40028e-02 2.28501e-02 3.08357e-02
    13 3.41326e-02 4.74780e-02 1.99251e-02 2.67799e-02
    14 3.07615e-02 4.19356e-02 1.75226e-02 2.34710e-02
    15 2.78110e-02 3.80358e-02 1.55038e-02 2.07145e-02
    16 2.54152e-02 3.38728e-02 1.37874e-02 1.83967e-02
    17 2.32324e-02 3.06365e-02 1.23138e-02 1.64429e-02
    18 2.08065e-02 2.78056e-02 1.10564e-02 1.47740e-02
    19 1.91735e-02 2.56778e-02 9.97624e-03 1.33289e-02
    20 1.75642e-02 2.36373e-02 9.03464e-03 1.20648e-02
    21 1.62730e-02 2.18021e-02 8.20958e-03 1.09569e-02
    22 1.49502e-02 2.00277e-02 7.48377e-03 9.98455e-03
    23 1.38201e-02 1.86111e-02 6.84465e-03 9.12615e-03
    24 1.30022e-02 1.72768e-02 6.27406e-03 8.36282e-03
    25 1.20794e-02 1.61304e-02 5.76235e-03 7.68121e-03
    26 1.12642e-02 1.49393e-02 5.30476e-03 7.07222e-03
    27 1.04713e-02 1.39532e-02 4.89479e-03 6.52723e-03
    28 9.84518e-03 1.30895e-02 4.52548e-03 6.03566e-03
    29 9.29370e-03 1.23516e-02 4.18977e-03 5.58940e-03
    30 8.71402e-03 1.15606e-02 3.88463e-03 5.18422e-03
    31 8.17593e-03 1.08769e-02 3.60781e-03 4.81647e-03
    32 7.67207e-03 1.01496e-02 3.35632e-03 4.48282e-03
    33 7.25667e-03 9.60487e-03 3.12669e-03 4.17896e-03
    34 6.83045e-03 9.06175e-03 2.91648e-03 3.90042e-03
    35 6.45678e-03 8.55774e-03 2.72395e-03 3.64511e-03
    36 6.13716e-03 8.07415e-03 2.54660e-03 3.41091e-03
    37 5.79721e-03 7.66321e-03 2.38315e-03 3.19537e-03
    38 5.48837e-03 7.28888e-03 2.23270e-03 2.99603e-03
    39 5.18763e-03 6.87010e-03 2.09408e-03 2.81219e-03
    40 4.93787e-03 6.53662e-03 1.96593e-03 2.64251e-03
    41 4.69298e-03 6.22866e-03 1.84705e-03 2.48494e-03
    42 4.44187e-03 5.90916e-03 1.73701e-03 2.33873e-03
    43 4.22652e-03 5.59063e-03 1.63505e-03 2.20347e-03
    44 4.01125e-03 5.31354e-03 1.54038e-03 2.07815e-03
    45 3.82619e-03 5.06510e-03 1.45233e-03 1.96156e-03
    46 3.66933e-03 4.83139e-03 1.36997e-03 1.85282e-03
    47 3.48460e-03 4.61634e-03 1.29306e-03 1.75124e-03
    48 3.32735e-03 4.40645e-03 1.22136e-03 1.65628e-03
    49 3.17561e-03 4.20555e-03 1.15433e-03 1.56751e-03
    50 3.02759e-03 4.00277e-03 1.09168e-03 1.48461e-03
    51 2.88969e-03 3.81543e-03 1.03311e-03 1.40722e-03
    52 2.75805e-03 3.65418e-03 9.78282e-04 1.33470e-03
    53 2.64969e-03 3.51203e-03 9.26785e-04 1.26646e-03
    54 2.53153e-03 3.34900e-03 8.78369e-04 1.20235e-03
    55 2.42306e-03 3.21102e-03 8.32920e-04 1.14217e-03
    56 2.31173e-03 3.06412e-03 7.90271e-04 1.08565e-03
    57 2.21458e-03 2.93765e-03 7.50221e-04 1.03254e-03
    58 2.12623e-03 2.82294e-03 7.12478e-04 9.82455e-04
    59 2.03490e-03 2.70779e-03 6.76918e-04 9.35190e-04
    60 1.95176e-03 2.60143e-03 6.43421e-04 8.90579e-04
    61 1.86384e-03 2.48251e-03 6.11892e-04 8.48570e-04
    62 1.79105e-03 2.39117e-03 5.82181e-04 8.08951e-04
    63 1.71993e-03 2.30034e-03 5.54096e-04 7.71423e-04
    64 1.64934e-03 2.20767e-03 5.27570e-04 7.35931e-04
    65 1.58355e-03 2.12350e-03 5.02512e-04 7.02359e-04
    66 1.52200e-03 2.03918e-03 4.78808e-04 6.70587e-04
    67 1.46604e-03 1.96386e-03 4.56343e-04 6.40492e-04
    68 1.40468e-03 1.88535e-03 4.35082e-04 6.11982e-04
    69 1.34614e-03 1.81321e-03 4.15006e-04 5.84989e-04
    70 1.29456e-03 1.74678e-03 3.96010e-04 5.59380e-04
    71 1.24350e-03 1.68208e-03 3.78012e-04 5.35064e-04
    72 1.19744e-03 1.61930e-03 3.60944e-04 5.11980e-04
    73 1.14697e-03 1.55669e-03 3.44778e-04 4.90079e-04
    74 1.10513e-03 1.50119e-03 3.29459e-04 4.69279e-04
    75 1.06281e-03 1.44647e-03 3.14911e-04 4.49498e-04
    76 1.02209e-03 1.39428e-03 3.01105e-04 4.30687e-04
    77 9.85900e-04 1.34411e-03 2.87982e-04 4.12791e-04
    78 9.47301e-04 1.29603e-03 2.75511e-04 3.95759e-04
    79 9.14005e-04 1.25247e-03 2.63657e-04 3.79528e-04
    80 8.79760e-04 1.20668e-03 2.52377e-04 3.64063e-04
    81 8.47076e-04 1.16317e-03 2.41652e-04 3.49345e-04
    82 8.17411e-04 1.12387e-03 2.31442e-04 3.35316e-04
    83 7.86527e-04 1.08570e-03 2.21722e-04 3.21925e-04
    84 7.60822e-04 1.04987e-03 2.12457e-04 3.09139e-04
    85 7.31615e-04 1.01273e-03 2.03627e-04 2.96935e-04
    86 7.05278e-04 9.77919e-04 1.95225e-04 2.85295e-04
    87 6.81589e-04 9.45309e-04 1.87209e-04 2.74179e-04
    88 6.56397e-04 9.12657e-04 1.79564e-04 2.63563e-04
    89 6.34627e-04 8.84342e-04 1.72271e-04 2.53411e-04
    90 6.11215e-04 8.52780e-04 1.65312e-04 2.43707e-04
    91 5.89842e-04 8.25228e-04 1.58677e-04 2.34437e-04
    92 5.69765e-04 7.98945e-04 1.52341e-04 2.25563e-04
    93 5.49399e-04 7.72006e-04 1.46292e-04 2.17072e-04
    94 5.31519e-04 7.48270e-04 1.40512e-04 2.08943e-04
    95 5.13003e-04 7.22837e-04 1.34986e-04 2.01160e-04
    96 4.96238e-04 7.00646e-04 1.29702e-04 1.93707e-04
    97 4.79260e-04 6.78044e-04 1.24648e-04 1.86565e-04
    98 4.61726e-04 6.55394e-04 1.19823e-04 1.79727e-04
    99 4.47242e-04 6.35360e-04 1.15209e-04 1.73175e-04
   100 4.31630e-04 6.14896e-04 1.10793e-04 1.66893e-04
   101 4.17602e-04 5.96151e-04 1.06569e-04 1.60869e-04
   102 4.03424e-04 5.77734e-04 1.02525e-04 1.55086e-04
   103 3.90035e-04 5.59201e-04 9.86545e-05 1.49541e-04
   104 3.77795e-04 5.42263e-04 9.49455e-05 1.44220e-04
   105 3.64724e-04 5.24478e-04 9.13931e-05 1.39116e-04
   106 3.53790e-04 5.09706e-04 8.79880e-05 1.34215e-04
   107 3.41395e-04 4.93003e-04 8.47245e-05 1.29508e-04
   108 3.30678e-04 4.78500e-04 8.15989e-05 1.24990e-04
   109 3.20399e-04 4.64016e-04 7.85988e-05 1.20647e-04
   110 3.10012e-04 4.50131e-04 7.57204e-05 1.16473e-04
   111 2.99921e-04 4.36180e-04 7.29608e-05 1.12463e-04
   112 2.90490e-04 4.23119e-04 7.03134e-05 1.08610e-04
   113 2.81039e-04 4.10671e-04 6.77735e-05 1.04904e-04
   114 2.72103e-04 3.98125e-04 6.53369e-05 1.01342e-04
   115 2.63389e-04 3.86258e-04 6.29987e-05 9.79165e-05
   116 2.55189e-04 3.75227e-04 6.07540e-05 9.46203e-05
   117 2.47182e-04 3.64057e-04 5.85981e-05 9.14476e-05
   118 2.39735e-04 3.53470e-04 5.65262e-05 8.83945e-05
   119 2.32313e-04 3.43071e-04 5.45346e-05 8.54557e-05
   120 2.24977e-04 3.33026e-04 5.26214e-05 8.26270e-05
   121 2.18079e-04 3.23506e-04 5.07831e-05 7.99030e-05
   122 2.11375e-04 3.14223e-04 4.90160e-05 7.72788e-05
   123 2.05086e-04 3.05428e-04 4.73162e-05 7.47497e-05
   124 1.98356e-04 2.96309e-04 4.56830e-05 7.23137e-05
   125 1.92530e-04 2.88252e-04 4.41133e-05 6.99662e-05
   126 1.86627e-04 2.79804e-04 4.26028e-05 6.77032e-05
   127 1.81272e-04 2.72472e-04 4.11488e-05 6.55204e-05
   128 1.75531e-04 2.64404e-04 3.97497e-05 6.34152e-05
   129 1.70151e-04 2.56690e-04 3.84047e-05 6.13877e-05
   130 1.65256e-04 2.49726e-04 3.71098e-05 5.94326e-05
   131 1.60245e-04 2.42810e-04 3.58627e-05 5.75456e-05
   132 1.55440e-04 2.35861e-04 3.46625e-05 5.57257e-05
   133 1.50742e-04 2.29128e-04 3.35072e-05 5.39711e-05
   134 1.46221e-04 2.22817e-04 3.23951e-05 5.22785e-05
   135 1.42208e-04 2.17100e-04 3.13229e-05 5.06432e-05
   136 1.37730e-04 2.10784e-04 3.02900e-05 4.90644e-05
   137 1.33808e-04 2.05117e-04 2.92954e-05 4.75411e-05
   138 1.29815e-04 1.99369e-04 2.83369e-05 4.60703e-05
   139 1.26059e-04 1.93988e-04 2.74132e-05 4.46503e-05
   140 1.22617e-04 1.89026e-04 2.65219e-05 4.32776e-05
   141 1.18790e-04 1.83629e-04 2.56629e-05 4.19515e-05
   142 1.15551e-04 1.78788e-04 2.48349e-05 4.06709e-05
   143 1.12182e-04 1.73980e-04 2.40359e-05 3.94332e-05
   144 1.09056e-04 1.69482e-04 2.32650e-05 3.82365e-05
   145 1.05787e-04 1.64712e-04 2.25217e-05 3.70802e-05
   146 1.02688e-04 1.60243e-04 2.18053e-05 3.59636e-05
   147 9.99048e-05 1.56156e-04 2.11139e-05 3.48838e-05
   148 9.70450e-05 1.52049e-04 2.04464e-05 3.38391e-05
   149 9.42697e-05 1.47967e-04 1.98022e-05 3.28290e-05
   150 9.15853e-05 1.44041e-04 1.91807e-05 3.18524e-05
   151 8.89390e-05 1.40176e-04 1.85810e-05 3.09082e-05
   152 8.66637e-05 1.36804e-04 1.80015e-05 2.99942e-05
   153 8.41224e-05 1.33075e-04 1.74416e-05 2.91094e-05
   154 8.17687e-05 1.29615e-04 1.69012e-05 2.82537e-05
   155 7.94373e-05 1.26241e-04 1.63796e-05 2.74258e-05
   156 7.72728e-05 1.22961e-04 1.58757e-05 2.66245e-05
   157 7.51972e-05 1.19856e-04 1.53886e-05 2.58488e-05
   158 7.30327e-05 1.16687e-04 1.49181e-05 2.50979e-05
   159 7.11373e-05 1.13899e-04 1.44633e-05 2.43705e-05
   160 6.91957e-05 1.10927e-04 1.40234e-05 2.36658e-05
   161 6.72795e-05 1.08125e-04 1.35983e-05 2.29834e-05
   162 6.53780e-05 1.05252e-04 1.31876e-05 2.23228e-05
   163 6.36063e-05 1.02594e-04 1.27907e-05 2.16833e-05
   164 6.19131e-05 1.00100e-04 1.24069e-05 2.10635e-05
   165 6.02503e-05 9.76061e-05 1.20356e-05 2.04626e-05
   166 5.86547e-05 9.51351e-05 1.16764e-05 1.98803e-05
   167 5.70189e-05 9.26475e-05 1.13291e-05 1.93165e-05
   168 5.55080e-05 9.03814e-05 1.09932e-05 1.87701e-05
   169 5.41024e-05 8.82839e-05 1.06679e-05 1.82400e-05
   170 5.25536e-05 8.59273e-05 1.03533e-05 1.77261e-05
   171 5.11569e-05 8.38029e-05 1.00492e-05 1.72284e-05
   172 4.97804e-05 8.17230e-05 9.75496e-06 1.67458e-05
   173 4.84916e-05 7.97376e-05 9.47013e-06 1.62779e-05
   174 4.72164e-05 7.77603e-05 9.19433e-06 1.58240e-05
   175 4.59464e-05 7.57789e-05 8.92741e-06 1.53841e-05
   176 4.47841e-05 7.40156e-05 8.66893e-06 1.49573e-05
   177 4.35945e-05 7.21830e-05 8.41858e-06 1.45432e-05
   178 4.24816e-05 7.04651e-05 8.17612e-06 1.41414e-05
   179 4.13310e-05 6.86821e-05 7.94137e-06 1.37517e-05
   180 4.02446e-05 6.69986e-05 7.71415e-06 1.33737e-05
   181 3.92331e-05 6.54137e-05 7.49400e-06 1.30070e-05
   182 3.82093e-05 6.38415e-05 7.28067e-06 1.26509e-05
   183 3.71951e-05 6.22557e-05 7.07410e-06 1.23054e-05
   184 3.62334e-05 6.07445e-05 6.87403e-06 1.19703e-05
   185 3.53238e-05 5.93402e-05 6.68012e-06 1.16449e-05
   186 3.44532e-05 5.79784e-05 6.49205e-06 1.13287e-05
   187 3.35252e-05 5.65065e-05 6.30982e-06 1.10218e-05
   188 3.27048e-05 5.51785e-05 6.13321e-06 1.07240e-05
   189 3.18633e-05 5.38402e-05 5.96195e-06 1.04348e-05
   190 3.10847e-05 5.26323e-05 5.79587e-06 1.01539e-05
   191 3.03037e-05 5.13834e-05 5.63475e-06 9.88088e-06
   192 2.95052e-05 5.01257e-05 5.47861e-06 9.61586e-06
   193 2.88012e-05 4.89983e-05 5.32717e-06 9.35840e-06
   194 2.80499e-05 4.78048e-05 5.18027e-06 9.10828e-06
   195 2.73791e-05 4.67268e-05 5.03779e-06 8.86528e-06
   196 2.66786e-05 4.56198e-05 4.89954e-06 8.62911e-06
   197 2.60019e-05 4.45256e-05 4.76550e-06 8.39974e-06
   198 2.53835e-05 4.35467e-05 4.63542e-06 8.17678e-06
   199 2.47596e-05 4.25291e-05 4.50912e-06 7.95997e-06
   200 2.41486e-05 4.15538e-05 4.38655e-06 7.74925e-06
   201 2.35390e-05 4.05709e-05 4.26763e-06 7.54446e-06
   202 2.29670e-05 3.96448e-05 4.15224e-06 7.34542e-06
   203 2.24214e-05 3.87734e-05 4.04017e-06 7.15180e-06
   204 2.18491e-05 3.78246e-05 3.93141e-06 6.96361e-06
   205 2.13200e-05 3.69805e-05 3.82586e-06 6.78072e-06
   206 2.07979e-05 3.61166e-05 3.72339e-06 6.60287e-06
   207 2.03099e-05 3.53191e-05 3.62386e-06 6.42992e-06
   208 1.98244e-05 3.45199e-05 3.52716e-06 6.26163e-06
   209 1.93359e-05 3.37156e-05 3.43325e-06 6.09801e-06
   210 1.88865e-05 3.29715e-05 3.34203e-06 5.93885e-06
   211 1.84312e-05 3.22044e-05 3.25340e-06 5.78405e-06
   212 1.79863e-05 3.14894e-05 3.16731e-06 5.63348e-06
   213 1.75532e-05 3.07927e-05 3.08369e-06 5.48694e-06
   214 1.71332e-05 3.00926e-05 3.00246e-06 5.34436e-06
   215 1.67393e-05 2.94338e-05 2.92351e-06 5.20561e-06
   216 1.63539e-05 2.87976e-05 2.84673e-06 5.07050e-06
   217 1.59600e-05 2.81301e-05 2.77210e-06 4.93904e-06
   218 1.55837e-05 2.75009e-05 2.69959e-06 4.81116e-06
   219 1.52221e-05 2.68921e-05 2.62910e-06 4.68669e-06
   220 1.48724e-05 2.63146e-05 2.56055e-06 4.56550e-06
   221 1.45157e-05 2.57166e-05 2.49392e-06 4.44752e-06
   222 1.41750e-05 2.51446e-05 2.42915e-06 4.33271e-06
   223 1.38480e-05 2.45848e-05 2.36618e-06 4.22096e-06
   224 1.35378e-05 2.40788e-05 2.30492e-06 4.11210e-06
   225 1.32203e-05 2.35310e-05 2.24533e-06 4.00607e-06
   226 1.29204e-05 2.30125e-05 2.18737e-06 3.90287e-06
   227 1.26232e-05 2.25207e-05 2.13098e-06 3.80236e-06
   228 1.23430e-05 2.20310e-05 2.07611e-06 3.70445e-06
   229 1.20522e-05 2.15445e-05 2.02274e-06 3.60910e-06
   230 1.17733e-05 2.10629e-05 1.97083e-06 3.51628e-06
   231 1.15134e-05 2.06181e-05 1.92032e-06 3.42587e-06
   232 1.12538e-05 2.01712e-05 1.87115e-06 3.33777e-06
   233 1.10096e-05 1.97515e-05 1.82327e-06 3.25192e-06
   234 1.07549e-05 1.93114e-05 1.77667e-06 3.16828e-06
   235 1.05132e-05 1.88912e-05 1.73132e-06 3.08682e-06
   236 1.02803e-05 1.84951e-05 1.68718e-06 3.00745e-06
   237 1.00570e-05 1.81069e-05 1.64418e-06 2.93007e-06
   238 9.83021e-06 1.77150e-05 1.60232e-06 2.85466e-06
   239 9.61638e-06 1.73415e-05 1.56155e-06 2.78117e-06
   240 9.40301e-06 1.69665e-05 1.52184e-06 2.70955e-06
   241 9.19917e-06 1.66208e-05 1.48317e-06 2.63972e-06
   242 8.99304e-06 1.62516e-05 1.44551e-06 2.57166e-06
   243 8.79458e-06 1.59052e-05 1.40883e-06 2.50536e-06
   244 8.60085e-06 1.55716e-05 1.37312e-06 2.44073e-06
   245 8.42229e-06 1.52475e-05 1.33830e-06 2.37771e-06
   246 8.23830e-06 1.49311e-05 1.30437e-06 2.31625e-06
   247 8.05658e-06 1.46068e-05 1.27132e-06 2.25633e-06
   248 7.88351e-06 1.43053e-05 1.23912e-06 2.19793e-06
   249 7.71786e-06 1.40160e-05 1.20773e-06 2.14095e-06
   250 7.55966e-06 1.37248e-05 1.17712e-06 2.08535e-06
   251 7.39285e-06 1.34398e-05 1.14727e-06 2.03114e-06
   252 7.24074e-06 1.31528e-05 1.11818e-06 1.97827e-06
   253 7.08481e-06 1.28858e-05 1.08981e-06 1.92671e-06
   254 6.93841e-06 1.26243e-05 1.06216e-06 1.87640e-06
   255 6.79129e-06 1.23520e-05 1.03518e-06 1.82733e-06
   256 6.64846e-06 1.20990e-05 1.00888e-06 1.77948e-06
   257 6.51487e-06 1.18519e-05 9.83224e-07 1.73279e-06
   258 6.37758e-06 1.16228e-05 9.58191e-07 1.68721e-06
   259 6.24825e-06 1.13722e-05 9.33771e-07 1.64274e-06
   260 6.11732e-06 1.11439e-05 9.09946e-07 1.59936e-06
   261 5.99224e-06 1.09161e-05 8.86704e-07 1.55702e-06
   262 5.87362e-06 1.06973e-05 8.64017e-07 1.51569e-06
   263 5.75069e-06 1.04831e-05 8.41876e-07 1.47535e-06
   264 5.63901e-06 1.02705e-05 8.20264e-07 1.43597e-06
   265 5.52207e-06 1.00633e-05 7.99166e-07 1.39753e-06
   266 5.41201e-06 9.85789e-06 7.78576e-07 1.36002e-06
   267 5.30733e-06 9.66487e-06 7.58465e-07 1.32339e-06
   268 5.19768e-06 9.46893e-06 7.38830e-07 1.28763e-06
   269 5.09553e-06 9.27465e-06 7.19663e-07 1.25273e-06
   270 4.99206e-06 9.09281e-06 7.00948e-07 1.21865e-06
   271 4.90107e-06 8.91661e-06 6.82662e-07 1.18536e-06
   272 4.80111e-06 8.73355e-06 6.64795e-07 1.15286e-06
   273 4.70862e-06 8.55943e-06 6.47347e-07 1.12113e-06
   274 4.61903e-06 8.39171e-06 6.30294e-07 1.09014e-06
   275 4.52734e-06 8.23095e-06 6.13635e-07 1.05986e-06
   276 4.44436e-06 8.06785e-06 5.97353e-07 1.03028e-06
   277 4.35460e-06 7.90745e-06 5.81442e-07 1.00140e-06
   278 4.27758e-06 7.75256e-06 5.65889e-07 9.73181e-07
   279 4.19840e-06 7.60505e-06 5.50672e-07 9.45609e-07
   280 4.11241e-06 7.45747e-06 5.35805e-07 9.18664e-07
   281 4.04350e-06 7.31076e-06 5.21267e-07 8.92341e-07
   282 3.96194e-06 7.17043e-06 5.07048e-07 8.66620e-07
   283 3.89908e-06 7.03601e-06 4.93135e-07 8.41476e-07
   284 3.82319e-06 6.90042e-06 4.79516e-07 8.16897e-07
   285 3.74928e-06 6.76552e-06 4.66208e-07 7.92881e-07
   286 3.69038e-06 6.63801e-06 4.53179e-07 7.69408e-07
   287 3.61469e-06 6.51102e-06 4.40431e-07 7.46461e-07
   288 3.55933e-06 6.39159e-06 4.27954e-07 7.24022e-07
   289 3.49307e-06 6.26798e-06 4.15732e-07 7.02082e-07
   290 3.43063e-06 6.14814e-06 4.03774e-07 6.80639e-07
   291 3.37682e-06 6.03402e-06 3.92058e-07 6.59672e-07
   292 3.30769e-06 5.92212e-06 3.80593e-07 6.39164e-07
   293 3.26065e-06 5.81234e-06 3.69365e-07 6.19106e-07
   294 3.20033e-06 5.70348e-06 3.58358e-07 5.99489e-07
   295 3.14699e-06 5.59828e-06 3.47582e-07 5.80301e-07
   296 3.09929e-06 5.49995e-06 3.37013e-07 5.61523e-07
   297 3.03818e-06 5.39329e-06 3.26664e-07 5.43154e-07
   298 2.99751e-06 5.29809e-06 3.16520e-07 5.25186e-07
   299 2.94294e-06 5.20106e-06 3.06570e-07 5.07599e-07
   300 2.89921e-06 5.10766e-06 2.96817e-07 4.90390e-07
   301 2.85542e-06 5.01741e-06 2.87242e-07 4.73543e-07
   302 2.80576e-06 4.92531e-06 2.77854e-07 4.57055e-07
   303 2.77003e-06 4.84003e-06 2.68637e-07 4.40914e-07
   304 2.71941e-06 4.75205e-06 2.59594e-07 4.25112e-07
   305 2.68093e-06 4.67215e-06 2.50727e-07 4.09638e-07
   306 2.63933e-06 4.58742e-06 2.42019e-07 3.94483e-07
   307 2.60099e-06 4.50890e-06 2.33471e-07 3.79644e-07
   308 2.57141e-06 4.43404e-06 2.25061e-07 3.65104e-07
   309 2.52211e-06 4.35547e-06 2.16806e-07 3.50858e-07
   310 2.49508e-06 4.28198e-06 2.08700e-07 3.36904e-07
   311 2.45434e-06 4.20762e-06 2.00730e-07 3.23234e-07
   312 2.42301e-06 4.13801e-06 1.92902e-07 3.09838e-07
   313 2.39263e-06 4.07176e-06 1.85197e-07 2.96703e-07
   314 2.36001e-06 4.00394e-06 1.77617e-07 2.83823e-07
   315 2.32798e-06 3.93723e-06 1.70164e-07 2.71198e-07
   316 2.29962e-06 3.87592e-06 1.62830e-07 2.58816e-07
   317 2.27102e-06 3.81562e-06 1.55609e-07 2.46666e-07
   318 2.24169e-06 3.75383e-06 1.48503e-07 2.34746e-07
   319 2.21697e-06 3.69717e-06 1.41504e-07 2.23049e-07
   320 2.19383e-06 3.64131e-06 1.34601e-07 2.11565e-07
   321 2.16699e-06 3.58609e-06 1.27798e-07 2.00290e-07
   322 2.14224e-06 3.53179e-06 1.21096e-07 1.89220e-07
   323 2.11858e-06 3.47973e-06 1.14490e-07 1.78350e-07
   324 2.10925e-06 3.43611e-06 1.07956e-07 1.67661e-07
   325 2.08437e-06 3.38524e-06 1.01494e-07 1.57150e-07
   326 2.06332e-06 3.33851e-06 9.51230e-08 1.46822e-07
   327 2.05047e-06 3.29597e-06 8.88231e-08 1.36662e-07
   328 2.02370e-06 3.24804e-06 8.26032e-08 1.26672e-07
   329 2.02030e-06 3.21436e-06 7.64479e-08 1.16835e-07
   330 1.99725e-06 3.17076e-06 7.03516e-08 1.07147e-07
   331 1.99272e-06 3.14013e-06 6.43154e-08 9.75992e-08
   332 1.98849e-06 3.11075e-06 5.83106e-08 8.81712e-08
   333 1.97282e-06 3.07405e-06 5.23537e-08 7.88708e-08
   334 1.97621e-06 3.05231e-06 4.64331e-08 6.96859e-08
   335 1.96058e-06 3.01953e-06 4.05485e-08 6.06098e-08
   336 1.97540e-06 3.00893e-06 3.46826e-08 5.16254e-08
   337 1.98450e-06 2.99652e-06 2.87986e-08 4.27021e-08
   338 1.97428e-06 2.97027e-06 2.29338e-08 3.38624e-08
   339 2.02215e-06 2.98856e-06 1.70310e-08 2.50608e-08
   340 2.05574e-06 3.00562e-06 1.10254e-08 1.62329e-08
   341 1.90552e-06 2.79588e-06 5.21147e-09 7.71763e-09
   342 1.65957e-06 2.48151e-06 0.00000e+00 0.00000e+00
