1.000000e-04 5.192140e-01 4.724522e-01 1.077156e-05 3.948614e-05 1.310917e-04 8.859242e-05 5.385781e-06 2.391706e-05 3.505334e-03 3.956422e-03 5.035331e-03 5.132642e-03 
1.140625e-04 5.193402e-01 4.724097e-01 1.399794e-05 5.122206e-05 1.702611e-04 1.152039e-04 6.998971e-06 3.109964e-05 3.999063e-03 4.511864e-03 5.742046e-03 5.854121e-03 
1.301025e-04 5.193313e-01 4.725296e-01 1.820582e-05 6.662828e-05 2.213526e-04 1.496930e-04 9.102910e-06 4.041365e-05 4.558189e-03 5.143896e-03 6.547024e-03 6.672663e-03 
1.483982e-04 5.193671e-01 4.725440e-01 2.367346e-05 8.664184e-05 2.877707e-04 1.945321e-04 1.183673e-05 5.252324e-05 5.197749e-03 5.864313e-03 7.462266e-03 7.611107e-03 
1.692667e-04 5.193007e-01 4.724431e-01 3.076929e-05 1.126704e-04 3.743818e-04 2.532107e-04 1.538465e-05 6.835478e-05 5.928574e-03 6.689070e-03 8.512757e-03 8.679524e-03 
1.930698e-04 5.193173e-01 4.724954e-01 4.001153e-05 1.463923e-04 4.864078e-04 3.288991e-04 2.000576e-05 8.880082e-05 6.758083e-03 7.625956e-03 9.704010e-03 9.895289e-03 
2.202202e-04 5.194893e-01 4.725146e-01 5.197967e-05 1.900850e-04 6.315447e-04 4.271246e-04 2.598983e-05 1.153180e-04 7.703039e-03 8.691961e-03 1.105732e-02 1.128140e-02 
2.511886e-04 5.193814e-01 4.725679e-01 6.754671e-05 2.470502e-04 8.207192e-04 5.550126e-04 3.377336e-05 1.498546e-04 8.782334e-03 9.909360e-03 1.261057e-02 1.285916e-02 
2.865120e-04 5.194510e-01 4.725365e-01 8.774524e-05 3.208110e-04 1.065499e-03 7.203403e-04 4.387262e-05 1.944987e-04 1.001136e-02 1.129228e-02 1.437435e-02 1.465296e-02 
3.268028e-04 5.195402e-01 4.726294e-01 1.139226e-04 4.161642e-04 1.383368e-03 9.359855e-04 5.696131e-05 2.527176e-04 1.140810e-02 1.287215e-02 1.637866e-02 1.670237e-02 
3.727594e-04 5.195752e-01 4.726867e-01 1.480551e-04 5.404475e-04 1.796311e-03 1.214890e-03 7.402753e-05 3.280732e-04 1.300275e-02 1.467032e-02 1.866944e-02 1.903437e-02 
4.251786e-04 5.196551e-01 4.727541e-01 1.920246e-04 7.004927e-04 2.328099e-03 1.574834e-03 9.601231e-05 4.253124e-04 1.481207e-02 1.670748e-02 2.126336e-02 2.168241e-02 
4.849693e-04 5.196788e-01 4.727279e-01 2.492166e-04 9.095057e-04 3.022652e-03 2.044292e-03 1.246083e-04 5.520672e-04 1.687307e-02 1.904059e-02 2.422846e-02 2.470336e-02 
5.531681e-04 5.196948e-01 4.727153e-01 3.230895e-04 1.177389e-03 3.915623e-03 2.650108e-03 1.615448e-04 7.156688e-04 1.922526e-02 2.168534e-02 2.759254e-02 2.814409e-02 
6.309573e-04 5.198260e-01 4.727868e-01 4.192037e-04 1.526479e-03 5.076475e-03 3.435598e-03 2.096019e-04 9.279306e-04 2.189560e-02 2.470813e-02 3.143741e-02 3.205498e-02 
7.196857e-04 5.199726e-01 4.729033e-01 5.430435e-04 1.972166e-03 6.559439e-03 4.439997e-03 2.715218e-04 1.199466e-03 2.492050e-02 2.811824e-02 3.577085e-02 3.648624e-02 
8.208914e-04 5.200156e-01 4.730235e-01 7.038805e-04 2.558658e-03 8.505489e-03 5.753880e-03 3.519402e-04 1.554471e-03 2.838091e-02 3.201403e-02 4.074025e-02 4.153984e-02 
9.363292e-04 5.201090e-01 4.730612e-01 9.099562e-04 3.296177e-03 1.096125e-02 7.417643e-03 4.549781e-04 2.004570e-03 3.227339e-02 3.641282e-02 4.633499e-02 4.723678e-02 
1.068000e-03 5.202884e-01 4.730694e-01 1.175598e-03 4.251442e-03 1.414303e-02 9.572762e-03 5.877989e-04 2.587333e-03 3.670687e-02 4.140642e-02 5.268305e-02 5.372085e-02 
1.218188e-03 5.204073e-01 4.731763e-01 1.519121e-03 5.479570e-03 1.824363e-02 1.235970e-02 7.595606e-04 3.340978e-03 4.174322e-02 4.709136e-02 5.990973e-02 6.109317e-02 
1.389495e-03 5.204888e-01 4.731340e-01 1.958431e-03 7.040582e-03 2.344846e-02 1.588765e-02 9.792156e-04 4.296214e-03 4.741898e-02 5.349785e-02 6.805643e-02 6.939538e-02 
1.584893e-03 5.207080e-01 4.734164e-01 2.523184e-03 9.034429e-03 3.009339e-02 2.039508e-02 1.261592e-03 5.517180e-03 5.384647e-02 6.074579e-02 7.728160e-02 7.879972e-02 
1.807769e-03 5.209970e-01 4.735884e-01 3.243792e-03 1.155255e-02 3.849343e-02 2.608626e-02 1.621896e-03 7.061031e-03 6.108934e-02 6.891054e-02 8.767074e-02 8.938749e-02 
2.061986e-03 5.212598e-01 4.737808e-01 4.159860e-03 1.474536e-02 4.913649e-02 3.331600e-02 2.079930e-03 9.022357e-03 6.922658e-02 7.809998e-02 9.935171e-02 1.012938e-01 
2.351953e-03 5.214449e-01 4.740626e-01 5.322007e-03 1.872699e-02 6.241806e-02 4.234374e-02 2.661004e-03 1.147614e-02 7.834417e-02 8.838369e-02 1.124382e-01 1.146342e-01 
2.682696e-03 5.219147e-01 4.744453e-01 6.778159e-03 2.364535e-02 7.886347e-02 5.352317e-02 3.389079e-03 1.451907e-02 8.848158e-02 9.980817e-02 1.269707e-01 1.294474e-01 
3.059950e-03 5.224776e-01 4.750477e-01 8.600990e-03 2.967315e-02 9.891665e-02 6.711560e-02 4.300495e-03 1.823146e-02 9.968413e-02 1.124934e-01 1.430788e-01 1.459054e-01 
3.490255e-03 5.232267e-01 4.759245e-01 1.085053e-02 3.691622e-02 1.230419e-01 8.348754e-02 5.425263e-03 2.271618e-02 1.119345e-01 1.264084e-01 1.607538e-01 1.638954e-01 
3.981072e-03 5.241806e-01 4.769029e-01 1.362195e-02 4.566660e-02 1.520931e-01 1.031859e-01 6.810976e-03 2.812948e-02 1.253924e-01 1.415855e-01 1.801053e-01 1.835968e-01 
4.540910e-03 5.252354e-01 4.782106e-01 1.698727e-02 5.592873e-02 1.861589e-01 1.262690e-01 8.493633e-03 3.450436e-02 1.398819e-01 1.581243e-01 2.011161e-01 2.049372e-01 
5.179475e-03 5.265334e-01 4.798265e-01 2.107549e-02 6.809194e-02 2.261311e-01 1.531392e-01 1.053774e-02 4.196552e-02 1.555631e-01 1.758549e-01 2.237808e-01 2.279611e-01 
5.907838e-03 5.282091e-01 4.817334e-01 2.593576e-02 8.202196e-02 2.717404e-01 1.837522e-01 1.296788e-02 5.051924e-02 1.720708e-01 1.948297e-01 2.479055e-01 2.523895e-01 
6.738627e-03 5.300288e-01 4.838791e-01 3.168760e-02 9.795264e-02 3.234491e-01 2.182505e-01 1.584380e-02 6.022722e-02 1.895681e-01 2.148599e-01 2.733950e-01 2.783546e-01 
7.686246e-03 5.320581e-01 4.864207e-01 3.846055e-02 1.160732e-01 3.817084e-01 2.568722e-01 1.923028e-02 7.118193e-02 2.078819e-01 2.360095e-01 3.004195e-01 3.055704e-01 
8.767124e-03 5.343426e-01 4.892582e-01 4.631221e-02 1.363526e-01 4.464345e-01 2.995472e-01 2.315611e-02 8.338354e-02 2.269242e-01 2.581134e-01 3.285456e-01 3.340638e-01 
1.000000e-02 5.366921e-01 4.924093e-01 5.539669e-02 1.589334e-01 5.171281e-01 3.454011e-01 2.769834e-02 9.666410e-02 2.465493e-01 2.809715e-01 3.579354e-01 3.633905e-01 
1.140625e-02 5.392355e-01 4.959534e-01 6.574851e-02 1.839466e-01 5.947980e-01 3.955603e-01 3.287426e-02 1.113120e-01 2.667135e-01 3.047328e-01 3.882079e-01 3.939592e-01 
1.301025e-02 5.419670e-01 4.996794e-01 7.755716e-02 2.113277e-01 6.786548e-01 4.489905e-01 3.877858e-02 1.271148e-01 2.874188e-01 3.291083e-01 4.196021e-01 4.251642e-01 
1.483982e-02 5.445647e-01 5.034402e-01 9.082610e-02 2.413572e-01 7.693327e-01 5.061246e-01 4.541305e-02 1.441966e-01 3.085730e-01 3.541119e-01 4.517154e-01 4.573314e-01 
1.692667e-02 5.474981e-01 5.074082e-01 1.057720e-01 2.738928e-01 8.663181e-01 5.666471e-01 5.288601e-02 1.625414e-01 3.301094e-01 3.797201e-01 4.845293e-01 4.902729e-01 
1.930698e-02 5.505527e-01 5.117165e-01 1.224451e-01 3.086997e-01 9.689407e-01 6.298109e-01 6.122254e-02 1.819903e-01 3.520705e-01 4.055922e-01 5.180779e-01 5.236632e-01 
2.202202e-02 5.534905e-01 5.160054e-01 1.408635e-01 3.462487e-01 1.077886e+00 6.960157e-01 7.043176e-02 2.026517e-01 3.742930e-01 4.318615e-01 5.521508e-01 5.576760e-01 
2.511886e-02 5.565892e-01 5.203437e-01 1.612492e-01 3.860849e-01 1.192875e+00 7.655205e-01 8.062461e-02 2.246342e-01 3.970298e-01 4.585737e-01 5.867672e-01 5.924869e-01 
2.865120e-02 5.595139e-01 5.248405e-01 1.837863e-01 4.288327e-01 1.313873e+00 8.372623e-01 9.189316e-02 2.477830e-01 4.202423e-01 4.854499e-01 6.220550e-01 6.278148e-01 
3.268028e-02 5.625949e-01 5.294938e-01 2.084289e-01 4.738932e-01 1.440181e+00 9.112750e-01 1.042144e-01 2.721151e-01 4.436965e-01 5.126121e-01 6.577138e-01 6.636555e-01 
3.727594e-02 5.656406e-01 5.340078e-01 2.354635e-01 5.222598e-01 1.574150e+00 9.887311e-01 1.177318e-01 2.979525e-01 4.679138e-01 5.401975e-01 6.941016e-01 7.005240e-01 
4.251786e-02 5.686484e-01 5.385445e-01 2.650845e-01 5.738044e-01 1.715383e+00 1.069394e+00 1.325422e-01 3.253383e-01 4.927695e-01 5.681234e-01 7.311435e-01 7.382761e-01 
4.849693e-02 5.719379e-01 5.431583e-01 2.976939e-01 6.288313e-01 1.864621e+00 1.153661e+00 1.488469e-01 3.544969e-01 5.184776e-01 5.963724e-01 7.685522e-01 7.772988e-01 
5.531681e-02 5.751635e-01 5.476858e-01 3.332835e-01 6.880139e-01 2.023694e+00 1.242055e+00 1.666418e-01 3.855575e-01 5.452811e-01 6.249606e-01 8.068035e-01 8.175851e-01 
6.309573e-02 5.784161e-01 5.521792e-01 3.722290e-01 7.512119e-01 2.191505e+00 1.333660e+00 1.861145e-01 4.184572e-01 5.733510e-01 6.534646e-01 8.453133e-01 8.593359e-01 
7.196857e-02 5.819310e-01 5.568186e-01 4.150491e-01 8.188754e-01 2.369571e+00 1.429972e+00 2.075245e-01 4.536577e-01 6.031560e-01 6.816534e-01 8.846294e-01 9.021877e-01 
8.208914e-02 5.858672e-01 5.617828e-01 4.622901e-01 8.909391e-01 2.557661e+00 1.530022e+00 2.311451e-01 4.912464e-01 6.344538e-01 7.096760e-01 9.244772e-01 9.462433e-01 
9.363292e-02 5.900870e-01 5.668174e-01 5.147947e-01 9.687938e-01 2.759804e+00 1.636867e+00 2.573973e-01 5.320935e-01 6.673288e-01 7.378464e-01 9.655834e-01 9.912885e-01 
1.068000e-01 5.946036e-01 5.720002e-01 5.733080e-01 1.054573e+00 2.979882e+00 1.750072e+00 2.866540e-01 5.764832e-01 7.025954e-01 7.661070e-01 1.008256e+00 1.038416e+00 
1.218188e-01 5.993027e-01 5.772335e-01 6.385173e-01 1.150595e+00 3.221835e+00 1.871315e+00 3.192586e-01 6.250004e-01 7.400099e-01 7.951860e-01 1.053304e+00 1.087715e+00 
1.389495e-01 6.039957e-01 5.825723e-01 7.112663e-01 1.256855e+00 3.488972e+00 2.004096e+00 3.556331e-01 6.787372e-01 7.799577e-01 8.252997e-01 1.101436e+00 1.139026e+00 
1.584893e-01 6.080731e-01 5.877456e-01 7.904677e-01 1.373441e+00 3.782450e+00 2.149023e+00 3.952338e-01 7.375293e-01 8.219956e-01 8.559739e-01 1.151410e+00 1.192535e+00 
1.807769e-01 6.116838e-01 5.921382e-01 8.756950e-01 1.497990e+00 4.095895e+00 2.304162e+00 4.378475e-01 8.007644e-01 8.660502e-01 8.872217e-01 1.203601e+00 1.247276e+00 
2.061986e-01 6.151827e-01 5.960661e-01 9.660089e-01 1.630005e+00 4.427449e+00 2.468312e+00 4.830044e-01 8.678575e-01 9.120246e-01 9.186331e-01 1.258400e+00 1.301987e+00 
2.351953e-01 6.183704e-01 6.001623e-01 1.059163e+00 1.767751e+00 4.768967e+00 2.634183e+00 5.295815e-01 9.363865e-01 9.592415e-01 9.487356e-01 1.315671e+00 1.354989e+00 
2.682696e-01 6.207584e-01 6.045155e-01 1.152794e+00 1.909650e+00 5.114100e+00 2.792470e+00 5.763971e-01 1.003998e+00 1.008042e+00 9.751877e-01 1.374444e+00 1.405044e+00 
3.059950e-01 6.230995e-01 6.086928e-01 1.243532e+00 2.047343e+00 5.442433e+00 2.935462e+00 6.217658e-01 1.067391e+00 1.057512e+00 9.956396e-01 1.431315e+00 1.450035e+00 
3.490255e-01 6.252830e-01 6.123538e-01 1.328098e+00 2.169486e+00 5.730335e+00 3.058344e+00 6.640492e-01 1.124198e+00 1.105043e+00 1.009260e+00 1.483185e+00 1.486826e+00 
3.981072e-01 6.275339e-01 6.154604e-01 1.403091e+00 2.274403e+00 5.980290e+00 3.170434e+00 7.015457e-01 1.175088e+00 1.148978e+00 1.018276e+00 1.530982e+00 1.515050e+00 
4.540910e-01 6.280731e-01 6.179746e-01 1.456355e+00 2.352791e+00 6.161936e+00 3.246489e+00 7.281775e-01 1.210806e+00 1.184457e+00 1.019933e+00 1.568835e+00 1.532096e+00 
5.179475e-01 6.271874e-01 6.201460e-01 1.487876e+00 2.411815e+00 6.281726e+00 3.279315e+00 7.439380e-01 1.229589e+00 1.209040e+00 1.017253e+00 1.598707e+00 1.538277e+00 
5.907838e-01 6.265043e-01 6.209656e-01 1.488616e+00 2.422295e+00 6.295027e+00 3.273798e+00 7.443078e-01 1.228271e+00 1.218019e+00 1.008058e+00 1.609697e+00 1.529825e+00 
6.738627e-01 6.239165e-01 6.182832e-01 1.442485e+00 2.365661e+00 6.165260e+00 3.222953e+00 7.212424e-01 1.199835e+00 1.203898e+00 9.932086e-01 1.595423e+00 1.503174e+00 
7.686246e-01 6.230714e-01 6.153299e-01 1.363012e+00 2.238270e+00 5.868792e+00 3.099240e+00 6.815062e-01 1.145017e+00 1.162223e+00 9.736079e-01 1.543241e+00 1.464621e+00 
8.767124e-01 6.222847e-01 6.106532e-01 1.260780e+00 2.068681e+00 5.457063e+00 2.908350e+00 6.303901e-01 1.068653e+00 1.090243e+00 9.561538e-01 1.459734e+00 1.416481e+00 
