1.000000e-04 5.220319e-01 4.715772e-01 1.078522e-05 3.675614e-05 1.281556e-04 9.006138e-05 5.392608e-06 2.428144e-05 3.541966e-03 3.923058e-03 5.022016e-03 5.087717e-03 
1.140625e-04 5.220406e-01 4.716003e-01 1.402484e-05 4.779034e-05 1.665932e-04 1.171091e-04 7.012418e-06 3.157456e-05 4.038659e-03 4.471887e-03 5.724204e-03 5.801127e-03 
1.301025e-04 5.220727e-01 4.717302e-01 1.824255e-05 6.218932e-05 2.167410e-04 1.523220e-04 9.121276e-06 4.106787e-05 4.604863e-03 5.100408e-03 6.530341e-03 6.613722e-03 
1.483982e-04 5.220893e-01 4.716905e-01 2.369628e-05 8.089090e-05 2.816919e-04 1.978068e-04 1.184814e-05 5.333405e-05 5.249311e-03 5.816054e-03 7.444861e-03 7.541498e-03 
1.692667e-04 5.221390e-01 4.717219e-01 3.080050e-05 1.048572e-04 3.653187e-04 2.566309e-04 1.540025e-05 6.920529e-05 5.984769e-03 6.626717e-03 8.483296e-03 8.596698e-03 
1.930698e-04 5.220189e-01 4.716294e-01 4.006138e-05 1.366762e-04 4.758821e-04 3.341451e-04 2.003069e-05 9.010213e-05 6.824875e-03 7.559905e-03 9.678767e-03 9.802980e-03 
2.202202e-04 5.222017e-01 4.717290e-01 5.204449e-05 1.772483e-04 6.178925e-04 4.342828e-04 2.602225e-05 1.170996e-04 7.780966e-03 8.618241e-03 1.103338e-02 1.117532e-02 
2.511886e-04 5.221740e-01 4.716392e-01 6.762907e-05 2.300711e-04 8.019684e-04 5.637108e-04 3.381453e-05 1.520120e-04 8.870217e-03 9.823633e-03 1.257457e-02 1.274131e-02 
2.865120e-04 5.222299e-01 4.717475e-01 8.792401e-05 2.993843e-04 1.042913e-03 7.327786e-04 4.396201e-05 1.976024e-04 1.011117e-02 1.119938e-02 1.433424e-02 1.452537e-02 
3.268028e-04 5.222968e-01 4.718254e-01 1.141731e-04 3.883223e-04 1.353449e-03 9.512073e-04 5.708657e-05 2.565210e-04 1.152539e-02 1.276384e-02 1.633646e-02 1.655609e-02 
3.727594e-04 5.222685e-01 4.718058e-01 1.481487e-04 5.041172e-04 1.757342e-03 1.235262e-03 7.407435e-05 3.331031e-04 1.313178e-02 1.454363e-02 1.861733e-02 1.886070e-02 
4.251786e-04 5.222980e-01 4.717944e-01 1.923093e-04 6.536748e-04 2.279570e-03 1.602566e-03 9.615463e-05 4.321785e-04 1.496615e-02 1.657246e-02 2.121760e-02 2.149060e-02 
4.849693e-04 5.223729e-01 4.718244e-01 2.497807e-04 8.489032e-04 2.959237e-03 2.079736e-03 1.248903e-04 5.609038e-04 1.705015e-02 1.889095e-02 2.417285e-02 2.449794e-02 
5.531681e-04 5.224511e-01 4.718598e-01 3.239566e-04 1.099331e-03 3.833435e-03 2.695703e-03 1.619783e-04 7.270641e-04 1.941679e-02 2.151002e-02 2.752998e-02 2.788980e-02 
6.309573e-04 5.225869e-01 4.720283e-01 4.197151e-04 1.424049e-03 4.965379e-03 3.491048e-03 2.098575e-04 9.416769e-04 2.211264e-02 2.449113e-02 3.133823e-02 3.176849e-02 
7.196857e-04 5.225249e-01 4.719026e-01 5.442051e-04 1.843529e-03 6.428167e-03 4.519891e-03 2.721026e-04 1.219311e-03 2.518407e-02 2.788633e-02 3.569258e-02 3.616893e-02 
8.208914e-04 5.226483e-01 4.721113e-01 7.051460e-04 2.386540e-03 8.322357e-03 5.853233e-03 3.525730e-04 1.579169e-03 2.867170e-02 3.174681e-02 4.063939e-02 4.117361e-02 
9.363292e-04 5.228186e-01 4.721190e-01 9.120284e-04 3.078676e-03 1.074428e-02 7.561105e-03 4.560142e-04 2.040230e-03 3.261155e-02 3.611514e-02 4.622651e-02 4.682498e-02 
1.068000e-03 5.229795e-01 4.721508e-01 1.180404e-03 3.978529e-03 1.389328e-02 9.779170e-03 5.902020e-04 2.639052e-03 3.711295e-02 4.109718e-02 5.259112e-02 5.329372e-02 
1.218188e-03 5.230362e-01 4.722465e-01 1.523308e-03 5.123142e-03 1.789575e-02 1.260091e-02 7.616539e-04 3.401076e-03 4.219443e-02 4.671416e-02 5.978372e-02 6.058054e-02 
1.389495e-03 5.231051e-01 4.722779e-01 1.965956e-03 6.588821e-03 2.302264e-02 1.621349e-02 9.829782e-04 4.377728e-03 4.795320e-02 5.309141e-02 6.794587e-02 6.884880e-02 
1.584893e-03 5.233205e-01 4.723852e-01 2.531120e-03 8.460229e-03 2.957335e-02 2.083747e-02 1.265560e-03 5.627183e-03 5.444457e-02 6.027877e-02 7.712831e-02 7.816941e-02 
1.807769e-03 5.235442e-01 4.725841e-01 3.258430e-03 1.083727e-02 3.787167e-02 2.667518e-02 1.629215e-03 7.208310e-03 6.178511e-02 6.841201e-02 8.751510e-02 8.873373e-02 
2.061986e-03 5.237036e-01 4.726761e-01 4.179546e-03 1.382392e-02 4.835897e-02 3.409316e-02 2.089773e-03 9.216923e-03 7.003909e-02 7.754701e-02 9.922710e-02 1.005439e-01 
2.351953e-03 5.240148e-01 4.730211e-01 5.350530e-03 1.759581e-02 6.155192e-02 4.340446e-02 2.675265e-03 1.174157e-02 7.928722e-02 8.779884e-02 1.123315e-01 1.138292e-01 
2.682696e-03 5.243909e-01 4.734233e-01 6.816035e-03 2.222899e-02 7.774623e-02 5.481535e-02 3.408017e-03 1.484354e-02 8.952727e-02 9.914471e-02 1.268127e-01 1.285875e-01 
3.059950e-03 5.249087e-01 4.740622e-01 8.652845e-03 2.794495e-02 9.765975e-02 6.883243e-02 4.326422e-03 1.866243e-02 1.008991e-01 1.117544e-01 1.429610e-01 1.449219e-01 
3.490255e-03 5.256653e-01 4.748763e-01 1.092935e-02 3.487862e-02 1.218360e-01 8.587243e-02 5.464676e-03 2.331584e-02 1.133759e-01 1.256343e-01 1.606729e-01 1.629220e-01 
3.981072e-03 5.263364e-01 4.756982e-01 1.373291e-02 4.324202e-02 1.508383e-01 1.062378e-01 6.866457e-03 2.889889e-02 1.270679e-01 1.408240e-01 1.801555e-01 1.826177e-01 
4.540910e-03 5.274878e-01 4.769968e-01 1.713819e-02 5.311233e-02 1.848837e-01 1.300650e-01 8.569094e-03 3.546143e-02 1.418072e-01 1.572360e-01 2.011386e-01 2.039301e-01 
5.179475e-03 5.288255e-01 4.786623e-01 2.126318e-02 6.474905e-02 2.248936e-01 1.580353e-01 1.063159e-02 4.319902e-02 1.577040e-01 1.749525e-01 2.237863e-01 2.269522e-01 
5.907838e-03 5.301479e-01 4.803374e-01 2.618308e-02 7.829885e-02 2.707440e-01 1.897161e-01 1.309154e-02 5.202149e-02 1.745818e-01 1.938071e-01 2.479557e-01 2.514914e-01 
6.738627e-03 5.318589e-01 4.825168e-01 3.199801e-02 9.380586e-02 3.229654e-01 2.257058e-01 1.599901e-02 6.210289e-02 1.924114e-01 2.138496e-01 2.736054e-01 2.775157e-01 
7.686246e-03 5.338052e-01 4.850594e-01 3.884716e-02 1.114683e-01 3.816569e-01 2.658285e-01 1.942358e-02 7.343929e-02 2.111284e-01 2.348601e-01 3.005958e-01 3.048882e-01 
8.767124e-03 5.359074e-01 4.878781e-01 4.674941e-02 1.312255e-01 4.462826e-01 3.094738e-01 2.337470e-02 8.588250e-02 2.304135e-01 2.567496e-01 3.285547e-01 3.334132e-01 
1.000000e-02 5.381161e-01 4.908885e-01 5.591016e-02 1.534356e-01 5.179391e-01 3.573935e-01 2.795508e-02 9.966961e-02 2.505286e-01 2.795588e-01 3.578503e-01 3.631870e-01 
1.140625e-02 5.407451e-01 4.943268e-01 6.634345e-02 1.778228e-01 5.954663e-01 4.087221e-01 3.317172e-02 1.146031e-01 2.711385e-01 3.029053e-01 3.877683e-01 3.938748e-01 
1.301025e-02 5.433382e-01 4.979452e-01 7.817630e-02 2.046283e-01 6.792565e-01 4.634709e-01 3.908815e-02 1.307154e-01 2.920756e-01 3.270196e-01 4.186611e-01 4.253541e-01 
1.483982e-02 5.460012e-01 5.017532e-01 9.145909e-02 2.339050e-01 7.689998e-01 5.210412e-01 4.572954e-02 1.478949e-01 3.135003e-01 3.515299e-01 4.500838e-01 4.577689e-01 
1.692667e-02 5.488163e-01 5.057006e-01 1.063204e-01 2.655752e-01 8.644196e-01 5.814709e-01 5.316019e-02 1.661713e-01 3.352481e-01 3.764431e-01 4.820087e-01 4.908991e-01 
1.930698e-02 5.516976e-01 5.098765e-01 1.228461e-01 2.996281e-01 9.652633e-01 6.442531e-01 6.142307e-02 1.854597e-01 3.573453e-01 4.016033e-01 5.145632e-01 5.244817e-01 
2.202202e-02 5.544832e-01 5.141041e-01 1.412075e-01 3.363958e-01 1.072987e+00 7.106647e-01 7.060375e-02 2.061070e-01 3.799186e-01 4.272899e-01 5.476179e-01 5.591348e-01 
2.511886e-02 5.573403e-01 5.184673e-01 1.614160e-01 3.754504e-01 1.185673e+00 7.788579e-01 8.070800e-02 2.277220e-01 4.027918e-01 4.531809e-01 5.813399e-01 5.940255e-01 
2.865120e-02 5.601177e-01 5.226179e-01 1.837307e-01 4.174087e-01 1.305685e+00 8.509727e-01 9.186535e-02 2.508505e-01 4.263416e-01 4.794967e-01 6.156511e-01 6.298600e-01 
3.268028e-02 5.629430e-01 5.269917e-01 2.083003e-01 4.621919e-01 1.432080e+00 9.259580e-01 1.041502e-01 2.753077e-01 4.504027e-01 5.061060e-01 6.502942e-01 6.666695e-01 
3.727594e-02 5.659970e-01 5.313207e-01 2.353890e-01 5.102072e-01 1.565931e+00 1.004334e+00 1.176945e-01 3.013126e-01 4.751652e-01 5.332549e-01 6.858360e-01 7.043566e-01 
4.251786e-02 5.691599e-01 5.357517e-01 2.654267e-01 5.621127e-01 1.708710e+00 1.086798e+00 1.327134e-01 3.291476e-01 5.007164e-01 5.610349e-01 7.223470e-01 7.431243e-01 
4.849693e-02 5.726278e-01 5.403480e-01 2.984153e-01 6.177454e-01 1.860731e+00 1.173701e+00 1.492076e-01 3.589287e-01 5.269776e-01 5.893501e-01 7.597782e-01 7.827769e-01 
5.531681e-02 5.759299e-01 5.450860e-01 3.346454e-01 6.777606e-01 2.022042e+00 1.263677e+00 1.673227e-01 3.904915e-01 5.541516e-01 6.177661e-01 7.975344e-01 8.238309e-01 
6.309573e-02 5.799563e-01 5.496187e-01 3.747136e-01 7.420479e-01 2.194784e+00 1.360125e+00 1.873568e-01 4.247422e-01 5.824279e-01 6.467866e-01 8.361199e-01 8.659089e-01 
7.196857e-02 5.840172e-01 5.543278e-01 4.189968e-01 8.125261e-01 2.381905e+00 1.462527e+00 2.094984e-01 4.617425e-01 6.120726e-01 6.766172e-01 8.757486e-01 9.101492e-01 
8.208914e-02 5.880851e-01 5.589001e-01 4.684299e-01 8.902211e-01 2.586650e+00 1.573296e+00 2.342150e-01 5.023323e-01 6.432091e-01 7.077993e-01 9.174167e-01 9.563323e-01 
9.363292e-02 5.920970e-01 5.637751e-01 5.232920e-01 9.755317e-01 2.808023e+00 1.690264e+00 2.616460e-01 5.461538e-01 6.757058e-01 7.400084e-01 9.605456e-01 1.004770e+00 
1.068000e-01 5.958905e-01 5.685371e-01 5.835442e-01 1.067780e+00 3.044170e+00 1.812382e+00 2.917721e-01 5.929965e-01 7.094505e-01 7.727345e-01 1.005239e+00 1.054394e+00 
1.218188e-01 5.999703e-01 5.731061e-01 6.498572e-01 1.166647e+00 3.297036e+00 1.942263e+00 3.249286e-01 6.437499e-01 7.449405e-01 8.059125e-01 1.051620e+00 1.105195e+00 
1.389495e-01 6.039294e-01 5.779919e-01 7.224523e-01 1.273470e+00 3.567796e+00 2.079328e+00 3.612262e-01 6.984134e-01 7.821801e-01 8.393089e-01 1.100258e+00 1.156818e+00 
1.584893e-01 6.081612e-01 5.829604e-01 7.995225e-01 1.386010e+00 3.851199e+00 2.220307e+00 3.997612e-01 7.557367e-01 8.208698e-01 8.715559e-01 1.150188e+00 1.207691e+00 
1.807769e-01 6.122811e-01 5.875213e-01 8.811368e-01 1.506175e+00 4.153855e+00 2.371228e+00 4.405684e-01 8.169107e-01 8.615954e-01 9.030919e-01 1.201944e+00 1.258431e+00 
2.061986e-01 6.156275e-01 5.919320e-01 9.661342e-01 1.633793e+00 4.471860e+00 2.526582e+00 4.830671e-01 8.804408e-01 9.036518e-01 9.336493e-01 1.255506e+00 1.308426e+00 
2.351953e-01 6.179304e-01 5.964386e-01 1.053114e+00 1.768084e+00 4.798652e+00 2.677875e+00 5.265571e-01 9.439357e-01 9.458521e-01 9.629638e-01 1.310862e+00 1.356815e+00 
2.682696e-01 6.189167e-01 6.006283e-01 1.141444e+00 1.906020e+00 5.130617e+00 2.825962e+00 5.707220e-01 1.007346e+00 9.869286e-01 9.918041e-01 1.366448e+00 1.403829e+00 
3.059950e-01 6.195399e-01 6.047698e-01 1.228319e+00 2.042357e+00 5.450170e+00 2.961012e+00 6.141594e-01 1.067425e+00 1.026286e+00 1.018354e+00 1.422072e+00 1.446063e+00 
3.490255e-01 6.200625e-01 6.086482e-01 1.308377e+00 2.164541e+00 5.731131e+00 3.073792e+00 6.541884e-01 1.120583e+00 1.062144e+00 1.040396e+00 1.475095e+00 1.479233e+00 
3.981072e-01 6.213615e-01 6.125118e-01 1.381165e+00 2.272707e+00 5.978553e+00 3.169187e+00 6.905823e-01 1.167962e+00 1.091326e+00 1.061957e+00 1.523758e+00 1.506154e+00 
4.540910e-01 6.225804e-01 6.145885e-01 1.439709e+00 2.354113e+00 6.175453e+00 3.256093e+00 7.198543e-01 1.207796e+00 1.113158e+00 1.081196e+00 1.565210e+00 1.523736e+00 
5.179475e-01 6.240110e-01 6.158289e-01 1.483401e+00 2.412644e+00 6.316845e+00 3.319098e+00 7.417007e-01 1.237267e+00 1.125063e+00 1.098578e+00 1.600412e+00 1.529857e+00 
5.907838e-01 6.252722e-01 6.180448e-01 1.503372e+00 2.440417e+00 6.378234e+00 3.342026e+00 7.516858e-01 1.249268e+00 1.124694e+00 1.109324e+00 1.619246e+00 1.526838e+00 
6.738627e-01 6.277911e-01 6.174379e-01 1.482297e+00 2.396847e+00 6.279199e+00 3.305692e+00 7.411484e-01 1.233777e+00 1.110312e+00 1.105102e+00 1.605835e+00 1.509923e+00 
7.686246e-01 6.291635e-01 6.157386e-01 1.412103e+00 2.276110e+00 5.982706e+00 3.168312e+00 7.060514e-01 1.179054e+00 1.076585e+00 1.079884e+00 1.555150e+00 1.473697e+00 
8.767124e-01 6.236803e-01 6.092980e-01 1.281172e+00 2.084719e+00 5.520337e+00 2.956064e+00 6.405861e-01 1.086967e+00 1.023627e+00 1.029755e+00 1.462822e+00 1.418527e+00 
