1.000000e-04 5.413112e-01 4.835238e-01 9.629100e-06 2.881718e-05 1.010284e-04 7.121303e-05 4.814550e-06 1.945828e-05 3.266537e-03 3.529425e-03 4.555482e-03 4.610335e-03 
1.140625e-04 5.413049e-01 4.834495e-01 1.254539e-05 3.759118e-05 1.316907e-04 9.282445e-05 6.272696e-06 2.536113e-05 3.727565e-03 4.027854e-03 5.198023e-03 5.261923e-03 
1.301025e-04 5.413392e-01 4.834881e-01 1.629315e-05 4.873866e-05 1.707162e-04 1.202670e-04 8.146577e-06 3.286834e-05 4.248970e-03 4.589064e-03 5.925155e-03 5.995428e-03 
1.483982e-04 5.413259e-01 4.835405e-01 2.118950e-05 6.344883e-05 2.223168e-04 1.566594e-04 1.059475e-05 4.280776e-05 4.844632e-03 5.233703e-03 6.756302e-03 6.836944e-03 
1.692667e-04 5.414793e-01 4.836012e-01 2.754846e-05 8.245919e-05 2.887314e-04 2.033980e-04 1.377423e-05 5.558553e-05 5.523285e-03 5.966883e-03 7.701131e-03 7.796415e-03 
1.930698e-04 5.413591e-01 4.835859e-01 3.579585e-05 1.069223e-04 3.746237e-04 2.640172e-04 1.789793e-05 7.216055e-05 6.298053e-03 6.799438e-03 8.779806e-03 8.885770e-03 
2.202202e-04 5.413515e-01 4.835898e-01 4.657334e-05 1.391305e-04 4.875191e-04 3.435823e-04 2.328667e-05 9.390729e-05 7.181756e-03 7.757533e-03 1.001380e-02 1.013584e-02 
2.511886e-04 5.414372e-01 4.835463e-01 6.052991e-05 1.810271e-04 6.339604e-04 4.465717e-04 3.026496e-05 1.220524e-04 8.188380e-03 8.845847e-03 1.141668e-02 1.155862e-02 
2.865120e-04 5.414545e-01 4.835894e-01 7.863893e-05 2.348890e-04 8.233475e-04 5.803509e-04 3.931947e-05 1.586141e-04 9.333767e-03 1.008122e-02 1.301231e-02 1.317235e-02 
3.268028e-04 5.414058e-01 4.835477e-01 1.020795e-04 3.046486e-04 1.067688e-03 7.524723e-04 5.103977e-05 2.056771e-04 1.063578e-02 1.148895e-02 1.482576e-02 1.501415e-02 
3.727594e-04 5.416003e-01 4.837298e-01 1.325176e-04 3.953500e-04 1.386319e-03 9.773683e-04 6.625878e-05 2.671406e-04 1.212370e-02 1.309240e-02 1.690351e-02 1.710395e-02 
4.251786e-04 5.415305e-01 4.837187e-01 1.723156e-04 5.141650e-04 1.800982e-03 1.268650e-03 8.615779e-05 3.468260e-04 1.381504e-02 1.492301e-02 1.926422e-02 1.949686e-02 
4.849693e-04 5.417076e-01 4.837836e-01 2.235099e-04 6.659132e-04 2.333583e-03 1.644806e-03 1.117549e-04 4.496976e-04 1.573967e-02 1.700047e-02 2.194253e-02 2.221412e-02 
5.531681e-04 5.417523e-01 4.838676e-01 2.901478e-04 8.641340e-04 3.029213e-03 2.135158e-03 1.450739e-04 5.837792e-04 1.792992e-02 1.937052e-02 2.499356e-02 2.531269e-02 
6.309573e-04 5.417261e-01 4.839656e-01 3.764166e-04 1.119075e-03 3.922428e-03 2.765062e-03 1.882083e-04 7.561713e-04 2.042586e-02 2.206204e-02 2.846968e-02 2.883615e-02 
7.196857e-04 5.416723e-01 4.838459e-01 4.881475e-04 1.450381e-03 5.086110e-03 3.586265e-03 2.440737e-04 9.807207e-04 2.327017e-02 2.512932e-02 3.242733e-02 3.284696e-02 
8.208914e-04 5.419544e-01 4.840198e-01 6.324055e-04 1.878952e-03 6.585987e-03 4.642907e-03 3.162028e-04 1.269772e-03 2.649201e-02 2.860823e-02 3.691391e-02 3.739721e-02 
9.363292e-04 5.420111e-01 4.839752e-01 8.192773e-04 2.428999e-03 8.513852e-03 6.002431e-03 4.096387e-04 1.642011e-03 3.015063e-02 3.256594e-02 4.202507e-02 4.255690e-02 
1.068000e-03 5.420214e-01 4.840807e-01 1.060318e-03 3.137352e-03 1.100210e-02 7.758968e-03 5.301589e-04 2.122963e-03 3.430306e-02 3.705163e-02 4.779613e-02 4.843454e-02 
1.218188e-03 5.422491e-01 4.842809e-01 1.371459e-03 4.051309e-03 1.419246e-02 1.000249e-02 6.857296e-04 2.737867e-03 3.900824e-02 4.214343e-02 5.437122e-02 5.507904e-02 
1.389495e-03 5.423468e-01 4.843420e-01 1.772088e-03 5.215255e-03 1.828427e-02 1.289352e-02 8.860438e-04 3.530385e-03 4.435389e-02 4.791326e-02 6.179356e-02 6.263959e-02 
1.584893e-03 5.424781e-01 4.845453e-01 2.284846e-03 6.704961e-03 2.349899e-02 1.656825e-02 1.142423e-03 4.538475e-03 5.039109e-02 5.442682e-02 7.020629e-02 7.116416e-02 
1.807769e-03 5.426598e-01 4.847327e-01 2.943925e-03 8.609621e-03 3.017012e-02 2.127087e-02 1.471963e-03 5.829530e-03 5.721041e-02 6.179593e-02 7.969977e-02 8.080966e-02 
2.061986e-03 5.429873e-01 4.849490e-01 3.785846e-03 1.101994e-02 3.860437e-02 2.721368e-02 1.892923e-03 7.463193e-03 6.488553e-02 7.009839e-02 9.038673e-02 9.167421e-02 
2.351953e-03 5.432612e-01 4.852585e-01 4.852504e-03 1.401354e-02 4.911030e-02 3.463699e-02 2.426252e-03 9.507714e-03 7.348353e-02 7.938345e-02 1.023457e-01 1.038433e-01 
2.682696e-03 5.435479e-01 4.857983e-01 6.203182e-03 1.780996e-02 6.232249e-02 4.391248e-02 3.101591e-03 1.206716e-02 8.307884e-02 8.976920e-02 1.156989e-01 1.174876e-01 
3.059950e-03 5.440516e-01 4.863835e-01 7.892073e-03 2.244921e-02 7.850150e-02 5.529396e-02 3.946037e-03 1.521537e-02 9.371781e-02 1.012694e-01 1.305089e-01 1.325835e-01 
3.490255e-03 5.445876e-01 4.872005e-01 9.999369e-03 2.812628e-02 9.819548e-02 6.911264e-02 4.999685e-03 1.905271e-02 1.054352e-01 1.139604e-01 1.468835e-01 1.492167e-01 
3.981072e-03 5.454699e-01 4.882183e-01 1.260467e-02 3.502159e-02 1.220040e-01 8.576680e-02 6.302333e-03 2.369310e-02 1.182764e-01 1.279137e-01 1.647437e-01 1.676172e-01 
4.540910e-03 5.464036e-01 4.894910e-01 1.578942e-02 4.326009e-02 1.502921e-01 1.054836e-01 7.894711e-03 2.921458e-02 1.322272e-01 1.430611e-01 1.841850e-01 1.876207e-01 
5.179475e-03 5.475730e-01 4.910894e-01 1.966034e-02 5.304913e-02 1.836474e-01 1.286072e-01 9.830172e-03 3.572445e-02 1.472887e-01 1.594617e-01 2.052593e-01 2.092370e-01 
5.907838e-03 5.488390e-01 4.928658e-01 2.429761e-02 6.446573e-02 2.221807e-01 1.551843e-01 1.214880e-02 4.325907e-02 1.633474e-01 1.769957e-01 2.277437e-01 2.324410e-01 
6.738627e-03 5.504748e-01 4.950108e-01 2.982151e-02 7.774335e-02 2.664805e-01 1.854977e-01 1.491075e-02 5.191062e-02 1.804010e-01 1.956745e-01 2.516168e-01 2.572529e-01 
7.686246e-03 5.522213e-01 4.976174e-01 3.635814e-02 9.297470e-02 3.167451e-01 2.195889e-01 1.817907e-02 6.172969e-02 1.983485e-01 2.154348e-01 2.768830e-01 2.835051e-01 
8.767124e-03 5.539614e-01 5.003837e-01 4.392699e-02 1.101796e-01 3.724412e-01 2.568890e-01 2.196350e-02 7.258241e-02 2.169427e-01 2.359689e-01 3.031900e-01 3.108884e-01 
1.000000e-02 5.560949e-01 5.034788e-01 5.274108e-02 1.298220e-01 4.352668e-01 2.985163e-01 2.637054e-02 8.480180e-02 2.363633e-01 2.576352e-01 3.307165e-01 3.398651e-01 
1.140625e-02 5.582251e-01 5.069003e-01 6.277436e-02 1.514892e-01 5.035172e-01 3.432764e-01 3.138718e-02 9.808856e-02 2.562501e-01 2.799143e-01 3.590723e-01 3.696914e-01 
1.301025e-02 5.606167e-01 5.105596e-01 7.426568e-02 1.758073e-01 5.785798e-01 3.916676e-01 3.713284e-02 1.126372e-01 2.766681e-01 3.030465e-01 3.884881e-01 4.006139e-01 
1.483982e-02 5.629721e-01 5.143919e-01 8.729594e-02 2.027830e-01 6.606948e-01 4.439831e-01 4.364797e-02 1.285369e-01 2.976036e-01 3.270773e-01 4.187774e-01 4.328209e-01 
1.692667e-02 5.653808e-01 5.185590e-01 1.018577e-01 2.321792e-01 7.484178e-01 4.989139e-01 5.092886e-02 1.454897e-01 3.188284e-01 3.515100e-01 4.496609e-01 4.656829e-01 
1.930698e-02 5.677055e-01 5.225200e-01 1.182168e-01 2.648769e-01 8.445934e-01 5.583010e-01 5.910842e-02 1.640008e-01 3.405596e-01 3.770587e-01 4.816500e-01 4.998972e-01 
2.202202e-02 5.700001e-01 5.267691e-01 1.364773e-01 3.005204e-01 9.478638e-01 6.209779e-01 6.823867e-02 1.838362e-01 3.627215e-01 4.032029e-01 5.143866e-01 5.351122e-01 
2.511886e-02 5.721555e-01 5.311072e-01 1.567678e-01 3.396655e-01 1.059306e+00 6.873633e-01 7.838388e-02 2.051435e-01 3.851625e-01 4.303527e-01 5.479714e-01 5.715227e-01 
2.865120e-02 5.742028e-01 5.353010e-01 1.792225e-01 3.823796e-01 1.179609e+00 7.580276e-01 8.961124e-02 2.281107e-01 4.080853e-01 4.584643e-01 5.825749e-01 6.091661e-01 
3.268028e-02 5.762188e-01 5.395499e-01 2.041192e-01 4.293060e-01 1.309854e+00 8.332455e-01 1.020596e-01 2.528525e-01 4.313953e-01 4.877252e-01 6.182444e-01 6.482098e-01 
3.727594e-02 5.779745e-01 5.436534e-01 2.318404e-01 4.809912e-01 1.451945e+00 9.142355e-01 1.159202e-01 2.798296e-01 4.553761e-01 5.183287e-01 6.552809e-01 6.889204e-01 
4.251786e-02 5.796084e-01 5.479219e-01 2.624141e-01 5.371532e-01 1.604558e+00 1.000051e+00 1.312070e-01 3.087964e-01 4.798555e-01 5.499997e-01 6.937278e-01 7.307220e-01 
4.849693e-02 5.811531e-01 5.522546e-01 2.961946e-01 5.991808e-01 1.770974e+00 1.091976e+00 1.480973e-01 3.401881e-01 5.047340e-01 5.833115e-01 7.339806e-01 7.739738e-01 
5.531681e-02 5.824482e-01 5.563725e-01 3.335609e-01 6.675433e-01 1.951867e+00 1.190190e+00 1.667804e-01 3.741732e-01 5.302736e-01 6.180372e-01 7.759736e-01 8.187214e-01 
6.309573e-02 5.838017e-01 5.604597e-01 3.749759e-01 7.426012e-01 2.147963e+00 1.294971e+00 1.874880e-01 4.109226e-01 5.562592e-01 6.546444e-01 8.201452e-01 8.647863e-01 
7.196857e-02 5.848209e-01 5.645238e-01 4.212030e-01 8.265759e-01 2.364483e+00 1.408053e+00 2.106015e-01 4.511303e-01 5.831009e-01 6.936365e-01 8.672603e-01 9.130972e-01 
8.208914e-02 5.856847e-01 5.684205e-01 4.721607e-01 9.198045e-01 2.601152e+00 1.528474e+00 2.360804e-01 4.945083e-01 6.105164e-01 7.348345e-01 9.166927e-01 9.635628e-01 
9.363292e-02 5.860533e-01 5.721226e-01 5.287205e-01 1.024221e+00 2.862099e+00 1.657486e+00 2.643602e-01 5.416693e-01 6.389252e-01 7.784914e-01 9.692956e-01 1.016587e+00 
1.068000e-01 5.862780e-01 5.758916e-01 5.907333e-01 1.140166e+00 3.149968e+00 1.796772e+00 2.953667e-01 5.930743e-01 6.680631e-01 8.245904e-01 1.024775e+00 1.071880e+00 
1.218188e-01 5.868441e-01 5.802536e-01 6.591209e-01 1.268603e+00 3.466857e+00 1.947212e+00 3.295604e-01 6.491833e-01 6.980473e-01 8.729988e-01 1.082777e+00 1.129745e+00 
1.389495e-01 5.874310e-01 5.844578e-01 7.338082e-01 1.409636e+00 3.812319e+00 2.109915e+00 3.669041e-01 7.099823e-01 7.290826e-01 9.233756e-01 1.143734e+00 1.189316e+00 
1.584893e-01 5.879020e-01 5.882691e-01 8.146647e-01 1.562702e+00 4.186143e+00 2.284699e+00 4.073324e-01 7.755532e-01 7.603762e-01 9.759106e-01 1.207386e+00 1.249796e+00 
1.807769e-01 5.877485e-01 5.917891e-01 9.003184e-01 1.727296e+00 4.583311e+00 2.464839e+00 4.501592e-01 8.440315e-01 7.913861e-01 1.029498e+00 1.273320e+00 1.310133e+00 
2.061986e-01 5.862723e-01 5.943139e-01 9.888336e-01 1.900684e+00 5.001889e+00 2.653629e+00 4.944168e-01 9.156169e-01 8.224358e-01 1.083460e+00 1.341052e+00 1.369695e+00 
2.351953e-01 5.843614e-01 5.966265e-01 1.080501e+00 2.079096e+00 5.430094e+00 2.843366e+00 5.402504e-01 9.886482e-01 8.529449e-01 1.137076e+00 1.409694e+00 1.427480e+00 
2.682696e-01 5.833048e-01 5.999188e-01 1.173500e+00 2.253217e+00 5.837736e+00 3.011296e+00 5.867502e-01 1.057820e+00 8.814385e-01 1.187429e+00 1.476749e+00 1.479871e+00 
3.059950e-01 5.839568e-01 6.043782e-01 1.264571e+00 2.411828e+00 6.203608e+00 3.155618e+00 6.322855e-01 1.121613e+00 9.072197e-01 1.231814e+00 1.536857e+00 1.525975e+00 
3.490255e-01 5.863626e-01 6.089820e-01 1.348148e+00 2.543781e+00 6.505540e+00 3.273460e+00 6.740738e-01 1.176902e+00 9.301259e-01 1.267206e+00 1.586662e+00 1.562933e+00 
3.981072e-01 5.891516e-01 6.127367e-01 1.417315e+00 2.640558e+00 6.725190e+00 3.357726e+00 7.086576e-01 1.220241e+00 9.502157e-01 1.290692e+00 1.622387e+00 1.590650e+00 
4.540910e-01 5.923576e-01 6.153987e-01 1.458895e+00 2.681944e+00 6.823925e+00 3.397213e+00 7.294473e-01 1.244207e+00 9.648796e-01 1.298746e+00 1.639709e+00 1.603859e+00 
5.179475e-01 5.963148e-01 6.165992e-01 1.469262e+00 2.661042e+00 6.791297e+00 3.402296e+00 7.346309e-01 1.248805e+00 9.746301e-01 1.289446e+00 1.641481e+00 1.596673e+00 
5.907838e-01 6.006422e-01 6.166870e-01 1.445677e+00 2.581822e+00 6.622056e+00 3.357549e+00 7.228387e-01 1.229505e+00 9.776877e-01 1.262417e+00 1.626428e+00 1.569842e+00 
6.738627e-01 6.036578e-01 6.149585e-01 1.388110e+00 2.456280e+00 6.345703e+00 3.265295e+00 6.940549e-01 1.188567e+00 9.712848e-01 1.222515e+00 1.595271e+00 1.526545e+00 
7.686246e-01 6.040622e-01 6.114153e-01 1.307090e+00 2.316479e+00 6.016600e+00 3.124923e+00 6.535448e-01 1.130002e+00 9.485357e-01 1.180113e+00 1.545747e+00 1.477938e+00 
8.767124e-01 5.986143e-01 6.085638e-01 1.219651e+00 2.198941e+00 5.703713e+00 2.952692e+00 6.098257e-01 1.062581e+00 9.054496e-01 1.148962e+00 1.482002e+00 1.440630e+00 
