1.000000e-04 5.173358e-01 4.701263e-01 1.045088e-05 3.625448e-05 1.233928e-04 8.517393e-05 5.225442e-06 2.301093e-05 3.465670e-03 3.857261e-03 4.939787e-03 5.015907e-03 
1.140625e-04 5.174229e-01 4.702372e-01 1.359130e-05 4.710753e-05 1.605525e-04 1.109205e-04 6.795649e-06 2.996218e-05 3.952372e-03 4.399095e-03 5.633879e-03 5.718778e-03 
1.301025e-04 5.173335e-01 4.701491e-01 1.767089e-05 6.127915e-05 2.086486e-04 1.440463e-04 8.835447e-06 3.891549e-05 4.507340e-03 5.016959e-03 6.423863e-03 6.524313e-03 
1.483982e-04 5.174875e-01 4.702661e-01 2.297306e-05 7.965814e-05 2.713168e-04 1.873751e-04 1.148653e-05 5.061764e-05 5.138653e-03 5.720339e-03 7.322618e-03 7.439057e-03 
1.692667e-04 5.174224e-01 4.701657e-01 2.988005e-05 1.035320e-04 3.528766e-04 2.437974e-04 1.494003e-05 6.586003e-05 5.861527e-03 6.522894e-03 8.352045e-03 8.482047e-03 
1.930698e-04 5.175747e-01 4.702321e-01 3.878643e-05 1.343635e-04 4.577400e-04 3.161919e-04 1.939322e-05 8.542190e-05 6.680139e-03 7.434182e-03 9.519202e-03 9.666741e-03 
2.202202e-04 5.175445e-01 4.702544e-01 5.044897e-05 1.747812e-04 5.953262e-04 4.111017e-04 2.522448e-05 1.110653e-04 7.617635e-03 8.476587e-03 1.085474e-02 1.102329e-02 
2.511886e-04 5.176003e-01 4.702711e-01 6.549097e-05 2.267002e-04 7.727781e-04 5.340401e-04 3.274549e-05 1.442715e-04 8.681516e-03 9.661322e-03 1.236733e-02 1.256525e-02 
2.865120e-04 5.175435e-01 4.703157e-01 8.509770e-05 2.948477e-04 1.004480e-03 6.937908e-04 4.254885e-05 1.874309e-04 9.895353e-03 1.101416e-02 1.409883e-02 1.432532e-02 
3.268028e-04 5.175255e-01 4.702933e-01 1.105403e-04 3.821182e-04 1.303050e-03 9.005338e-04 5.527016e-05 2.433077e-04 1.128079e-02 1.255144e-02 1.607410e-02 1.632031e-02 
3.727594e-04 5.176705e-01 4.703270e-01 1.436113e-04 4.969711e-04 1.693914e-03 1.170400e-03 7.180565e-05 3.162211e-04 1.285796e-02 1.430815e-02 1.832044e-02 1.860559e-02 
4.251786e-04 5.177729e-01 4.703556e-01 1.864271e-04 6.440076e-04 2.196751e-03 1.519089e-03 9.321355e-05 4.104262e-04 1.465363e-02 1.630384e-02 2.087475e-02 2.120092e-02 
4.849693e-04 5.177361e-01 4.704059e-01 2.418647e-04 8.352707e-04 2.847157e-03 1.967416e-03 1.209324e-04 5.316575e-04 1.668973e-02 1.856855e-02 2.377749e-02 2.414588e-02 
5.531681e-04 5.178465e-01 4.704202e-01 3.134906e-04 1.082026e-03 3.690035e-03 2.550248e-03 1.567453e-04 6.891717e-04 1.900981e-02 2.115190e-02 2.708119e-02 2.750445e-02 
6.309573e-04 5.178053e-01 4.704707e-01 4.065798e-04 1.403103e-03 4.784676e-03 3.307191e-03 2.032899e-04 8.937137e-04 2.165081e-02 2.409125e-02 3.084146e-02 3.133191e-02 
7.196857e-04 5.179460e-01 4.704622e-01 5.265175e-04 1.814454e-03 6.187152e-03 4.276565e-03 2.632587e-04 1.155893e-03 2.465058e-02 2.741756e-02 3.510677e-02 3.566438e-02 
8.208914e-04 5.179392e-01 4.704800e-01 6.820763e-04 2.346814e-03 8.011899e-03 5.542022e-03 3.410382e-04 1.497891e-03 2.806274e-02 3.122337e-02 3.996450e-02 4.060922e-02 
9.363292e-04 5.180739e-01 4.706270e-01 8.826317e-04 3.032296e-03 1.034881e-02 7.156613e-03 4.413159e-04 1.934769e-03 3.193286e-02 3.551618e-02 4.547033e-02 4.619459e-02 
1.068000e-03 5.182484e-01 4.706586e-01 1.141602e-03 3.917532e-03 1.337213e-02 9.249566e-03 5.708009e-04 2.500765e-03 3.633119e-02 4.041381e-02 5.173487e-02 5.256299e-02 
1.218188e-03 5.182820e-01 4.706288e-01 1.475093e-03 5.046231e-03 1.724060e-02 1.193683e-02 7.375466e-04 3.227825e-03 4.132142e-02 4.596799e-02 5.882776e-02 5.978319e-02 
1.389495e-03 5.183622e-01 4.706499e-01 1.901390e-03 6.488351e-03 2.218256e-02 1.536332e-02 9.506952e-04 4.155330e-03 4.695083e-02 5.221308e-02 6.682786e-02 6.791093e-02 
1.584893e-03 5.185315e-01 4.708653e-01 2.451995e-03 8.345253e-03 2.853717e-02 1.976475e-02 1.225998e-03 5.347307e-03 5.334610e-02 5.933237e-02 7.591902e-02 7.718545e-02 
1.807769e-03 5.187596e-01 4.709998e-01 3.148703e-03 1.065995e-02 3.647271e-02 2.527821e-02 1.574351e-03 6.842142e-03 6.053061e-02 6.728914e-02 8.611018e-02 8.754901e-02 
2.061986e-03 5.189240e-01 4.710963e-01 4.038895e-03 1.362735e-02 4.663545e-02 3.232368e-02 2.019448e-03 8.752661e-03 6.861909e-02 7.629615e-02 9.761504e-02 9.926463e-02 
2.351953e-03 5.192250e-01 4.713332e-01 5.164222e-03 1.730278e-02 5.925794e-02 4.110518e-02 2.582111e-03 1.113764e-02 7.766628e-02 8.636883e-02 1.104870e-01 1.123527e-01 
2.682696e-03 5.195301e-01 4.717793e-01 6.585761e-03 2.187310e-02 7.492005e-02 5.197763e-02 3.292880e-03 1.409786e-02 8.774998e-02 9.756170e-02 1.247812e-01 1.269697e-01 
3.059950e-03 5.200961e-01 4.722717e-01 8.357896e-03 2.748991e-02 9.423470e-02 6.541697e-02 4.178948e-03 1.776100e-02 9.891619e-02 1.099846e-01 1.406445e-01 1.431349e-01 
3.490255e-03 5.207157e-01 4.729057e-01 1.055102e-02 3.431829e-02 1.175938e-01 8.163671e-02 5.275509e-03 2.219477e-02 1.112309e-01 1.236843e-01 1.581483e-01 1.609917e-01 
3.981072e-03 5.215969e-01 4.738320e-01 1.324742e-02 4.247281e-02 1.455456e-01 1.010334e-01 6.623709e-03 2.751771e-02 1.246581e-01 1.386071e-01 1.771640e-01 1.805063e-01 
4.540910e-03 5.224987e-01 4.748910e-01 1.654921e-02 5.227418e-02 1.789845e-01 1.242373e-01 8.274607e-03 3.390358e-02 1.392876e-01 1.549348e-01 1.980160e-01 2.017725e-01 
5.179475e-03 5.238734e-01 4.764112e-01 2.053543e-02 6.370629e-02 2.177257e-01 1.509385e-01 1.026771e-02 4.129819e-02 1.549491e-01 1.723924e-01 2.202901e-01 2.246107e-01 
5.907838e-03 5.252607e-01 4.781505e-01 2.529370e-02 7.708442e-02 2.626544e-01 1.817650e-01 1.264685e-02 4.987586e-02 1.716768e-01 1.911809e-01 2.442156e-01 2.491284e-01 
6.738627e-03 5.269679e-01 4.800765e-01 3.095633e-02 9.248882e-02 3.143535e-01 2.172060e-01 1.547816e-02 5.978712e-02 1.894577e-01 2.111425e-01 2.695300e-01 2.753487e-01 
7.686246e-03 5.287662e-01 4.824492e-01 3.759202e-02 1.099816e-01 3.718678e-01 2.560413e-01 1.879601e-02 7.075764e-02 2.079863e-01 2.320145e-01 2.962304e-01 3.026519e-01 
8.767124e-03 5.310012e-01 4.851821e-01 4.533171e-02 1.299029e-01 4.367794e-01 2.996563e-01 2.266586e-02 8.315034e-02 2.273172e-01 2.540509e-01 3.241814e-01 3.314973e-01 
1.000000e-02 5.332810e-01 4.880926e-01 5.423854e-02 1.520283e-01 5.077028e-01 3.466731e-01 2.711927e-02 9.665788e-02 2.472636e-01 2.767737e-01 3.530339e-01 3.614160e-01 
1.140625e-02 5.356931e-01 4.912906e-01 6.443249e-02 1.767847e-01 5.858202e-01 3.978621e-01 3.221625e-02 1.114971e-01 2.677875e-01 3.003544e-01 3.829067e-01 3.925171e-01 
1.301025e-02 5.380439e-01 4.948006e-01 7.605400e-02 2.042265e-01 6.706438e-01 4.524572e-01 3.802700e-02 1.275237e-01 2.888446e-01 3.246784e-01 4.138459e-01 4.246169e-01 
1.483982e-02 5.406955e-01 4.985965e-01 8.912175e-02 2.340282e-01 7.615985e-01 5.103638e-01 4.456087e-02 1.447247e-01 3.101902e-01 3.495511e-01 4.452644e-01 4.575477e-01 
1.692667e-02 5.433260e-01 5.024922e-01 1.038735e-01 2.667700e-01 8.593960e-01 5.713877e-01 5.193674e-02 1.631280e-01 3.319299e-01 3.750155e-01 4.774915e-01 4.913369e-01 
1.930698e-02 5.459483e-01 5.065330e-01 1.202817e-01 3.022051e-01 9.634133e-01 6.354267e-01 6.014087e-02 1.826843e-01 3.539645e-01 4.011204e-01 5.102986e-01 5.261141e-01 
2.202202e-02 5.486222e-01 5.106435e-01 1.384618e-01 3.403058e-01 1.073832e+00 7.024727e-01 6.923092e-02 2.034745e-01 3.762832e-01 4.275510e-01 5.436815e-01 5.613163e-01 
2.511886e-02 5.513493e-01 5.150244e-01 1.587179e-01 3.815768e-01 1.190698e+00 7.717874e-01 7.935894e-02 2.253659e-01 3.987683e-01 4.546851e-01 5.776010e-01 5.975947e-01 
2.865120e-02 5.541555e-01 5.193123e-01 1.809132e-01 4.249188e-01 1.312829e+00 8.437143e-01 9.045661e-02 2.484304e-01 4.214053e-01 4.822118e-01 6.119978e-01 6.341028e-01 
3.268028e-02 5.568636e-01 5.235743e-01 2.053469e-01 4.720074e-01 1.443970e+00 9.196074e-01 1.026734e-01 2.731056e-01 4.444475e-01 5.106305e-01 6.470069e-01 6.719996e-01 
3.727594e-02 5.598643e-01 5.279351e-01 2.323852e-01 5.222812e-01 1.582154e+00 9.986815e-01 1.161926e-01 2.992621e-01 4.677795e-01 5.397179e-01 6.828116e-01 7.105155e-01 
4.251786e-02 5.625409e-01 5.324258e-01 2.617848e-01 5.764222e-01 1.727812e+00 1.079747e+00 1.308924e-01 3.266037e-01 4.909683e-01 5.695701e-01 7.192810e-01 7.497599e-01 
4.849693e-02 5.653258e-01 5.370823e-01 2.940857e-01 6.344006e-01 1.882759e+00 1.165301e+00 1.470429e-01 3.558722e-01 5.146767e-01 6.001589e-01 7.562001e-01 7.904783e-01 
5.531681e-02 5.679348e-01 5.417277e-01 3.294346e-01 6.968630e-01 2.047590e+00 1.254950e+00 1.647173e-01 3.870254e-01 5.384682e-01 6.318660e-01 7.940938e-01 8.322129e-01 
6.309573e-02 5.705484e-01 5.466878e-01 3.682658e-01 7.642200e-01 2.223768e+00 1.349673e+00 1.841329e-01 4.204870e-01 5.626906e-01 6.645954e-01 8.330703e-01 8.752779e-01 
7.196857e-02 5.731204e-01 5.516425e-01 4.105910e-01 8.365803e-01 2.410383e+00 1.447561e+00 2.052955e-01 4.558774e-01 5.873675e-01 6.982367e-01 8.728368e-01 9.196950e-01 
8.208914e-02 5.756479e-01 5.564294e-01 4.570654e-01 9.151219e-01 2.610150e+00 1.550316e+00 2.285327e-01 4.937039e-01 6.125156e-01 7.330038e-01 9.139824e-01 9.652137e-01 
9.363292e-02 5.783998e-01 5.616713e-01 5.073460e-01 9.993623e-01 2.822555e+00 1.657233e+00 2.536730e-01 5.338661e-01 6.379168e-01 7.686986e-01 9.562847e-01 1.011501e+00 
1.068000e-01 5.809367e-01 5.669363e-01 5.621937e-01 1.090113e+00 3.049463e+00 1.769129e+00 2.810969e-01 5.768070e-01 6.631684e-01 8.063726e-01 1.000205e+00 1.059034e+00 
1.218188e-01 5.837004e-01 5.721738e-01 6.214493e-01 1.186202e+00 3.288080e+00 1.884353e+00 3.107246e-01 6.221461e-01 6.877928e-01 8.456702e-01 1.044881e+00 1.107159e+00 
1.389495e-01 5.859939e-01 5.773015e-01 6.849158e-01 1.289084e+00 3.540200e+00 2.002779e+00 3.424579e-01 6.697365e-01 7.120131e-01 8.864110e-01 1.090636e+00 1.156291e+00 
1.584893e-01 5.873972e-01 5.823912e-01 7.523652e-01 1.400490e+00 3.807959e+00 2.123024e+00 3.761826e-01 7.192966e-01 7.356710e-01 9.283529e-01 1.137796e+00 1.206270e+00 
1.807769e-01 5.887808e-01 5.876368e-01 8.246199e-01 1.520685e+00 4.094500e+00 2.249151e+00 4.123100e-01 7.719837e-01 7.591773e-01 9.722019e-01 1.186904e+00 1.257174e+00 
2.061986e-01 5.897011e-01 5.930865e-01 9.013178e-01 1.651391e+00 4.396608e+00 2.373377e+00 4.506589e-01 8.259771e-01 7.817893e-01 1.017103e+00 1.239191e+00 1.306729e+00 
2.351953e-01 5.902609e-01 5.986830e-01 9.817037e-01 1.790104e+00 4.709685e+00 2.495087e+00 4.908519e-01 8.805666e-01 8.026201e-01 1.063235e+00 1.294531e+00 1.353869e+00 
2.682696e-01 5.896857e-01 6.037197e-01 1.065024e+00 1.939883e+00 5.039234e+00 2.613649e+00 5.325120e-01 9.353530e-01 8.217706e-01 1.110628e+00 1.353523e+00 1.398721e+00 
3.059950e-01 5.879218e-01 6.076290e-01 1.147482e+00 2.093214e+00 5.375522e+00 2.732169e+00 5.737412e-01 9.899302e-01 8.395448e-01 1.157584e+00 1.414544e+00 1.439317e+00 
3.490255e-01 5.861216e-01 6.110174e-01 1.224271e+00 2.243951e+00 5.706717e+00 2.846293e+00 6.121355e-01 1.041518e+00 8.549478e-01 1.201913e+00 1.473426e+00 1.475216e+00 
3.981072e-01 5.845143e-01 6.140618e-01 1.292411e+00 2.387664e+00 6.018993e+00 2.946954e+00 6.462053e-01 1.087500e+00 8.664576e-01 1.243796e+00 1.527444e+00 1.507072e+00 
4.540910e-01 5.830441e-01 6.162869e-01 1.346140e+00 2.508629e+00 6.283342e+00 3.029022e+00 6.730699e-01 1.124602e+00 8.732403e-01 1.281283e+00 1.575074e+00 1.530970e+00 
5.179475e-01 5.814011e-01 6.163149e-01 1.379722e+00 2.592392e+00 6.476890e+00 3.099542e+00 6.898609e-01 1.151928e+00 8.754674e-01 1.311847e+00 1.614932e+00 1.542427e+00 
5.907838e-01 5.786463e-01 6.147976e-01 1.387351e+00 2.627560e+00 6.556536e+00 3.134468e+00 6.936757e-01 1.161656e+00 8.716903e-01 1.329728e+00 1.636958e+00 1.543570e+00 
6.738627e-01 5.764721e-01 6.132410e-01 1.360386e+00 2.583580e+00 6.449691e+00 3.089967e+00 6.801932e-01 1.142556e+00 8.602334e-01 1.323559e+00 1.628377e+00 1.527016e+00 
7.686246e-01 5.791298e-01 6.119648e-01 1.293359e+00 2.436683e+00 6.116935e+00 2.964685e+00 6.466796e-01 1.092214e+00 8.437056e-01 1.281520e+00 1.574437e+00 1.488986e+00 
8.767124e-01 5.838618e-01 6.080300e-01 1.181216e+00 2.200949e+00 5.586049e+00 2.763513e+00 5.906078e-01 1.009407e+00 8.220562e-01 1.197338e+00 1.472717e+00 1.424940e+00 
