1.000000e-04 5.307434e-01 4.802110e-01 9.375755e-06 3.027644e-05 1.036392e-04 7.187501e-05 4.687877e-06 1.955604e-05 3.248339e-03 3.551991e-03 4.565502e-03 4.660095e-03 
1.140625e-04 5.308214e-01 4.802937e-01 1.218537e-05 3.932159e-05 1.346538e-04 9.343464e-05 6.092684e-06 2.542085e-05 3.703582e-03 4.049701e-03 5.205475e-03 5.312737e-03 
1.301025e-04 5.308642e-01 4.802783e-01 1.585863e-05 5.124411e-05 1.754923e-04 1.217625e-04 7.929314e-06 3.312368e-05 4.225624e-03 4.620717e-03 5.938469e-03 6.062385e-03 
1.483982e-04 5.308555e-01 4.802268e-01 2.059434e-05 6.642962e-05 2.275853e-04 1.579316e-04 1.029717e-05 4.296970e-05 4.816176e-03 5.266326e-03 6.768159e-03 6.908737e-03 
1.692667e-04 5.308758e-01 4.803706e-01 2.678942e-05 8.643557e-05 2.960333e-04 2.054213e-04 1.339471e-05 5.589041e-05 5.491835e-03 6.005383e-03 7.716607e-03 7.880887e-03 
1.930698e-04 5.309330e-01 4.803655e-01 3.485630e-05 1.123599e-04 3.851632e-04 2.674497e-04 1.742815e-05 7.276312e-05 6.264944e-03 6.848712e-03 8.803211e-03 8.985414e-03 
2.202202e-04 5.308864e-01 4.803852e-01 4.524323e-05 1.458261e-04 4.996945e-04 3.467647e-04 2.262161e-05 9.435603e-05 7.139136e-03 7.805523e-03 1.003107e-02 1.024231e-02 
2.511886e-04 5.308456e-01 4.803063e-01 5.882490e-05 1.896354e-04 6.495715e-04 4.507986e-04 2.941245e-05 1.226591e-04 8.138946e-03 8.901162e-03 1.143708e-02 1.167910e-02 
2.865120e-04 5.308992e-01 4.803386e-01 7.649249e-05 2.466821e-04 8.442499e-04 5.855577e-04 3.824624e-05 1.593432e-04 9.281773e-03 1.014635e-02 1.304264e-02 1.331361e-02 
3.268028e-04 5.308969e-01 4.804165e-01 9.936248e-05 3.199030e-04 1.095754e-03 7.602560e-04 4.968124e-05 2.069041e-04 1.057784e-02 1.156505e-02 1.486118e-02 1.517691e-02 
3.727594e-04 5.310208e-01 4.804407e-01 1.290050e-04 4.145822e-04 1.421360e-03 9.868984e-04 6.450248e-05 2.685918e-04 1.205454e-02 1.317798e-02 1.693393e-02 1.729267e-02 
4.251786e-04 5.309954e-01 4.803524e-01 1.676008e-04 5.388812e-04 1.846983e-03 1.282261e-03 8.380039e-05 3.489820e-04 1.374312e-02 1.501966e-02 1.930834e-02 1.970678e-02 
4.849693e-04 5.310524e-01 4.804936e-01 2.173916e-04 6.990604e-04 2.394660e-03 1.662036e-03 1.086958e-04 4.523697e-04 1.565128e-02 1.710917e-02 2.198788e-02 2.245068e-02 
5.531681e-04 5.312170e-01 4.806331e-01 2.822990e-04 9.060628e-04 3.105442e-03 2.156081e-03 1.411495e-04 5.869083e-04 1.783197e-02 1.949471e-02 2.504825e-02 2.558322e-02 
6.309573e-04 5.313103e-01 4.806095e-01 3.663098e-04 1.175962e-03 4.029687e-03 2.797884e-03 1.831549e-04 7.615920e-04 2.031832e-02 2.221507e-02 2.853783e-02 2.915465e-02 
7.196857e-04 5.312867e-01 4.806822e-01 4.749521e-04 1.520444e-03 5.212210e-03 3.618274e-03 2.374761e-04 9.852526e-04 2.313735e-02 2.528897e-02 3.250343e-02 3.318266e-02 
8.208914e-04 5.314509e-01 4.808171e-01 6.153888e-04 1.968850e-03 6.749735e-03 4.687223e-03 3.076944e-04 1.276385e-03 2.633335e-02 2.879016e-02 3.698710e-02 3.778301e-02 
9.363292e-04 5.316070e-01 4.809321e-01 7.968628e-04 2.542713e-03 8.721520e-03 6.058135e-03 3.984314e-04 1.650054e-03 2.998027e-02 3.276227e-02 4.209527e-02 4.300588e-02 
1.068000e-03 5.316235e-01 4.807896e-01 1.030482e-03 3.280394e-03 1.125159e-02 7.818718e-03 5.152410e-04 2.130032e-03 3.410477e-02 3.726766e-02 4.787857e-02 4.892201e-02 
1.218188e-03 5.319267e-01 4.810432e-01 1.333523e-03 4.237184e-03 1.453295e-02 1.009737e-02 6.667614e-04 2.751484e-03 3.879788e-02 4.239204e-02 5.446037e-02 5.564965e-02 
1.389495e-03 5.319722e-01 4.810285e-01 1.722018e-03 5.455507e-03 1.873366e-02 1.302738e-02 8.610092e-04 3.550493e-03 4.411460e-02 4.820162e-02 6.192271e-02 6.326957e-02 
1.584893e-03 5.320253e-01 4.811491e-01 2.224512e-03 7.022647e-03 2.411919e-02 1.677352e-02 1.112256e-03 4.573292e-03 5.014482e-02 5.478230e-02 7.037549e-02 7.191678e-02 
1.807769e-03 5.322722e-01 4.813451e-01 2.865092e-03 9.003533e-03 3.093892e-02 2.153138e-02 1.432546e-03 5.873240e-03 5.693771e-02 6.219902e-02 7.989353e-02 8.165796e-02 
2.061986e-03 5.323396e-01 4.814309e-01 3.681381e-03 1.150332e-02 3.952495e-02 2.750174e-02 1.840691e-03 7.506884e-03 6.456923e-02 7.053362e-02 9.059533e-02 9.261451e-02 
2.351953e-03 5.328379e-01 4.819433e-01 4.720684e-03 1.464063e-02 5.030308e-02 3.500723e-02 2.360342e-03 9.564849e-03 7.311057e-02 7.987622e-02 1.025611e-01 1.049095e-01 
2.682696e-03 5.333699e-01 4.824920e-01 6.029814e-03 1.854617e-02 6.375888e-02 4.438007e-02 3.014907e-03 1.213751e-02 8.263426e-02 9.030229e-02 1.159255e-01 1.185997e-01 
3.059950e-03 5.337915e-01 4.829911e-01 7.675524e-03 2.336625e-02 8.027497e-02 5.586597e-02 3.837762e-03 1.530004e-02 9.324652e-02 1.018991e-01 1.308182e-01 1.338441e-01 
3.490255e-03 5.345290e-01 4.837380e-01 9.721766e-03 2.925059e-02 1.004348e-01 6.990708e-02 4.860883e-03 1.917545e-02 1.049363e-01 1.146740e-01 1.472065e-01 1.506557e-01 
3.981072e-03 5.353156e-01 4.847296e-01 1.225610e-02 3.632866e-02 1.247193e-01 8.679780e-02 6.128050e-03 2.385604e-02 1.177698e-01 1.286682e-01 1.651079e-01 1.691801e-01 
4.540910e-03 5.364221e-01 4.859872e-01 1.536491e-02 4.483136e-02 1.536079e-01 1.068029e-01 7.682455e-03 2.942732e-02 1.317080e-01 1.439451e-01 1.846836e-01 1.893182e-01 
5.179475e-03 5.377157e-01 4.875359e-01 1.913219e-02 5.476479e-02 1.873295e-01 1.301323e-01 9.566094e-03 3.595994e-02 1.467568e-01 1.603809e-01 2.057906e-01 2.110465e-01 
5.907838e-03 5.391701e-01 4.892202e-01 2.367260e-02 6.647734e-02 2.267730e-01 1.572727e-01 1.183630e-02 4.360009e-02 1.628552e-01 1.780775e-01 2.283656e-01 2.345030e-01 
6.738627e-03 5.409330e-01 4.914024e-01 2.907785e-02 7.993258e-02 2.715048e-01 1.877960e-01 1.453892e-02 5.226904e-02 1.799078e-01 1.968677e-01 2.524668e-01 2.593228e-01 
7.686246e-03 5.427597e-01 4.937272e-01 3.547026e-02 9.534332e-02 3.224360e-01 2.224633e-01 1.773513e-02 6.218252e-02 1.979414e-01 2.167077e-01 2.777861e-01 2.857842e-01 
8.767124e-03 5.448719e-01 4.964936e-01 4.295360e-02 1.128977e-01 3.794537e-01 2.607467e-01 2.147680e-02 7.324448e-02 2.167589e-01 2.375956e-01 3.045455e-01 3.134670e-01 
1.000000e-02 5.471072e-01 4.996160e-01 5.163330e-02 1.326024e-01 4.425378e-01 3.026880e-01 2.581665e-02 8.548784e-02 2.362955e-01 2.591899e-01 3.321892e-01 3.424363e-01 
1.140625e-02 5.496581e-01 5.030727e-01 6.162320e-02 1.546511e-01 5.120422e-01 3.483362e-01 3.081160e-02 9.896553e-02 2.566198e-01 2.816973e-01 3.611141e-01 3.725719e-01 
1.301025e-02 5.520914e-01 5.066936e-01 7.309525e-02 1.793476e-01 5.887616e-01 3.980848e-01 3.654763e-02 1.138164e-01 2.775284e-01 3.051049e-01 3.909885e-01 4.040627e-01 
1.483982e-02 5.546953e-01 5.104140e-01 8.608291e-02 2.065484e-01 6.715687e-01 4.509112e-01 4.304146e-02 1.298052e-01 2.989744e-01 3.291759e-01 4.217091e-01 4.365807e-01 
1.692667e-02 5.573675e-01 5.144450e-01 1.007652e-01 2.365197e-01 7.617833e-01 5.078066e-01 5.038262e-02 1.472256e-01 3.209175e-01 3.538621e-01 4.532183e-01 4.700531e-01 
1.930698e-02 5.599414e-01 5.185154e-01 1.171906e-01 2.695116e-01 8.587804e-01 5.676583e-01 5.859532e-02 1.658394e-01 3.432549e-01 3.793567e-01 4.856642e-01 5.045510e-01 
2.202202e-02 5.624243e-01 5.226665e-01 1.357545e-01 3.060869e-01 9.651560e-01 6.325701e-01 6.787723e-02 1.862586e-01 3.664164e-01 4.056569e-01 5.192367e-01 5.404067e-01 
2.511886e-02 5.649339e-01 5.269492e-01 1.563757e-01 3.460689e-01 1.078959e+00 7.006089e-01 7.818785e-02 2.080006e-01 3.899633e-01 4.326661e-01 5.536986e-01 5.772008e-01 
2.865120e-02 5.672228e-01 5.312177e-01 1.793015e-01 3.894694e-01 1.201554e+00 7.731077e-01 8.965077e-02 2.314725e-01 4.139967e-01 4.603147e-01 5.888009e-01 6.151350e-01 
3.268028e-02 5.695203e-01 5.355302e-01 2.048653e-01 4.372735e-01 1.333607e+00 8.490896e-01 1.024326e-01 2.565578e-01 4.388152e-01 4.887967e-01 6.253195e-01 6.543033e-01 
3.727594e-02 5.718808e-01 5.399315e-01 2.333116e-01 4.900752e-01 1.477472e+00 9.302642e-01 1.166558e-01 2.837271e-01 4.642038e-01 5.184604e-01 6.629381e-01 6.951183e-01 
4.251786e-02 5.739366e-01 5.442224e-01 2.650861e-01 5.482696e-01 1.634000e+00 1.017473e+00 1.325430e-01 3.132710e-01 4.907317e-01 5.490290e-01 7.021450e-01 7.374896e-01 
4.849693e-02 5.759931e-01 5.484184e-01 3.006445e-01 6.131467e-01 1.805784e+00 1.111093e+00 1.503222e-01 3.454853e-01 5.182370e-01 5.812103e-01 7.432567e-01 7.819183e-01 
5.531681e-02 5.778339e-01 5.526386e-01 3.403075e-01 6.847028e-01 1.993537e+00 1.211708e+00 1.701538e-01 3.806074e-01 5.469646e-01 6.149099e-01 7.859690e-01 8.289100e-01 
6.309573e-02 5.797837e-01 5.569547e-01 3.848706e-01 7.642378e-01 2.199421e+00 1.319406e+00 1.924353e-01 4.189262e-01 5.769810e-01 6.502223e-01 8.311358e-01 8.778914e-01 
7.196857e-02 5.814689e-01 5.607993e-01 4.344962e-01 8.526376e-01 2.426769e+00 1.436977e+00 2.172481e-01 4.611723e-01 6.082934e-01 6.876881e-01 8.789614e-01 9.292650e-01 
8.208914e-02 5.829937e-01 5.645283e-01 4.899572e-01 9.513793e-01 2.679233e+00 1.565817e+00 2.449786e-01 5.079084e-01 6.411624e-01 7.273536e-01 9.299922e-01 9.830326e-01 
9.363292e-02 5.844120e-01 5.683720e-01 5.511542e-01 1.061577e+00 2.957476e+00 1.704592e+00 2.755771e-01 5.588957e-01 6.755040e-01 7.686917e-01 9.844584e-01 1.038438e+00 
1.068000e-01 5.859434e-01 5.723320e-01 6.188268e-01 1.182327e+00 3.260312e+00 1.853604e+00 3.094134e-01 6.145286e-01 7.113046e-01 8.113909e-01 1.041419e+00 1.095516e+00 
1.218188e-01 5.872978e-01 5.758954e-01 6.929826e-01 1.313749e+00 3.591892e+00 2.018556e+00 3.464913e-01 6.759803e-01 7.488170e-01 8.559033e-01 1.101965e+00 1.153617e+00 
1.389495e-01 5.890346e-01 5.793992e-01 7.746010e-01 1.456027e+00 3.951931e+00 2.197573e+00 3.873005e-01 7.430386e-01 7.881891e-01 9.017475e-01 1.165782e+00 1.212690e+00 
1.584893e-01 5.907074e-01 5.827389e-01 8.625536e-01 1.608586e+00 4.339923e+00 2.391040e+00 4.312768e-01 8.153736e-01 8.295155e-01 9.485843e-01 1.232641e+00 1.272681e+00 
1.807769e-01 5.923897e-01 5.861234e-01 9.585345e-01 1.773519e+00 4.757546e+00 2.597947e+00 4.792673e-01 8.932678e-01 8.727201e-01 9.964407e-01 1.303060e+00 1.333511e+00 
2.061986e-01 5.938541e-01 5.895854e-01 1.059350e+00 1.943519e+00 5.190908e+00 2.815837e+00 5.296751e-01 9.752484e-01 9.164807e-01 1.043738e+00 1.375030e+00 1.392486e+00 
2.351953e-01 5.955577e-01 5.937347e-01 1.164525e+00 2.116203e+00 5.630424e+00 3.036832e+00 5.822624e-01 1.059446e+00 9.599183e-01 1.089657e+00 1.446969e+00 1.449322e+00 
2.682696e-01 5.968141e-01 5.977584e-01 1.269099e+00 2.282799e+00 6.048992e+00 3.242673e+00 6.345494e-01 1.140257e+00 9.995938e-01 1.133120e+00 1.515537e+00 1.501274e+00 
3.059950e-01 5.989225e-01 6.025029e-01 1.368366e+00 2.433438e+00 6.410656e+00 3.404391e+00 6.841830e-01 1.210173e+00 1.033013e+00 1.170483e+00 1.575829e+00 1.544815e+00 
3.490255e-01 6.023036e-01 6.089483e-01 1.457451e+00 2.560316e+00 6.687446e+00 3.501392e+00 7.287257e-01 1.262983e+00 1.058147e+00 1.199560e+00 1.625721e+00 1.577082e+00 
3.981072e-01 6.066726e-01 6.149886e-01 1.528494e+00 2.648164e+00 6.863099e+00 3.548864e+00 7.642470e-01 1.298782e+00 1.075576e+00 1.218602e+00 1.661657e+00 1.596250e+00 
4.540910e-01 6.118662e-01 6.201080e-01 1.575602e+00 2.686415e+00 6.930862e+00 3.559160e+00 7.878010e-01 1.317988e+00 1.084110e+00 1.227801e+00 1.678719e+00 1.604210e+00 
5.179475e-01 6.149412e-01 6.241598e-01 1.583872e+00 2.676220e+00 6.872287e+00 3.501449e+00 7.919359e-01 1.308731e+00 1.079638e+00 1.225901e+00 1.670366e+00 1.605407e+00 
5.907838e-01 6.148801e-01 6.248577e-01 1.556908e+00 2.633455e+00 6.756566e+00 3.434104e+00 7.784539e-01 1.285221e+00 1.066954e+00 1.218978e+00 1.644001e+00 1.605024e+00 
6.738627e-01 6.145984e-01 6.233515e-01 1.502565e+00 2.545500e+00 6.563992e+00 3.362844e+00 7.512823e-01 1.250901e+00 1.046814e+00 1.204414e+00 1.603734e+00 1.592378e+00 
7.686246e-01 6.127836e-01 6.193696e-01 1.417077e+00 2.413146e+00 6.251081e+00 3.230219e+00 7.085386e-01 1.191500e+00 1.016138e+00 1.172751e+00 1.551863e+00 1.552597e+00 
8.767124e-01 6.087084e-01 6.124034e-01 1.320039e+00 2.275277e+00 5.911195e+00 3.068389e+00 6.600195e-01 1.122391e+00 9.800487e-01 1.129348e+00 1.498229e+00 1.491745e+00 
