1.000000e-04 5.244058e-01 4.751403e-01 9.545525e-06 3.159653e-05 1.085426e-04 7.540830e-05 4.772763e-06 2.044656e-05 3.306227e-03 3.664818e-03 4.663412e-03 4.796117e-03 
1.140625e-04 5.244486e-01 4.751164e-01 1.239784e-05 4.105239e-05 1.410593e-04 9.800955e-05 6.198922e-06 2.657242e-05 3.769802e-03 4.177748e-03 5.315935e-03 5.468166e-03 
1.301025e-04 5.244727e-01 4.751502e-01 1.612413e-05 5.338649e-05 1.834431e-04 1.274628e-04 8.062064e-06 3.455882e-05 4.298830e-03 4.765571e-03 6.062266e-03 6.237284e-03 
1.483982e-04 5.244928e-01 4.751278e-01 2.097002e-05 6.933849e-05 2.383957e-04 1.656972e-04 1.048501e-05 4.492791e-05 4.902880e-03 5.433205e-03 6.913038e-03 7.111109e-03 
1.692667e-04 5.245776e-01 4.752070e-01 2.727451e-05 9.018161e-05 3.099487e-04 2.154171e-04 1.363725e-05 5.841204e-05 5.590738e-03 6.196062e-03 7.882693e-03 8.110649e-03 
1.930698e-04 5.244978e-01 4.751857e-01 3.542429e-05 1.171094e-04 4.025467e-04 2.798127e-04 1.771214e-05 7.587374e-05 6.373263e-03 7.062323e-03 8.985545e-03 9.244160e-03 
2.202202e-04 5.244784e-01 4.752700e-01 4.605230e-05 1.522237e-04 5.233383e-04 3.637199e-04 2.302615e-05 9.862607e-05 7.265244e-03 8.052620e-03 1.024283e-02 1.054134e-02 
2.511886e-04 5.245378e-01 4.752504e-01 5.982213e-05 1.975800e-04 6.790181e-04 4.718638e-04 2.991107e-05 1.279628e-04 8.281732e-03 9.175197e-03 1.167440e-02 1.201229e-02 
2.865120e-04 5.246152e-01 4.752842e-01 7.779161e-05 2.571762e-04 8.842964e-04 6.147817e-04 3.889580e-05 1.666917e-04 9.442212e-03 1.046637e-02 1.331294e-02 1.369926e-02 
3.268028e-04 5.246856e-01 4.753260e-01 1.010246e-04 3.335862e-04 1.146868e-03 7.970577e-04 5.051232e-05 2.161635e-04 1.076296e-02 1.192899e-02 1.517349e-02 1.561500e-02 
3.727594e-04 5.247096e-01 4.752598e-01 1.311032e-04 4.329378e-04 1.488588e-03 1.034734e-03 6.555161e-05 2.806009e-04 1.226560e-02 1.359048e-02 1.729099e-02 1.778875e-02 
4.251786e-04 5.247593e-01 4.753393e-01 1.703289e-04 5.619320e-04 1.932291e-03 1.343245e-03 8.516447e-05 3.643090e-04 1.397613e-02 1.549053e-02 1.970599e-02 2.027274e-02 
4.849693e-04 5.247548e-01 4.753812e-01 2.208514e-04 7.278024e-04 2.503489e-03 1.741220e-03 1.104257e-04 4.722777e-04 1.592248e-02 1.764053e-02 2.244547e-02 2.308842e-02 
5.531681e-04 5.248914e-01 4.755368e-01 2.865863e-04 9.436852e-04 3.247232e-03 2.259137e-03 1.432931e-04 6.127666e-04 1.813549e-02 2.009631e-02 2.556162e-02 2.630600e-02 
6.309573e-04 5.249772e-01 4.755229e-01 3.717149e-04 1.222289e-03 4.205844e-03 2.925741e-03 1.858574e-04 7.936962e-04 2.065436e-02 2.288815e-02 2.911479e-02 2.995688e-02 
7.196857e-04 5.250066e-01 4.755488e-01 4.818502e-04 1.582648e-03 5.447534e-03 3.790203e-03 2.409251e-04 1.028296e-03 2.352294e-02 2.606507e-02 3.315858e-02 3.411328e-02 
8.208914e-04 5.251510e-01 4.755276e-01 6.242018e-04 2.046733e-03 7.041944e-03 4.897966e-03 3.121009e-04 1.329200e-03 2.677763e-02 2.966265e-02 3.772219e-02 3.884459e-02 
9.363292e-04 5.251888e-01 4.756707e-01 8.076793e-04 2.645042e-03 9.112075e-03 6.345488e-03 4.038397e-04 1.721793e-03 3.048240e-02 3.375868e-02 4.294529e-02 4.419531e-02 
1.068000e-03 5.253752e-01 4.757847e-01 1.043995e-03 3.412024e-03 1.175519e-02 8.184868e-03 5.219976e-04 2.221612e-03 3.466395e-02 3.839377e-02 4.883070e-02 5.027016e-02 
1.218188e-03 5.254475e-01 4.758523e-01 1.350196e-03 4.408888e-03 1.517621e-02 1.056131e-02 6.750981e-04 2.867320e-03 3.942319e-02 4.366591e-02 5.552296e-02 5.719048e-02 
1.389495e-03 5.255651e-01 4.758759e-01 1.740726e-03 5.659609e-03 1.950764e-02 1.358907e-02 8.703630e-04 3.690278e-03 4.480232e-02 4.960957e-02 6.308791e-02 6.496575e-02 
1.584893e-03 5.258027e-01 4.759282e-01 2.245549e-03 7.276847e-03 2.508300e-02 1.747028e-02 1.122775e-03 4.746251e-03 5.089816e-02 5.637082e-02 7.166702e-02 7.381880e-02 
1.807769e-03 5.259680e-01 4.761448e-01 2.889732e-03 9.330756e-03 3.218044e-02 2.243119e-02 1.444866e-03 6.095891e-03 5.776953e-02 6.398742e-02 8.132433e-02 8.380499e-02 
2.061986e-03 5.261223e-01 4.763038e-01 3.709842e-03 1.190952e-02 4.109522e-02 2.865516e-02 1.854921e-03 7.791980e-03 6.549601e-02 7.252955e-02 9.217971e-02 9.500370e-02 
2.351953e-03 5.263846e-01 4.766138e-01 4.746458e-03 1.514990e-02 5.228563e-02 3.646455e-02 2.373229e-03 9.922640e-03 7.413780e-02 8.212184e-02 1.043502e-01 1.075600e-01 
2.682696e-03 5.269207e-01 4.771715e-01 6.057103e-03 1.916553e-02 6.614695e-02 4.613508e-02 3.028552e-03 1.256714e-02 8.375159e-02 9.277585e-02 1.178721e-01 1.215335e-01 
3.059950e-03 5.274856e-01 4.777043e-01 7.690674e-03 2.408984e-02 8.312889e-02 5.799148e-02 3.845337e-03 1.581683e-02 9.441634e-02 1.046084e-01 1.328948e-01 1.370160e-01 
3.490255e-03 5.280277e-01 4.782805e-01 9.716253e-03 3.009470e-02 1.038500e-01 7.245680e-02 4.858126e-03 1.979019e-02 1.061767e-01 1.176442e-01 1.494165e-01 1.541311e-01 
3.981072e-03 5.289714e-01 4.793674e-01 1.221195e-02 3.730434e-02 1.286692e-01 8.976685e-02 6.105973e-03 2.456319e-02 1.190064e-01 1.318853e-01 1.674774e-01 1.728331e-01 
4.540910e-03 5.300734e-01 4.806173e-01 1.526756e-02 4.592780e-02 1.581616e-01 1.102605e-01 7.633780e-03 3.023941e-02 1.329653e-01 1.473633e-01 1.870754e-01 1.932371e-01 
5.179475e-03 5.312779e-01 4.820838e-01 1.894787e-02 5.603171e-02 1.925570e-01 1.340447e-01 9.473935e-03 3.686273e-02 1.479205e-01 1.640391e-01 2.081829e-01 2.151717e-01 
5.907838e-03 5.327765e-01 4.837246e-01 2.335832e-02 6.783117e-02 2.324633e-01 1.615800e-01 1.167916e-02 4.456858e-02 1.639217e-01 1.819068e-01 2.307983e-01 2.386607e-01 
6.738627e-03 5.345191e-01 4.858491e-01 2.859793e-02 8.141904e-02 2.780746e-01 1.928449e-01 1.429897e-02 5.337836e-02 1.808492e-01 2.009082e-01 2.547841e-01 2.636999e-01 
7.686246e-03 5.364798e-01 4.882821e-01 3.474732e-02 9.684969e-02 3.293623e-01 2.277471e-01 1.737366e-02 6.329390e-02 1.985485e-01 2.208355e-01 2.799885e-01 2.899312e-01 
8.767124e-03 5.385831e-01 4.908961e-01 4.189742e-02 1.142448e-01 3.866175e-01 2.664930e-01 2.094871e-02 7.438473e-02 2.170593e-01 2.417233e-01 3.062927e-01 3.175769e-01 
1.000000e-02 5.409687e-01 4.938202e-01 5.019003e-02 1.338228e-01 4.502151e-01 3.090829e-01 2.509502e-02 8.668763e-02 2.361983e-01 2.635464e-01 3.337962e-01 3.463120e-01 
1.140625e-02 5.433506e-01 4.970525e-01 5.964129e-02 1.555160e-01 5.196228e-01 3.549832e-01 2.982064e-02 1.000884e-01 2.558393e-01 2.860205e-01 3.620622e-01 3.760790e-01 
1.301025e-02 5.459857e-01 5.005937e-01 7.046672e-02 1.795453e-01 5.952996e-01 4.044158e-01 3.523336e-02 1.146947e-01 2.759822e-01 3.093195e-01 3.912865e-01 4.068825e-01 
1.483982e-02 5.485507e-01 5.042082e-01 8.261161e-02 2.058099e-01 6.770022e-01 4.572588e-01 4.130581e-02 1.304675e-01 2.966469e-01 3.330899e-01 4.213964e-01 4.383224e-01 
1.692667e-02 5.512980e-01 5.081192e-01 9.637805e-02 2.348896e-01 7.652908e-01 5.132056e-01 4.818902e-02 1.474137e-01 3.177023e-01 3.575705e-01 4.522836e-01 4.708601e-01 
1.930698e-02 5.541927e-01 5.122707e-01 1.118285e-01 2.664196e-01 8.601746e-01 5.728350e-01 5.591425e-02 1.656987e-01 3.392019e-01 3.825976e-01 4.837827e-01 5.042520e-01 
2.202202e-02 5.569832e-01 5.164604e-01 1.290016e-01 3.010798e-01 9.620714e-01 6.353711e-01 6.450079e-02 1.851651e-01 3.611510e-01 4.083311e-01 5.161351e-01 5.387310e-01 
2.511886e-02 5.595562e-01 5.206676e-01 1.481132e-01 3.386277e-01 1.070650e+00 7.010417e-01 7.405662e-02 2.059074e-01 3.835158e-01 4.345452e-01 5.493438e-01 5.739099e-01 
2.865120e-02 5.623554e-01 5.252287e-01 1.693834e-01 3.795642e-01 1.186719e+00 7.697399e-01 8.469172e-02 2.280130e-01 4.062542e-01 4.613936e-01 5.828452e-01 6.105172e-01 
3.268028e-02 5.649196e-01 5.297697e-01 1.928899e-01 4.238904e-01 1.310740e+00 8.421008e-01 9.644497e-02 2.516245e-01 4.294854e-01 4.889454e-01 6.172051e-01 6.481569e-01 
3.727594e-02 5.677452e-01 5.345700e-01 2.190737e-01 4.719646e-01 1.443000e+00 9.177798e-01 1.095368e-01 2.768336e-01 4.533221e-01 5.170474e-01 6.521780e-01 6.870346e-01 
4.251786e-02 5.705128e-01 5.393886e-01 2.480421e-01 5.241898e-01 1.584885e+00 9.976548e-01 1.240211e-01 3.038829e-01 4.778331e-01 5.459910e-01 6.882128e-01 7.271626e-01 
4.849693e-02 5.732295e-01 5.442057e-01 2.802068e-01 5.815321e-01 1.737977e+00 1.081686e+00 1.401034e-01 3.329175e-01 5.030166e-01 5.758496e-01 7.252960e-01 7.687770e-01 
5.531681e-02 5.762921e-01 5.491937e-01 3.161027e-01 6.440157e-01 1.901544e+00 1.169255e+00 1.580513e-01 3.638928e-01 5.289915e-01 6.064237e-01 7.640747e-01 8.110928e-01 
6.309573e-02 5.791036e-01 5.541181e-01 3.556758e-01 7.124201e-01 2.078286e+00 1.262207e+00 1.778379e-01 3.972783e-01 5.561440e-01 6.377350e-01 8.047726e-01 8.544881e-01 
7.196857e-02 5.823660e-01 5.593032e-01 4.002646e-01 7.876426e-01 2.270455e+00 1.361943e+00 2.001323e-01 4.338220e-01 5.849360e-01 6.700959e-01 8.479384e-01 8.991946e-01 
8.208914e-02 5.855452e-01 5.641566e-01 4.491661e-01 8.692259e-01 2.477657e+00 1.469065e+00 2.245830e-01 4.734083e-01 6.152987e-01 7.029536e-01 8.929046e-01 9.450160e-01 
9.363292e-02 5.887762e-01 5.687911e-01 5.036343e-01 9.584091e-01 2.702965e+00 1.583458e+00 2.518172e-01 5.165608e-01 6.478104e-01 7.364400e-01 9.399566e-01 9.926555e-01 
1.068000e-01 5.918513e-01 5.736871e-01 5.633974e-01 1.055723e+00 2.948247e+00 1.705452e+00 2.816987e-01 5.633383e-01 6.818365e-01 7.709763e-01 9.894028e-01 1.041962e+00 
1.218188e-01 5.948735e-01 5.789711e-01 6.295277e-01 1.162079e+00 3.214427e+00 1.835529e+00 3.147639e-01 6.141285e-01 7.175031e-01 8.065115e-01 1.041030e+00 1.093269e+00 
1.389495e-01 5.977911e-01 5.842338e-01 7.023986e-01 1.279085e+00 3.504804e+00 1.975001e+00 3.511993e-01 6.695027e-01 7.552073e-01 8.431828e-01 1.095045e+00 1.146960e+00 
1.584893e-01 6.007881e-01 5.890824e-01 7.825346e-01 1.406793e+00 3.819984e+00 2.124143e+00 3.912673e-01 7.296077e-01 7.950983e-01 8.808179e-01 1.151871e+00 1.202192e+00 
1.807769e-01 6.038963e-01 5.942312e-01 8.699711e-01 1.545385e+00 4.159457e+00 2.281685e+00 4.349855e-01 7.941649e-01 8.363913e-01 9.192699e-01 1.211203e+00 1.258588e+00 
2.061986e-01 6.073924e-01 5.995376e-01 9.664992e-01 1.694660e+00 4.523786e+00 2.450735e+00 4.832496e-01 8.644831e-01 8.796370e-01 9.583241e-01 1.272810e+00 1.316026e+00 
2.351953e-01 6.109565e-01 6.042591e-01 1.068044e+00 1.849715e+00 4.905218e+00 2.631536e+00 5.340221e-01 9.391816e-01 9.241231e-01 9.968846e-01 1.334349e+00 1.373753e+00 
2.682696e-01 6.137323e-01 6.079413e-01 1.171818e+00 2.007619e+00 5.300226e+00 2.823969e+00 5.859090e-01 1.017311e+00 9.698545e-01 1.034447e+00 1.396609e+00 1.430259e+00 
3.059950e-01 6.155621e-01 6.103885e-01 1.275034e+00 2.165659e+00 5.697580e+00 3.019954e+00 6.375171e-01 1.096061e+00 1.016749e+00 1.068370e+00 1.458465e+00 1.483409e+00 
3.490255e-01 6.163743e-01 6.124415e-01 1.370952e+00 2.316299e+00 6.075060e+00 3.204171e+00 6.854762e-01 1.169649e+00 1.063256e+00 1.095557e+00 1.520081e+00 1.527530e+00 
3.981072e-01 6.157970e-01 6.130298e-01 1.450937e+00 2.447318e+00 6.411714e+00 3.374169e+00 7.254683e-01 1.234682e+00 1.108203e+00 1.114001e+00 1.575344e+00 1.562971e+00 
4.540910e-01 6.153659e-01 6.125088e-01 1.507495e+00 2.541829e+00 6.666528e+00 3.513181e+00 7.537473e-01 1.284369e+00 1.146897e+00 1.123045e+00 1.618636e+00 1.586589e+00 
5.179475e-01 6.151837e-01 6.111309e-01 1.534829e+00 2.586395e+00 6.792594e+00 3.590904e+00 7.674144e-01 1.309581e+00 1.174130e+00 1.121299e+00 1.645174e+00 1.594654e+00 
5.907838e-01 6.149717e-01 6.104281e-01 1.522245e+00 2.566085e+00 6.749200e+00 3.577743e+00 7.611225e-01 1.302045e+00 1.185085e+00 1.104481e+00 1.647086e+00 1.583364e+00 
6.738627e-01 6.156099e-01 6.100851e-01 1.462841e+00 2.464428e+00 6.490503e+00 3.451679e+00 7.314203e-01 1.253653e+00 1.171457e+00 1.072867e+00 1.620959e+00 1.544078e+00 
7.686246e-01 6.160583e-01 6.095808e-01 1.371997e+00 2.312484e+00 6.092750e+00 3.242183e+00 6.859984e-01 1.176732e+00 1.127444e+00 1.040024e+00 1.562752e+00 1.492921e+00 
8.767124e-01 6.144633e-01 6.068728e-01 1.269391e+00 2.143240e+00 5.661216e+00 3.021174e+00 6.346957e-01 1.094053e+00 1.053610e+00 1.017064e+00 1.474746e+00 1.442509e+00 
