1.000000e-04 5.243966e-01 4.782531e-01 1.144736e-05 3.832302e-05 1.283339e-04 8.746135e-05 5.723682e-06 2.379488e-05 3.544623e-03 3.971853e-03 5.073766e-03 5.165806e-03 
1.140625e-04 5.243664e-01 4.781623e-01 1.488480e-05 4.987699e-05 1.670543e-04 1.138659e-04 7.442400e-06 3.097669e-05 4.043149e-03 4.530450e-03 5.786428e-03 5.892822e-03 
1.301025e-04 5.244518e-01 4.782712e-01 1.933567e-05 6.471143e-05 2.166996e-04 1.476868e-04 9.667835e-06 4.018436e-05 4.608323e-03 5.163048e-03 6.594790e-03 6.716235e-03 
1.483982e-04 5.243918e-01 4.782621e-01 2.515702e-05 8.419091e-05 2.819433e-04 1.921501e-04 1.257851e-05 5.228223e-05 5.255670e-03 5.888437e-03 7.523032e-03 7.657933e-03 
1.692667e-04 5.243714e-01 4.782422e-01 3.270108e-05 1.094907e-04 3.666869e-04 2.499047e-04 1.635054e-05 6.799198e-05 5.992040e-03 6.713819e-03 8.578307e-03 8.730389e-03 
1.930698e-04 5.244398e-01 4.782320e-01 4.250610e-05 1.422268e-04 4.762240e-04 3.245271e-04 2.125305e-05 8.830328e-05 6.833502e-03 7.655249e-03 9.780205e-03 9.957303e-03 
2.202202e-04 5.245465e-01 4.782593e-01 5.524504e-05 1.846037e-04 6.185269e-04 4.216921e-04 2.762252e-05 1.147497e-04 7.790714e-03 8.727768e-03 1.115079e-02 1.134990e-02 
2.511886e-04 5.245327e-01 4.783532e-01 7.177031e-05 2.400459e-04 8.039864e-04 5.478473e-04 3.588515e-05 1.490828e-04 8.878519e-03 9.947294e-03 1.270828e-02 1.293688e-02 
2.865120e-04 5.245071e-01 4.782244e-01 9.321409e-05 3.116378e-04 1.044005e-03 7.116863e-04 4.660705e-05 1.936522e-04 1.012343e-02 1.134168e-02 1.448604e-02 1.475242e-02 
3.268028e-04 5.245597e-01 4.782711e-01 1.210234e-04 4.039597e-04 1.353668e-03 9.230181e-04 6.051169e-05 2.511902e-04 1.153249e-02 1.291947e-02 1.650373e-02 1.680232e-02 
3.727594e-04 5.246336e-01 4.784357e-01 1.570524e-04 5.245194e-04 1.757269e-03 1.197825e-03 7.852618e-05 3.259944e-04 1.313992e-02 1.472435e-02 1.881111e-02 1.914614e-02 
4.251786e-04 5.246917e-01 4.783883e-01 2.039258e-04 6.800497e-04 2.278861e-03 1.553994e-03 1.019629e-04 4.229544e-04 1.497410e-02 1.677257e-02 2.143064e-02 2.181164e-02 
4.849693e-04 5.248179e-01 4.784431e-01 2.643776e-04 8.810745e-04 2.954296e-03 2.015182e-03 1.321888e-04 5.484828e-04 1.705415e-02 1.911118e-02 2.441118e-02 2.484671e-02 
5.531681e-04 5.248348e-01 4.785023e-01 3.433247e-04 1.144128e-03 3.833547e-03 2.613274e-03 1.716623e-04 7.113589e-04 1.943027e-02 2.176980e-02 2.781427e-02 2.830509e-02 
6.309573e-04 5.248548e-01 4.784831e-01 4.444788e-04 1.479342e-03 4.962037e-03 3.385648e-03 2.222394e-04 9.215796e-04 2.212988e-02 2.478872e-02 3.167383e-02 3.222912e-02 
7.196857e-04 5.249233e-01 4.785426e-01 5.760627e-04 1.915180e-03 6.422624e-03 4.381832e-03 2.880314e-04 1.192895e-03 2.519088e-02 2.821350e-02 3.605144e-02 3.668426e-02 
8.208914e-04 5.249851e-01 4.784736e-01 7.454055e-04 2.473745e-03 8.300345e-03 5.664918e-03 3.727028e-04 1.542452e-03 2.867533e-02 3.211101e-02 4.102364e-02 4.175661e-02 
9.363292e-04 5.251271e-01 4.787096e-01 9.646852e-04 3.196897e-03 1.072248e-02 7.316039e-03 4.823426e-04 1.992546e-03 3.261944e-02 3.653320e-02 4.668525e-02 4.749553e-02 
1.068000e-03 5.252381e-01 4.787168e-01 1.246100e-03 4.120881e-03 1.382627e-02 9.438070e-03 6.230499e-04 2.570895e-03 3.709353e-02 4.155313e-02 5.308971e-02 5.401334e-02 
1.218188e-03 5.253662e-01 4.788611e-01 1.608921e-03 5.312426e-03 1.782760e-02 1.216744e-02 8.044603e-04 3.315107e-03 4.215963e-02 4.723110e-02 6.034103e-02 6.139426e-02 
1.389495e-03 5.254168e-01 4.788166e-01 2.074434e-03 6.824250e-03 2.291787e-02 1.565672e-02 1.037217e-03 4.266711e-03 4.790775e-02 5.366793e-02 6.855907e-02 6.975453e-02 
1.584893e-03 5.256518e-01 4.789029e-01 2.670140e-03 8.751662e-03 2.940624e-02 2.009705e-02 1.335070e-03 5.478764e-03 5.439875e-02 6.092457e-02 7.783415e-02 7.918044e-02 
1.807769e-03 5.258356e-01 4.791130e-01 3.434108e-03 1.121749e-02 3.766495e-02 2.572611e-02 1.717054e-03 7.017421e-03 6.172541e-02 6.912785e-02 8.833656e-02 8.983470e-02 
2.061986e-03 5.261748e-01 4.792716e-01 4.400023e-03 1.427571e-02 4.797631e-02 3.279537e-02 2.200012e-03 8.951545e-03 6.991875e-02 7.830248e-02 1.000384e-01 1.017579e-01 
2.351953e-03 5.265146e-01 4.797085e-01 5.621303e-03 1.811928e-02 6.087433e-02 4.160379e-02 2.810652e-03 1.136620e-02 7.907504e-02 8.855932e-02 1.131331e-01 1.151100e-01 
2.682696e-03 5.269361e-01 4.801527e-01 7.153690e-03 2.285932e-02 7.684513e-02 5.255179e-02 3.576845e-03 1.437149e-02 8.926973e-02 9.998854e-02 1.277557e-01 1.299216e-01 
3.059950e-03 5.274851e-01 4.807796e-01 9.066055e-03 2.867959e-02 9.639526e-02 6.591634e-02 4.533027e-03 1.805081e-02 1.005497e-01 1.126433e-01 1.439449e-01 1.463355e-01 
3.490255e-03 5.282737e-01 4.816784e-01 1.142316e-02 3.570371e-02 1.199346e-01 8.200608e-02 5.711578e-03 2.249438e-02 1.128753e-01 1.264936e-01 1.616498e-01 1.643091e-01 
3.981072e-03 5.290802e-01 4.826768e-01 1.432966e-02 4.420316e-02 1.483604e-01 1.013762e-01 7.164832e-03 2.786343e-02 1.264023e-01 1.417137e-01 1.810970e-01 1.840697e-01 
4.540910e-03 5.301981e-01 4.839680e-01 1.786227e-02 5.414609e-02 1.815398e-01 1.239904e-01 8.931137e-03 3.416577e-02 1.410102e-01 1.581384e-01 2.021101e-01 2.053811e-01 
5.179475e-03 5.316777e-01 4.855912e-01 2.210569e-02 6.580159e-02 2.200545e-01 1.500633e-01 1.105284e-02 4.147464e-02 1.566384e-01 1.757090e-01 2.246800e-01 2.281738e-01 
5.907838e-03 5.333104e-01 4.875007e-01 2.716960e-02 7.931401e-02 2.645750e-01 1.801446e-01 1.358480e-02 4.995407e-02 1.732568e-01 1.945495e-01 2.488062e-01 2.525544e-01 
6.738627e-03 5.351721e-01 4.897814e-01 3.315451e-02 9.484717e-02 3.152082e-01 2.140983e-01 1.657726e-02 5.959428e-02 1.908325e-01 2.144990e-01 2.742849e-01 2.784996e-01 
7.686246e-03 5.372369e-01 4.922867e-01 4.013308e-02 1.122331e-01 3.713682e-01 2.514993e-01 2.006654e-02 7.031469e-02 2.091230e-01 2.353157e-01 3.010521e-01 3.054061e-01 
8.767124e-03 5.395939e-01 4.950822e-01 4.826808e-02 1.319821e-01 4.343466e-01 2.930654e-01 2.413404e-02 8.232783e-02 2.282526e-01 2.571555e-01 3.290460e-01 3.337839e-01 
1.000000e-02 5.420293e-01 4.983558e-01 5.758757e-02 1.539009e-01 5.032321e-01 3.380263e-01 2.879378e-02 9.546286e-02 2.479324e-01 2.797143e-01 3.581665e-01 3.629760e-01 
1.140625e-02 5.448308e-01 5.018724e-01 6.823575e-02 1.782136e-01 5.786098e-01 3.867538e-01 3.411788e-02 1.098443e-01 2.681559e-01 3.031302e-01 3.882596e-01 3.932682e-01 
1.301025e-02 5.474136e-01 5.055039e-01 8.036386e-02 2.052497e-01 6.612218e-01 4.394786e-01 4.018193e-02 1.255812e-01 2.890287e-01 3.272786e-01 4.193129e-01 4.247570e-01 
1.483982e-02 5.502694e-01 5.093262e-01 9.392853e-02 2.345894e-01 7.497747e-01 4.954675e-01 4.696426e-02 1.424805e-01 3.102766e-01 3.519289e-01 4.513051e-01 4.566415e-01 
1.692667e-02 5.529912e-01 5.131631e-01 1.091282e-01 2.666873e-01 8.447541e-01 5.544601e-01 5.456411e-02 1.605393e-01 3.319187e-01 3.771938e-01 4.839232e-01 4.895708e-01 
1.930698e-02 5.557233e-01 5.171777e-01 1.262049e-01 3.017913e-01 9.479349e-01 6.180776e-01 6.310244e-02 1.802135e-01 3.541284e-01 4.032550e-01 5.176301e-01 5.234506e-01 
2.202202e-02 5.584503e-01 5.211611e-01 1.451152e-01 3.396769e-01 1.058090e+00 6.850525e-01 7.255761e-02 2.012184e-01 3.767673e-01 4.298398e-01 5.520985e-01 5.580099e-01 
2.511886e-02 5.612411e-01 5.253366e-01 1.660797e-01 3.807161e-01 1.175455e+00 7.552968e-01 8.303983e-02 2.235770e-01 3.998697e-01 4.570089e-01 5.875681e-01 5.932663e-01 
2.865120e-02 5.638736e-01 5.293969e-01 1.892773e-01 4.252979e-01 1.301384e+00 8.296113e-01 9.463865e-02 2.475449e-01 4.234011e-01 4.848996e-01 6.238002e-01 6.295505e-01 
3.268028e-02 5.665932e-01 5.334011e-01 2.147104e-01 4.725770e-01 1.433423e+00 9.067902e-01 1.073552e-01 2.728268e-01 4.473238e-01 5.131325e-01 6.606752e-01 6.662195e-01 
3.727594e-02 5.692178e-01 5.375502e-01 2.427679e-01 5.236659e-01 1.574462e+00 9.880074e-01 1.213839e-01 2.998488e-01 4.718586e-01 5.421113e-01 6.987092e-01 7.038815e-01 
4.251786e-02 5.718967e-01 5.419679e-01 2.736464e-01 5.784271e-01 1.723414e+00 1.072099e+00 1.368232e-01 3.283981e-01 4.969378e-01 5.715835e-01 7.377178e-01 7.423670e-01 
4.849693e-02 5.744794e-01 5.466193e-01 3.072177e-01 6.366769e-01 1.878852e+00 1.157559e+00 1.536088e-01 3.581292e-01 5.223617e-01 6.012880e-01 7.769293e-01 7.819166e-01 
5.531681e-02 5.770788e-01 5.514893e-01 3.437654e-01 6.984984e-01 2.040643e+00 1.243955e+00 1.718827e-01 3.890831e-01 5.482036e-01 6.311104e-01 8.166551e-01 8.221153e-01 
6.309573e-02 5.800365e-01 5.568025e-01 3.835276e-01 7.642396e-01 2.209579e+00 1.331845e+00 1.917638e-01 4.214398e-01 5.745128e-01 6.610196e-01 8.566329e-01 8.632079e-01 
7.196857e-02 5.831358e-01 5.623062e-01 4.265964e-01 8.337507e-01 2.385953e+00 1.421316e+00 2.132982e-01 4.553290e-01 6.012604e-01 6.909592e-01 8.966304e-01 9.051083e-01 
8.208914e-02 5.866160e-01 5.678651e-01 4.735796e-01 9.076090e-01 2.571706e+00 1.514118e+00 2.367898e-01 4.912931e-01 6.287040e-01 7.213813e-01 9.370473e-01 9.481659e-01 
9.363292e-02 5.901291e-01 5.735055e-01 5.238621e-01 9.853454e-01 2.764225e+00 1.607646e+00 2.619311e-01 5.286189e-01 6.563619e-01 7.518685e-01 9.774344e-01 9.918510e-01 
1.068000e-01 5.937344e-01 5.786349e-01 5.785673e-01 1.068318e+00 2.969913e+00 1.707941e+00 2.892837e-01 5.689887e-01 6.848804e-01 7.833480e-01 1.018891e+00 1.036699e+00 
1.218188e-01 5.969887e-01 5.840031e-01 6.368183e-01 1.156993e+00 3.185812e+00 1.809766e+00 3.184091e-01 6.110020e-01 7.134009e-01 8.151923e-01 1.060555e+00 1.082530e+00 
1.389495e-01 5.997262e-01 5.888379e-01 6.990204e-01 1.252855e+00 3.416993e+00 1.916095e+00 3.495102e-01 6.554643e-01 7.420364e-01 8.480953e-01 1.103122e+00 1.129611e+00 
1.584893e-01 6.021887e-01 5.932815e-01 7.658952e-01 1.357167e+00 3.667126e+00 2.029645e+00 3.829476e-01 7.032443e-01 7.718289e-01 8.818309e-01 1.147547e+00 1.177901e+00 
1.807769e-01 6.047167e-01 5.978559e-01 8.385463e-01 1.471639e+00 3.942912e+00 2.154936e+00 4.192731e-01 7.556584e-01 8.031362e-01 9.173916e-01 1.194878e+00 1.228201e+00 
2.061986e-01 6.070062e-01 6.022966e-01 9.176399e-01 1.595190e+00 4.241723e+00 2.291916e+00 4.588199e-01 8.130409e-01 8.360427e-01 9.545163e-01 1.244926e+00 1.280067e+00 
2.351953e-01 6.092407e-01 6.067674e-01 1.004395e+00 1.731428e+00 4.568260e+00 2.438531e+00 5.021973e-01 8.753472e-01 8.710298e-01 9.930991e-01 1.299162e+00 1.333120e+00 
2.682696e-01 6.114174e-01 6.113423e-01 1.098911e+00 1.878889e+00 4.918064e+00 2.589863e+00 5.494557e-01 9.418180e-01 9.065597e-01 1.033453e+00 1.358021e+00 1.385281e+00 
3.059950e-01 6.138797e-01 6.157784e-01 1.197432e+00 2.028456e+00 5.269076e+00 2.734837e+00 5.987159e-01 1.008567e+00 9.407582e-01 1.073595e+00 1.417969e+00 1.434100e+00 
3.490255e-01 6.176713e-01 6.212406e-01 1.297173e+00 2.171846e+00 5.601246e+00 2.867750e+00 6.485863e-01 1.073616e+00 9.717470e-01 1.111931e+00 1.475140e+00 1.477967e+00 
3.981072e-01 6.228666e-01 6.281272e-01 1.394033e+00 2.297850e+00 5.889955e+00 2.977962e+00 6.970167e-01 1.132892e+00 9.973935e-01 1.145485e+00 1.525872e+00 1.513035e+00 
4.540910e-01 6.272304e-01 6.332622e-01 1.477328e+00 2.403127e+00 6.130336e+00 3.071862e+00 7.386640e-01 1.183532e+00 1.018465e+00 1.171491e+00 1.572078e+00 1.534325e+00 
5.179475e-01 6.290507e-01 6.356736e-01 1.528118e+00 2.467853e+00 6.275480e+00 3.126093e+00 7.640592e-01 1.214048e+00 1.029552e+00 1.187335e+00 1.603527e+00 1.541943e+00 
5.907838e-01 6.309961e-01 6.371444e-01 1.540060e+00 2.476295e+00 6.289031e+00 3.125030e+00 7.700300e-01 1.218612e+00 1.028985e+00 1.190454e+00 1.612761e+00 1.535808e+00 
6.738627e-01 6.313694e-01 6.358563e-01 1.509278e+00 2.422886e+00 6.160382e+00 3.069340e+00 7.546390e-01 1.195876e+00 1.015417e+00 1.180292e+00 1.597047e+00 1.515585e+00 
7.686246e-01 6.310188e-01 6.320745e-01 1.425105e+00 2.287737e+00 5.848538e+00 2.948038e+00 7.125524e-01 1.138891e+00 9.879848e-01 1.144639e+00 1.541443e+00 1.476783e+00 
8.767124e-01 6.233597e-01 6.232272e-01 1.288487e+00 2.100950e+00 5.412652e+00 2.762559e+00 6.442436e-01 1.050121e+00 9.469966e-01 1.087949e+00 1.458062e+00 1.419761e+00 
