1.000000e-04 5.231468e-01 4.751425e-01 1.022369e-05 3.462740e-05 1.179906e-04 8.151074e-05 5.111844e-06 2.208088e-05 3.392626e-03 3.761144e-03 4.774618e-03 4.947315e-03 
1.140625e-04 5.232059e-01 4.752458e-01 1.328579e-05 4.499012e-05 1.532727e-04 1.058559e-04 6.642897e-06 2.868041e-05 3.867295e-03 4.287672e-03 5.443756e-03 5.639173e-03 
1.301025e-04 5.231112e-01 4.752684e-01 1.727803e-05 5.855177e-05 1.994334e-04 1.377160e-04 8.639017e-06 3.731113e-05 4.410177e-03 4.889664e-03 6.207862e-03 6.431884e-03 
1.483982e-04 5.231736e-01 4.751330e-01 2.247342e-05 7.601511e-05 2.590582e-04 1.789511e-04 1.123671e-05 4.848411e-05 5.029394e-03 5.576210e-03 7.078992e-03 7.333828e-03 
1.692667e-04 5.230345e-01 4.750948e-01 2.919728e-05 9.898850e-05 3.370854e-04 2.327709e-04 1.459864e-05 6.305868e-05 5.734689e-03 6.358572e-03 8.073555e-03 8.362288e-03 
1.930698e-04 5.230826e-01 4.751708e-01 3.795463e-05 1.285222e-04 4.376393e-04 3.021110e-04 1.897731e-05 8.185692e-05 6.537897e-03 7.248370e-03 9.202201e-03 9.534289e-03 
2.202202e-04 5.231172e-01 4.750826e-01 4.931350e-05 1.670367e-04 5.691478e-04 3.931193e-04 2.465675e-05 1.065006e-04 7.455730e-03 8.265209e-03 1.049334e-02 1.087038e-02 
2.511886e-04 5.231397e-01 4.752051e-01 6.409830e-05 2.168006e-04 7.383168e-04 5.097851e-04 3.204915e-05 1.381397e-04 8.494012e-03 9.418901e-03 1.195741e-02 1.238716e-02 
2.865120e-04 5.231751e-01 4.752546e-01 8.324186e-05 2.817345e-04 9.596589e-04 6.625388e-04 4.162093e-05 1.795298e-04 9.684934e-03 1.073738e-02 1.363328e-02 1.412208e-02 
3.268028e-04 5.233086e-01 4.752797e-01 1.080424e-04 3.650174e-04 1.243653e-03 8.590804e-04 5.402118e-05 2.328095e-04 1.103366e-02 1.223337e-02 1.553034e-02 1.608928e-02 
3.727594e-04 5.232725e-01 4.754096e-01 1.404288e-04 4.742724e-04 1.616622e-03 1.117224e-03 7.021440e-05 3.027405e-04 1.258160e-02 1.394290e-02 1.770544e-02 1.833985e-02 
4.251786e-04 5.233696e-01 4.752884e-01 1.819704e-04 6.146292e-04 2.094545e-03 1.446845e-03 9.098522e-05 3.920718e-04 1.433031e-02 1.588262e-02 2.016335e-02 2.089319e-02 
4.849693e-04 5.233251e-01 4.752562e-01 2.364190e-04 7.974642e-04 2.718732e-03 1.878784e-03 1.182095e-04 5.091710e-04 1.633681e-02 1.810456e-02 2.298614e-02 2.381406e-02 
5.531681e-04 5.234728e-01 4.754012e-01 3.065545e-04 1.033908e-03 3.525504e-03 2.436239e-03 1.532772e-04 6.602753e-04 1.860375e-02 2.061740e-02 2.617933e-02 2.711791e-02 
6.309573e-04 5.233977e-01 4.753151e-01 3.975662e-04 1.339718e-03 4.569363e-03 3.159066e-03 1.987831e-04 8.561706e-04 2.119199e-02 2.348403e-02 2.981107e-02 3.089468e-02 
7.196857e-04 5.235442e-01 4.753961e-01 5.149183e-04 1.731892e-03 5.908018e-03 4.085388e-03 2.574591e-04 1.107388e-03 2.413054e-02 2.673456e-02 3.394575e-02 3.516575e-02 
8.208914e-04 5.235920e-01 4.754336e-01 6.663016e-04 2.242376e-03 7.646910e-03 5.286287e-03 3.331508e-04 1.432921e-03 2.746697e-02 3.043002e-02 3.863450e-02 4.003434e-02 
9.363292e-04 5.237068e-01 4.755709e-01 8.612322e-04 2.887782e-03 9.855687e-03 6.815410e-03 4.306161e-04 1.848082e-03 3.123785e-02 3.460637e-02 4.392922e-02 4.553081e-02 
1.068000e-03 5.238069e-01 4.754863e-01 1.115032e-03 3.737232e-03 1.275824e-02 8.825989e-03 5.575159e-04 2.393195e-03 3.555587e-02 3.939404e-02 5.000165e-02 5.182529e-02 
1.218188e-03 5.238833e-01 4.755404e-01 1.439208e-03 4.813145e-03 1.643201e-02 1.136809e-02 7.196041e-04 3.083260e-03 4.042533e-02 4.477501e-02 5.683199e-02 5.891854e-02 
1.389495e-03 5.239775e-01 4.757735e-01 1.856015e-03 6.191284e-03 2.114952e-02 1.464156e-02 9.280076e-04 3.971857e-03 4.594941e-02 5.088867e-02 6.459193e-02 6.696630e-02 
1.584893e-03 5.241578e-01 4.757449e-01 2.390813e-03 7.940573e-03 2.714158e-02 1.879384e-02 1.195407e-03 5.100210e-03 5.218850e-02 5.778713e-02 7.336010e-02 7.602874e-02 
1.807769e-03 5.242098e-01 4.757824e-01 3.073630e-03 1.018776e-02 3.481931e-02 2.410841e-02 1.536815e-03 6.544455e-03 5.923124e-02 6.560725e-02 8.324290e-02 8.633312e-02 
2.061986e-03 5.244648e-01 4.759783e-01 3.941675e-03 1.299831e-02 4.445155e-02 3.079650e-02 1.970838e-03 8.363896e-03 6.714077e-02 7.436442e-02 9.435466e-02 9.784879e-02 
2.351953e-03 5.247608e-01 4.762158e-01 5.037521e-03 1.649157e-02 5.640942e-02 3.908660e-02 2.518760e-03 1.062434e-02 7.598962e-02 8.413619e-02 1.067209e-01 1.107767e-01 
2.682696e-03 5.251762e-01 4.766263e-01 6.419510e-03 2.087298e-02 7.140360e-02 4.947920e-02 3.209755e-03 1.346021e-02 8.585371e-02 9.508014e-02 1.205754e-01 1.251706e-01 
3.059950e-03 5.255249e-01 4.771251e-01 8.144359e-03 2.624551e-02 8.974252e-02 6.218496e-02 4.072179e-03 1.693608e-02 9.680632e-02 1.071784e-01 1.359789e-01 1.411139e-01 
3.490255e-03 5.263380e-01 4.778551e-01 1.028325e-02 3.272038e-02 1.118778e-01 7.753564e-02 5.141623e-03 2.114939e-02 1.088443e-01 1.204829e-01 1.528442e-01 1.586701e-01 
3.981072e-03 5.271575e-01 4.788200e-01 1.291855e-02 4.059115e-02 1.387310e-01 9.611692e-02 6.459273e-03 2.626291e-02 1.220179e-01 1.350898e-01 1.713266e-01 1.779633e-01 
4.540910e-03 5.280465e-01 4.798502e-01 1.611679e-02 4.990907e-02 1.702124e-01 1.177812e-01 8.058393e-03 3.225312e-02 1.363129e-01 1.509082e-01 1.914363e-01 1.988695e-01 
5.179475e-03 5.292692e-01 4.812850e-01 1.998724e-02 6.091015e-02 2.072473e-01 1.431749e-01 9.993619e-03 3.930867e-02 1.516898e-01 1.679888e-01 2.130937e-01 2.214533e-01 
5.907838e-03 5.306781e-01 4.829345e-01 2.464568e-02 7.372924e-02 2.500807e-01 1.724156e-01 1.232284e-02 4.748233e-02 1.681534e-01 1.862832e-01 2.361709e-01 2.458185e-01 
6.738627e-03 5.324229e-01 4.849983e-01 3.014009e-02 8.846077e-02 2.989034e-01 2.055469e-01 1.507004e-02 5.680130e-02 1.855200e-01 2.056447e-01 2.607298e-01 2.714769e-01 
7.686246e-03 5.342447e-01 4.873517e-01 3.662246e-02 1.053923e-01 3.542524e-01 2.427343e-01 1.831123e-02 6.733833e-02 2.037837e-01 2.261298e-01 2.866730e-01 2.986728e-01 
8.767124e-03 5.364215e-01 4.899144e-01 4.413879e-02 1.243015e-01 4.154480e-01 2.835543e-01 2.206939e-02 7.901236e-02 2.228592e-01 2.474496e-01 3.138023e-01 3.270112e-01 
1.000000e-02 5.384274e-01 4.928173e-01 5.284308e-02 1.458709e-01 4.840039e-01 3.286272e-01 2.642154e-02 9.200998e-02 2.426311e-01 2.697841e-01 3.421264e-01 3.567773e-01 
1.140625e-02 5.409537e-01 4.959606e-01 6.278587e-02 1.696179e-01 5.587366e-01 3.774711e-01 3.139293e-02 1.062242e-01 2.628779e-01 2.928727e-01 3.713148e-01 3.874481e-01 
1.301025e-02 5.432994e-01 4.992769e-01 7.413164e-02 1.961215e-01 6.404166e-01 4.299363e-01 3.706582e-02 1.216791e-01 2.837692e-01 3.167196e-01 4.014847e-01 4.193415e-01 
1.483982e-02 5.458358e-01 5.030036e-01 8.689635e-02 2.251130e-01 7.284067e-01 4.856658e-01 4.344817e-02 1.382916e-01 3.049685e-01 3.411934e-01 4.326408e-01 4.518167e-01 
1.692667e-02 5.484138e-01 5.067318e-01 1.012120e-01 2.565503e-01 8.226331e-01 5.448307e-01 5.060598e-02 1.561425e-01 3.266173e-01 3.661643e-01 4.642677e-01 4.852590e-01 
1.930698e-02 5.510117e-01 5.106802e-01 1.171943e-01 2.907148e-01 9.233336e-01 6.071461e-01 5.859713e-02 1.752004e-01 3.485745e-01 3.917585e-01 4.967067e-01 5.194425e-01 
2.202202e-02 5.535111e-01 5.147789e-01 1.348584e-01 3.277299e-01 1.030379e+00 6.721807e-01 6.742922e-02 1.953695e-01 3.707732e-01 4.178899e-01 5.299416e-01 5.542503e-01 
2.511886e-02 5.562157e-01 5.189221e-01 1.543409e-01 3.670025e-01 1.143053e+00 7.400506e-01 7.717044e-02 2.167338e-01 3.932688e-01 4.443709e-01 5.634761e-01 5.896667e-01 
2.865120e-02 5.587617e-01 5.230502e-01 1.758469e-01 4.095334e-01 1.262629e+00 8.103845e-01 8.792344e-02 2.392477e-01 4.159317e-01 4.714975e-01 5.978434e-01 6.257563e-01 
3.268028e-02 5.615912e-01 5.274433e-01 1.995791e-01 4.548584e-01 1.388655e+00 8.837044e-01 9.978957e-02 2.631327e-01 4.390315e-01 4.991001e-01 6.326615e-01 6.627523e-01 
3.727594e-02 5.641131e-01 5.316528e-01 2.253529e-01 5.027937e-01 1.520372e+00 9.590015e-01 1.126764e-01 2.880829e-01 4.622524e-01 5.270676e-01 6.680315e-01 7.000800e-01 
4.251786e-02 5.666200e-01 5.357986e-01 2.536243e-01 5.544400e-01 1.659486e+00 1.037043e+00 1.268121e-01 3.144118e-01 4.859096e-01 5.555381e-01 7.039940e-01 7.383968e-01 
4.849693e-02 5.693460e-01 5.401723e-01 2.847128e-01 6.097114e-01 1.806109e+00 1.117349e+00 1.423564e-01 3.421732e-01 5.100846e-01 5.846305e-01 7.407372e-01 7.777298e-01 
5.531681e-02 5.722001e-01 5.448772e-01 3.189752e-01 6.692920e-01 1.961210e+00 1.200071e+00 1.594876e-01 3.715182e-01 5.348459e-01 6.142691e-01 7.781703e-01 8.183516e-01 
6.309573e-02 5.753631e-01 5.498797e-01 3.569864e-01 7.329763e-01 2.126170e+00 1.287138e+00 1.784932e-01 4.031209e-01 5.603026e-01 6.446473e-01 8.164744e-01 8.600253e-01 
7.196857e-02 5.788633e-01 5.551133e-01 3.989669e-01 8.009549e-01 2.302026e+00 1.379958e+00 1.994834e-01 4.373417e-01 5.866946e-01 6.758972e-01 8.554313e-01 9.034621e-01 
8.208914e-02 5.824061e-01 5.602947e-01 4.449874e-01 8.736514e-01 2.490408e+00 1.479013e+00 2.224937e-01 4.743425e-01 6.138760e-01 7.079947e-01 8.952258e-01 9.482164e-01 
9.363292e-02 5.856284e-01 5.654710e-01 4.952633e-01 9.533752e-01 2.693810e+00 1.583088e+00 2.476317e-01 5.139692e-01 6.416134e-01 7.413519e-01 9.366526e-01 9.944404e-01 
1.068000e-01 5.887502e-01 5.708549e-01 5.507371e-01 1.040780e+00 2.915752e+00 1.694182e+00 2.753686e-01 5.570532e-01 6.703140e-01 7.762925e-01 9.801416e-01 1.042524e+00 
1.218188e-01 5.916864e-01 5.762343e-01 6.125331e-01 1.137362e+00 3.158059e+00 1.813198e+00 3.062665e-01 6.040586e-01 7.007128e-01 8.124790e-01 1.026658e+00 1.092091e+00 
1.389495e-01 5.948559e-01 5.819043e-01 6.810017e-01 1.242999e+00 3.420441e+00 1.939964e+00 3.405008e-01 6.551880e-01 7.326773e-01 8.495096e-01 1.075078e+00 1.143397e+00 
1.584893e-01 5.983603e-01 5.876568e-01 7.569641e-01 1.360780e+00 3.707864e+00 2.073980e+00 3.784821e-01 7.105878e-01 7.661580e-01 8.880839e-01 1.126314e+00 1.196655e+00 
1.807769e-01 6.019758e-01 5.932850e-01 8.402829e-01 1.488937e+00 4.017140e+00 2.214616e+00 4.201414e-01 7.700449e-01 8.010308e-01 9.276696e-01 1.180260e+00 1.250763e+00 
2.061986e-01 6.052535e-01 5.989009e-01 9.311654e-01 1.628989e+00 4.352226e+00 2.364022e+00 4.655827e-01 8.340615e-01 8.364936e-01 9.694821e-01 1.238123e+00 1.305606e+00 
2.351953e-01 6.082882e-01 6.047594e-01 1.029093e+00 1.780376e+00 4.710120e+00 2.519018e+00 5.145467e-01 9.016006e-01 8.720067e-01 1.012846e+00 1.300235e+00 1.359572e+00 
2.682696e-01 6.108837e-01 6.101517e-01 1.130595e+00 1.941000e+00 5.088507e+00 2.681559e+00 5.652977e-01 9.723087e-01 9.074721e-01 1.056646e+00 1.364787e+00 1.412028e+00 
3.059950e-01 6.137278e-01 6.147214e-01 1.234051e+00 2.102044e+00 5.470628e+00 2.848695e+00 6.170253e-01 1.044887e+00 9.432908e-01 1.098551e+00 1.429417e+00 1.460846e+00 
3.490255e-01 6.154584e-01 6.182072e-01 1.334462e+00 2.260435e+00 5.849570e+00 3.015929e+00 6.672311e-01 1.117307e+00 9.778567e-01 1.138103e+00 1.493800e+00 1.504110e+00 
3.981072e-01 6.166508e-01 6.197204e-01 1.425559e+00 2.407184e+00 6.208178e+00 3.180586e+00 7.127793e-01 1.185994e+00 1.009999e+00 1.173979e+00 1.555177e+00 1.540146e+00 
4.540910e-01 6.171016e-01 6.208348e-01 1.495424e+00 2.519968e+00 6.493695e+00 3.314756e+00 7.477122e-01 1.240435e+00 1.037594e+00 1.199300e+00 1.606556e+00 1.564293e+00 
5.179475e-01 6.171297e-01 6.201408e-01 1.534980e+00 2.582476e+00 6.664882e+00 3.410897e+00 7.674900e-01 1.274826e+00 1.059376e+00 1.209634e+00 1.640469e+00 1.574606e+00 
5.907838e-01 6.166528e-01 6.190986e-01 1.537981e+00 2.586078e+00 6.676385e+00 3.424176e+00 7.689903e-01 1.278139e+00 1.071108e+00 1.201840e+00 1.650093e+00 1.570008e+00 
6.738627e-01 6.180675e-01 6.197146e-01 1.501638e+00 2.509735e+00 6.483700e+00 3.332149e+00 7.508191e-01 1.245412e+00 1.065039e+00 1.175998e+00 1.629817e+00 1.543364e+00 
7.686246e-01 6.196470e-01 6.198673e-01 1.420784e+00 2.360604e+00 6.107956e+00 3.150176e+00 7.103922e-01 1.177300e+00 1.034251e+00 1.136545e+00 1.572003e+00 1.499086e+00 
8.767124e-01 6.164547e-01 6.139745e-01 1.290919e+00 2.158851e+00 5.617205e+00 2.923140e+00 6.454594e-01 1.082630e+00 9.723004e-01 1.090844e+00 1.475605e+00 1.439351e+00 
