     0 5.39666e-02 1.40774e-01
     1 1.80945e-01 2.03434e-01
     2 3.80369e-02 3.74379e-02
     3 1.77122e-02 2.02695e-02
     4 1.03046e-02 1.28783e-02
     5 7.33532e-03 9.07692e-03
     6 5.38639e-03 6.76996e-03
     7 4.24874e-03 5.41922e-03
     8 3.43791e-03 4.44127e-03
     9 2.82924e-03 3.64656e-03
    10 2.38127e-03 3.04081e-03
    11 2.03163e-03 2.60298e-03
    12 1.75800e-03 2.25144e-03
    13 1.53873e-03 1.97682e-03
    14 1.35099e-03 1.73364e-03
    15 1.20224e-03 1.53880e-03
    16 1.08057e-03 1.37371e-03
    17 9.69126e-04 1.22980e-03
    18 8.72624e-04 1.11020e-03
    19 7.93235e-04 1.00421e-03
    20 7.22637e-04 9.16079e-04
    21 6.63278e-04 8.38277e-04
    22 6.08858e-04 7.67425e-04
    23 5.59090e-04 7.05402e-04
    24 5.16209e-04 6.51901e-04
    25 4.78345e-04 6.03903e-04
    26 4.44609e-04 5.58804e-04
    27 4.12495e-04 5.19503e-04
    28 3.84449e-04 4.84845e-04
    29 3.59797e-04 4.52702e-04
    30 3.36276e-04 4.22593e-04
    31 3.14675e-04 3.95475e-04
    32 2.94982e-04 3.70569e-04
    33 2.76798e-04 3.47939e-04
    34 2.60644e-04 3.27569e-04
    35 2.45476e-04 3.08547e-04
    36 2.31422e-04 2.91535e-04
    37 2.18422e-04 2.76135e-04
    38 2.06712e-04 2.61023e-04
    39 1.95679e-04 2.46917e-04
    40 1.85583e-04 2.34322e-04
    41 1.75805e-04 2.22524e-04
    42 1.66798e-04 2.11396e-04
    43 1.58433e-04 2.00998e-04
    44 1.50782e-04 1.90929e-04
    45 1.43733e-04 1.81977e-04
    46 1.37063e-04 1.73545e-04
    47 1.30718e-04 1.65656e-04
    48 1.24653e-04 1.58085e-04
    49 1.18974e-04 1.50945e-04
    50 1.13612e-04 1.44312e-04
    51 1.08558e-04 1.37998e-04
    52 1.03817e-04 1.32055e-04
    53 9.93583e-05 1.26458e-04
    54 9.51238e-05 1.21300e-04
    55 9.11536e-05 1.16321e-04
    56 8.74077e-05 1.11631e-04
    57 8.37998e-05 1.07146e-04
    58 8.04157e-05 1.02936e-04
    59 7.72254e-05 9.89617e-05
    60 7.42302e-05 9.50765e-05
    61 7.14325e-05 9.14706e-05
    62 6.86565e-05 8.80670e-05
    63 6.60315e-05 8.47861e-05
    64 6.35850e-05 8.16749e-05
    65 6.12567e-05 7.86451e-05
    66 5.90028e-05 7.58110e-05
    67 5.68733e-05 7.31089e-05
    68 5.48259e-05 7.05091e-05
    69 5.28277e-05 6.80763e-05
    70 5.09289e-05 6.57209e-05
    71 4.91559e-05 6.35123e-05
    72 4.74882e-05 6.13521e-05
    73 4.58895e-05 5.92516e-05
    74 4.43333e-05 5.72851e-05
    75 4.28341e-05 5.54467e-05
    76 4.14123e-05 5.36635e-05
    77 4.00600e-05 5.19463e-05
    78 3.87545e-05 5.03083e-05
    79 3.75137e-05 4.87114e-05
    80 3.63062e-05 4.72046e-05
    81 3.51563e-05 4.57511e-05
    82 3.40434e-05 4.43183e-05
    83 3.29689e-05 4.29415e-05
    84 3.19499e-05 4.16460e-05
    85 3.09473e-05 4.03870e-05
    86 2.99808e-05 3.91676e-05
    87 2.90623e-05 3.79945e-05
    88 2.81887e-05 3.68397e-05
    89 2.73510e-05 3.57496e-05
    90 2.65356e-05 3.47134e-05
    91 2.57534e-05 3.37346e-05
    92 2.49953e-05 3.27783e-05
    93 2.42602e-05 3.18426e-05
    94 2.35649e-05 3.09587e-05
    95 2.29012e-05 3.01055e-05
    96 2.22580e-05 2.92891e-05
    97 2.16286e-05 2.84915e-05
    98 2.10147e-05 2.77173e-05
    99 2.04257e-05 2.69756e-05
   100 1.98705e-05 2.62539e-05
   101 1.93317e-05 2.55624e-05
   102 1.87999e-05 2.48899e-05
   103 1.82856e-05 2.42329e-05
   104 1.77853e-05 2.35878e-05
   105 1.73055e-05 2.29618e-05
   106 1.68447e-05 2.23677e-05
   107 1.63942e-05 2.17954e-05
   108 1.59510e-05 2.12346e-05
   109 1.55335e-05 2.06957e-05
   110 1.51259e-05 2.01675e-05
   111 1.47327e-05 1.96633e-05
   112 1.43584e-05 1.91768e-05
   113 1.39936e-05 1.87082e-05
   114 1.36376e-05 1.82476e-05
   115 1.32906e-05 1.78005e-05
   116 1.29525e-05 1.73712e-05
   117 1.26292e-05 1.69551e-05
   118 1.23156e-05 1.65469e-05
   119 1.20130e-05 1.61580e-05
   120 1.17175e-05 1.57739e-05
   121 1.14322e-05 1.54049e-05
   122 1.11523e-05 1.50423e-05
   123 1.08848e-05 1.46867e-05
   124 1.06245e-05 1.43509e-05
   125 1.03724e-05 1.40231e-05
   126 1.01298e-05 1.36999e-05
   127 9.89408e-06 1.33882e-05
   128 9.66320e-06 1.30809e-05
   129 9.43447e-06 1.27828e-05
   130 9.21401e-06 1.24911e-05
   131 9.00082e-06 1.22106e-05
   132 8.79209e-06 1.19424e-05
   133 8.58872e-06 1.16765e-05
   134 8.39390e-06 1.14218e-05
   135 8.20327e-06 1.11733e-05
   136 8.01554e-06 1.09282e-05
   137 7.83398e-06 1.06895e-05
   138 7.65867e-06 1.04559e-05
   139 7.48917e-06 1.02347e-05
   140 7.32640e-06 1.00185e-05
   141 7.16751e-06 9.80828e-06
   142 7.00933e-06 9.59984e-06
   143 6.85721e-06 9.39711e-06
   144 6.70694e-06 9.20045e-06
   145 6.55941e-06 9.00613e-06
   146 6.41617e-06 8.81812e-06
   147 6.28002e-06 8.63638e-06
   148 6.14536e-06 8.46037e-06
   149 6.01365e-06 8.28617e-06
   150 5.88632e-06 8.11769e-06
   151 5.76287e-06 7.95228e-06
   152 5.64104e-06 7.79165e-06
   153 5.52332e-06 7.63694e-06
   154 5.40936e-06 7.48788e-06
   155 5.29750e-06 7.33814e-06
   156 5.18795e-06 7.19447e-06
   157 5.08112e-06 7.05370e-06
   158 4.97794e-06 6.91455e-06
   159 4.87677e-06 6.77794e-06
   160 4.77786e-06 6.64450e-06
   161 4.68173e-06 6.51562e-06
   162 4.58859e-06 6.39121e-06
   163 4.49831e-06 6.26730e-06
   164 4.40886e-06 6.14771e-06
   165 4.32096e-06 6.03089e-06
   166 4.23501e-06 5.91475e-06
   167 4.15096e-06 5.80214e-06
   168 4.06942e-06 5.69065e-06
   169 3.98954e-06 5.58400e-06
   170 3.91240e-06 5.47970e-06
   171 3.83684e-06 5.37815e-06
   172 3.76302e-06 5.27778e-06
   173 3.69032e-06 5.17970e-06
   174 3.62103e-06 5.08505e-06
   175 3.55238e-06 4.99377e-06
   176 3.48409e-06 4.90209e-06
   177 3.41727e-06 4.81213e-06
   178 3.35340e-06 4.72462e-06
   179 3.29084e-06 4.63961e-06
   180 3.22928e-06 4.55694e-06
   181 3.16838e-06 4.47532e-06
   182 3.10882e-06 4.39474e-06
   183 3.05129e-06 4.31739e-06
   184 2.99548e-06 4.24046e-06
   185 2.94079e-06 4.16506e-06
   186 2.88689e-06 4.09175e-06
   187 2.83395e-06 4.01949e-06
   188 2.78213e-06 3.94977e-06
   189 2.73151e-06 3.88108e-06
   190 2.68161e-06 3.81441e-06
   191 2.63323e-06 3.74831e-06
   192 2.58581e-06 3.68342e-06
   193 2.53989e-06 3.62141e-06
   194 2.49460e-06 3.55929e-06
   195 2.45019e-06 3.49833e-06
   196 2.40669e-06 3.43896e-06
   197 2.36431e-06 3.38095e-06
   198 2.32276e-06 3.32344e-06
   199 2.28176e-06 3.26718e-06
   200 2.24203e-06 3.21266e-06
   201 2.20341e-06 3.15889e-06
   202 2.16522e-06 3.10594e-06
   203 2.12773e-06 3.05453e-06
   204 2.09143e-06 3.00450e-06
   205 2.05585e-06 2.95583e-06
   206 2.02061e-06 2.90735e-06
   207 1.98662e-06 2.85981e-06
   208 1.95291e-06 2.81275e-06
   209 1.91929e-06 2.76653e-06
   210 1.88694e-06 2.72205e-06
   211 1.85545e-06 2.67805e-06
   212 1.82425e-06 2.63452e-06
   213 1.79367e-06 2.59223e-06
   214 1.76361e-06 2.55066e-06
   215 1.73427e-06 2.50982e-06
   216 1.70573e-06 2.46996e-06
   217 1.67712e-06 2.43111e-06
   218 1.64931e-06 2.39290e-06
   219 1.62244e-06 2.35525e-06
   220 1.59612e-06 2.31842e-06
   221 1.57027e-06 2.28271e-06
   222 1.54501e-06 2.24742e-06
   223 1.52027e-06 2.21218e-06
   224 1.49567e-06 2.17815e-06
   225 1.47170e-06 2.14494e-06
   226 1.44854e-06 2.11211e-06
   227 1.42544e-06 2.07974e-06
   228 1.40276e-06 2.04796e-06
   229 1.38064e-06 2.01709e-06
   230 1.35901e-06 1.98662e-06
   231 1.33762e-06 1.95638e-06
   232 1.31648e-06 1.92669e-06
   233 1.29581e-06 1.89720e-06
   234 1.27536e-06 1.86822e-06
   235 1.25555e-06 1.84002e-06
   236 1.23636e-06 1.81280e-06
   237 1.21755e-06 1.78566e-06
   238 1.19867e-06 1.75879e-06
   239 1.18009e-06 1.73251e-06
   240 1.16204e-06 1.70682e-06
   241 1.14451e-06 1.68193e-06
   242 1.12715e-06 1.65728e-06
   243 1.11015e-06 1.63315e-06
   244 1.09318e-06 1.60909e-06
   245 1.07671e-06 1.58562e-06
   246 1.06066e-06 1.56275e-06
   247 1.04469e-06 1.54027e-06
   248 1.02910e-06 1.51798e-06
   249 1.01383e-06 1.49601e-06
   250 9.98747e-07 1.47440e-06
   251 9.84034e-07 1.45330e-06
   252 9.69350e-07 1.43254e-06
   253 9.54904e-07 1.41205e-06
   254 9.40803e-07 1.39210e-06
   255 9.26791e-07 1.37239e-06
   256 9.13314e-07 1.35304e-06
   257 8.99994e-07 1.33401e-06
   258 8.86845e-07 1.31532e-06
   259 8.73982e-07 1.29714e-06
   260 8.61298e-07 1.27891e-06
   261 8.48900e-07 1.26122e-06
   262 8.36731e-07 1.24386e-06
   263 8.24761e-07 1.22666e-06
   264 8.13049e-07 1.20967e-06
   265 8.01497e-07 1.19284e-06
   266 7.90024e-07 1.17638e-06
   267 7.78692e-07 1.16025e-06
   268 7.67628e-07 1.14452e-06
   269 7.56719e-07 1.12895e-06
   270 7.45991e-07 1.11366e-06
   271 7.35634e-07 1.09873e-06
   272 7.25424e-07 1.08380e-06
   273 7.15258e-07 1.06903e-06
   274 7.05402e-07 1.05474e-06
   275 6.95673e-07 1.04079e-06
   276 6.86117e-07 1.02686e-06
   277 6.76693e-07 1.01321e-06
   278 6.67251e-07 9.99728e-07
   279 6.58135e-07 9.86475e-07
   280 6.49120e-07 9.73378e-07
   281 6.40188e-07 9.60596e-07
   282 6.31488e-07 9.47860e-07
   283 6.22834e-07 9.35312e-07
   284 6.14371e-07 9.22967e-07
   285 6.06185e-07 9.10903e-07
   286 5.98089e-07 8.98800e-07
   287 5.90151e-07 8.87156e-07
   288 5.82317e-07 8.75595e-07
   289 5.74493e-07 8.64292e-07
   290 5.66816e-07 8.53113e-07
   291 5.59194e-07 8.42288e-07
   292 5.51697e-07 8.31638e-07
   293 5.44346e-07 8.21041e-07
   294 5.37187e-07 8.10579e-07
   295 5.30117e-07 8.00278e-07
   296 5.23247e-07 7.90166e-07
   297 5.16406e-07 7.80106e-07
   298 5.09655e-07 7.70309e-07
   299 5.03106e-07 7.60625e-07
   300 4.96572e-07 7.51148e-07
   301 4.90163e-07 7.41851e-07
   302 4.83876e-07 7.32406e-07
   303 4.77656e-07 7.23200e-07
   304 4.71533e-07 7.14138e-07
   305 4.65440e-07 7.05191e-07
   306 4.59391e-07 6.96486e-07
   307 4.53485e-07 6.87836e-07
   308 4.47868e-07 6.79368e-07
   309 4.42230e-07 6.71009e-07
   310 4.36630e-07 6.62668e-07
   311 4.31168e-07 6.54516e-07
   312 4.25766e-07 6.46571e-07
   313 4.20447e-07 6.38637e-07
   314 4.15235e-07 6.30903e-07
   315 4.10051e-07 6.23185e-07
   316 4.04981e-07 6.15624e-07
   317 3.99986e-07 6.08153e-07
   318 3.95029e-07 6.00868e-07
   319 3.90123e-07 5.93611e-07
   320 3.85321e-07 5.86457e-07
   321 3.80687e-07 5.79381e-07
   322 3.76094e-07 5.72485e-07
   323 3.71523e-07 5.65593e-07
   324 3.66998e-07 5.58807e-07
   325 3.62581e-07 5.52074e-07
   326 3.58256e-07 5.45580e-07
   327 3.53963e-07 5.39214e-07
   328 3.49649e-07 5.32836e-07
   329 3.45433e-07 5.26500e-07
   330 3.41234e-07 5.20356e-07
   331 3.37178e-07 5.14306e-07
   332 3.33111e-07 5.08264e-07
   333 3.29129e-07 5.02306e-07
   334 3.25221e-07 4.96497e-07
   335 3.21365e-07 4.90755e-07
   336 3.17592e-07 4.85019e-07
   337 3.13864e-07 4.79415e-07
   338 3.10176e-07 4.73923e-07
   339 3.06550e-07 4.68557e-07
   340 3.02958e-07 4.63156e-07
   341 2.99428e-07 4.57804e-07
   342 2.95974e-07 4.52530e-07
   343 2.92547e-07 4.47336e-07
   344 2.89133e-07 4.42188e-07
   345 2.85834e-07 4.37165e-07
   346 2.82594e-07 4.32120e-07
   347 2.79340e-07 4.27189e-07
   348 2.76181e-07 4.22402e-07
   349 2.73040e-07 4.17661e-07
   350 2.69937e-07 4.12952e-07
   351 2.66863e-07 4.08344e-07
   352 2.63848e-07 4.03740e-07
   353 2.60810e-07 3.99205e-07
   354 2.57844e-07 3.94764e-07
   355 2.54949e-07 3.90429e-07
   356 2.52118e-07 3.86135e-07
   357 2.49304e-07 3.81858e-07
   358 2.46516e-07 3.77625e-07
   359 2.43761e-07 3.73420e-07
   360 2.41090e-07 3.69317e-07
   361 2.38446e-07 3.65257e-07
   362 2.35809e-07 3.61235e-07
   363 2.33219e-07 3.57261e-07
   364 2.30673e-07 3.53339e-07
   365 2.28165e-07 3.49474e-07
   366 2.25688e-07 3.45700e-07
   367 2.23253e-07 3.41961e-07
   368 2.20838e-07 3.38279e-07
   369 2.18421e-07 3.34648e-07
   370 2.16063e-07 3.31051e-07
   371 2.13732e-07 3.27481e-07
   372 2.11424e-07 3.23954e-07
   373 2.09174e-07 3.20455e-07
   374 2.06940e-07 3.17009e-07
   375 2.04760e-07 3.13657e-07
   376 2.02574e-07 3.10335e-07
   377 2.00394e-07 3.07015e-07
   378 1.98249e-07 3.03776e-07
   379 1.96147e-07 3.00562e-07
   380 1.94066e-07 2.97357e-07
   381 1.92021e-07 2.94205e-07
   382 1.90024e-07 2.91122e-07
   383 1.88042e-07 2.88070e-07
   384 1.86066e-07 2.85009e-07
   385 1.84147e-07 2.82029e-07
   386 1.82252e-07 2.79127e-07
   387 1.80391e-07 2.76205e-07
   388 1.78532e-07 2.73316e-07
   389 1.76686e-07 2.70466e-07
   390 1.74893e-07 2.67661e-07
   391 1.73133e-07 2.64865e-07
   392 1.71366e-07 2.62146e-07
   393 1.69622e-07 2.59436e-07
   394 1.67919e-07 2.56782e-07
   395 1.66222e-07 2.54186e-07
   396 1.64531e-07 2.51591e-07
   397 1.62866e-07 2.49008e-07
   398 1.61257e-07 2.46453e-07
   399 1.59657e-07 2.43961e-07
   400 1.58063e-07 2.41507e-07
   401 1.56487e-07 2.39068e-07
   402 1.54937e-07 2.36632e-07
   403 1.53395e-07 2.34245e-07
   404 1.51873e-07 2.31898e-07
   405 1.50384e-07 2.29571e-07
   406 1.48904e-07 2.27261e-07
   407 1.47445e-07 2.24995e-07
   408 1.46011e-07 2.22765e-07
   409 1.44592e-07 2.20561e-07
   410 1.43183e-07 2.18390e-07
   411 1.41787e-07 2.16238e-07
   412 1.40432e-07 2.14092e-07
   413 1.39094e-07 2.11998e-07
   414 1.37749e-07 2.09911e-07
   415 1.36434e-07 2.07833e-07
   416 1.35128e-07 2.05787e-07
   417 1.33841e-07 2.03775e-07
   418 1.32583e-07 2.01776e-07
   419 1.31342e-07 1.99794e-07
   420 1.30088e-07 1.97849e-07
   421 1.28864e-07 1.95938e-07
   422 1.27659e-07 1.94067e-07
   423 1.26462e-07 1.92213e-07
   424 1.25276e-07 1.90346e-07
   425 1.24112e-07 1.88498e-07
   426 1.22954e-07 1.86690e-07
   427 1.21806e-07 1.84884e-07
   428 1.20659e-07 1.83126e-07
   429 1.19543e-07 1.81384e-07
   430 1.18447e-07 1.79658e-07
   431 1.17361e-07 1.77941e-07
   432 1.16275e-07 1.76251e-07
   433 1.15214e-07 1.74585e-07
   434 1.14179e-07 1.72944e-07
   435 1.13168e-07 1.71310e-07
   436 1.12154e-07 1.69713e-07
   437 1.11138e-07 1.68118e-07
   438 1.10125e-07 1.66533e-07
   439 1.09134e-07 1.64962e-07
   440 1.08163e-07 1.63426e-07
   441 1.07203e-07 1.61924e-07
   442 1.06253e-07 1.60438e-07
   443 1.05307e-07 1.58957e-07
   444 1.04383e-07 1.57491e-07
   445 1.03466e-07 1.56033e-07
   446 1.02553e-07 1.54598e-07
   447 1.01651e-07 1.53166e-07
   448 1.00764e-07 1.51761e-07
   449 9.98815e-08 1.50370e-07
   450 9.90120e-08 1.48993e-07
   451 9.81493e-08 1.47639e-07
   452 9.73122e-08 1.46297e-07
   453 9.64705e-08 1.44961e-07
   454 9.56263e-08 1.43648e-07
   455 9.48048e-08 1.42362e-07
   456 9.39999e-08 1.41083e-07
   457 9.32052e-08 1.39828e-07
   458 9.24242e-08 1.38554e-07
   459 9.16471e-08 1.37299e-07
   460 9.08729e-08 1.36072e-07
   461 9.01001e-08 1.34877e-07
   462 8.93396e-08 1.33687e-07
   463 8.85955e-08 1.32519e-07
   464 8.78499e-08 1.31349e-07
   465 8.71121e-08 1.30187e-07
   466 8.63914e-08 1.29020e-07
   467 8.56830e-08 1.27876e-07
   468 8.49815e-08 1.26751e-07
   469 8.42875e-08 1.25642e-07
   470 8.35939e-08 1.24536e-07
   471 8.29097e-08 1.23443e-07
   472 8.22387e-08 1.22367e-07
   473 8.15681e-08 1.21312e-07
   474 8.08977e-08 1.20261e-07
   475 8.02329e-08 1.19207e-07
   476 7.95898e-08 1.18175e-07
   477 7.89605e-08 1.17170e-07
   478 7.83276e-08 1.16171e-07
   479 7.77009e-08 1.15166e-07
   480 7.70851e-08 1.14182e-07
   481 7.64782e-08 1.13209e-07
   482 7.58712e-08 1.12244e-07
   483 7.52656e-08 1.11283e-07
   484 7.46722e-08 1.10349e-07
   485 7.40973e-08 1.09429e-07
   486 7.35168e-08 1.08513e-07
   487 7.29397e-08 1.07589e-07
   488 7.23704e-08 1.06687e-07
   489 7.18152e-08 1.05794e-07
   490 7.12633e-08 1.04918e-07
   491 7.07132e-08 1.04046e-07
   492 7.01624e-08 1.03182e-07
   493 6.96204e-08 1.02317e-07
   494 6.90886e-08 1.01473e-07
   495 6.85673e-08 1.00638e-07
   496 6.80521e-08 9.97978e-08
   497 6.75439e-08 9.89668e-08
   498 6.70407e-08 9.81572e-08
   499 6.65475e-08 9.73549e-08
   500 6.60588e-08 9.65587e-08
   501 6.55743e-08 9.57616e-08
   502 6.50914e-08 9.49855e-08
   503 6.46095e-08 9.42112e-08
   504 6.41491e-08 9.34439e-08
   505 6.36809e-08 9.26790e-08
   506 6.32098e-08 9.19348e-08
   507 6.27490e-08 9.12015e-08
   508 6.22966e-08 9.04656e-08
   509 6.18466e-08 8.97444e-08
   510 6.14078e-08 8.90335e-08
   511 6.09806e-08 8.83370e-08
   512 6.05457e-08 8.76368e-08
   513 6.01131e-08 8.69445e-08
   514 5.96978e-08 8.62591e-08
   515 5.92808e-08 8.55791e-08
   516 5.88662e-08 8.49003e-08
   517 5.84539e-08 8.42274e-08
   518 5.80469e-08 8.35730e-08
   519 5.76492e-08 8.29251e-08
   520 5.72474e-08 8.22827e-08
   521 5.68509e-08 8.16468e-08
   522 5.64654e-08 8.10176e-08
   523 5.60719e-08 8.03904e-08
   524 5.56941e-08 7.97607e-08
   525 5.53246e-08 7.91460e-08
   526 5.49540e-08 7.85384e-08
   527 5.45857e-08 7.79472e-08
   528 5.42147e-08 7.73580e-08
   529 5.38468e-08 7.67734e-08
   530 5.34870e-08 7.61979e-08
   531 5.31317e-08 7.56199e-08
   532 5.27830e-08 7.50487e-08
   533 5.24439e-08 7.44839e-08
   534 5.21067e-08 7.39248e-08
   535 5.17655e-08 7.33722e-08
   536 5.14366e-08 7.28178e-08
   537 5.11030e-08 7.22653e-08
   538 5.07701e-08 7.17275e-08
   539 5.04474e-08 7.12021e-08
   540 5.01284e-08 7.06913e-08
   541 4.98141e-08 7.01780e-08
   542 4.95026e-08 6.96616e-08
   543 4.91880e-08 6.91534e-08
   544 4.88716e-08 6.86516e-08
   545 4.85622e-08 6.81527e-08
   546 4.82597e-08 6.76589e-08
   547 4.79558e-08 6.71666e-08
   548 4.76600e-08 6.66761e-08
   549 4.73727e-08 6.61910e-08
   550 4.70812e-08 6.57212e-08
   551 4.67951e-08 6.52579e-08
   552 4.65122e-08 6.47907e-08
   553 4.62345e-08 6.43286e-08
   554 4.59617e-08 6.38798e-08
   555 4.56923e-08 6.34343e-08
   556 4.54179e-08 6.29930e-08
   557 4.51489e-08 6.25590e-08
   558 4.48794e-08 6.21213e-08
   559 4.46166e-08 6.16950e-08
   560 4.43561e-08 6.12685e-08
   561 4.41011e-08 6.08412e-08
   562 4.38494e-08 6.04271e-08
   563 4.35976e-08 6.00185e-08
   564 4.33498e-08 5.96084e-08
   565 4.31049e-08 5.92038e-08
   566 4.28633e-08 5.87997e-08
   567 4.26272e-08 5.84020e-08
   568 4.23928e-08 5.80079e-08
   569 4.21583e-08 5.76167e-08
   570 4.19262e-08 5.72313e-08
   571 4.16972e-08 5.68527e-08
   572 4.14649e-08 5.64796e-08
   573 4.12381e-08 5.61074e-08
   574 4.10192e-08 5.57402e-08
   575 4.08050e-08 5.53750e-08
   576 4.05938e-08 5.50151e-08
   577 4.03829e-08 5.46537e-08
   578 4.01699e-08 5.42890e-08
   579 3.99587e-08 5.39374e-08
   580 3.97469e-08 5.35919e-08
   581 3.95391e-08 5.32540e-08
   582 3.93354e-08 5.29100e-08
   583 3.91372e-08 5.25821e-08
   584 3.89409e-08 5.22610e-08
   585 3.87467e-08 5.19381e-08
   586 3.85513e-08 5.16136e-08
   587 3.83597e-08 5.12912e-08
   588 3.81683e-08 5.09658e-08
   589 3.79812e-08 5.06466e-08
   590 3.77979e-08 5.03366e-08
   591 3.76124e-08 5.00302e-08
   592 3.74272e-08 4.97252e-08
   593 3.72447e-08 4.94295e-08
   594 3.70657e-08 4.91301e-08
   595 3.68936e-08 4.88330e-08
   596 3.67246e-08 4.85347e-08
   597 3.65561e-08 4.82434e-08
   598 3.63904e-08 4.79611e-08
   599 3.62243e-08 4.76787e-08
   600 3.60640e-08 4.74014e-08
   601 3.59060e-08 4.71292e-08
   602 3.57393e-08 4.68571e-08
   603 3.55740e-08 4.65839e-08
   604 3.54135e-08 4.63159e-08
   605 3.52618e-08 4.60588e-08
   606 3.51121e-08 4.58041e-08
   607 3.49624e-08 4.55504e-08
   608 3.48142e-08 4.53010e-08
   609 3.46700e-08 4.50480e-08
   610 3.45281e-08 4.47985e-08
   611 3.43797e-08 4.45479e-08
   612 3.42363e-08 4.43041e-08
   613 3.41024e-08 4.40692e-08
   614 3.39691e-08 4.38375e-08
   615 3.38366e-08 4.36079e-08
   616 3.37061e-08 4.33768e-08
   617 3.35778e-08 4.31462e-08
   618 3.34558e-08 4.29248e-08
   619 3.33340e-08 4.27074e-08
   620 3.32090e-08 4.24825e-08
   621 3.30867e-08 4.22617e-08
   622 3.29700e-08 4.20488e-08
   623 3.28517e-08 4.18385e-08
   624 3.27386e-08 4.16348e-08
   625 3.26282e-08 4.14379e-08
   626 3.25154e-08 4.12356e-08
   627 3.24062e-08 4.10427e-08
   628 3.23010e-08 4.08516e-08
   629 3.21960e-08 4.06613e-08
   630 3.20954e-08 4.04755e-08
   631 3.19916e-08 4.02912e-08
   632 3.18940e-08 4.01052e-08
   633 3.17999e-08 3.99313e-08
   634 3.17100e-08 3.97653e-08
   635 3.16214e-08 3.95847e-08
   636 3.15289e-08 3.94038e-08
   637 3.14399e-08 3.92385e-08
   638 3.13568e-08 3.90686e-08
   639 3.12779e-08 3.89002e-08
   640 3.11960e-08 3.87349e-08
   641 3.11173e-08 3.85903e-08
   642 3.10490e-08 3.84533e-08
   643 3.09808e-08 3.83080e-08
   644 3.09034e-08 3.81531e-08
   645 3.08278e-08 3.80093e-08
   646 3.07665e-08 3.78826e-08
   647 3.07139e-08 3.77599e-08
   648 3.06595e-08 3.76345e-08
   649 3.06103e-08 3.75071e-08
   650 3.05695e-08 3.73825e-08
   651 3.05292e-08 3.72706e-08
   652 3.04903e-08 3.71537e-08
   653 3.04545e-08 3.70445e-08
   654 3.04313e-08 3.69497e-08
   655 3.04207e-08 3.68662e-08
   656 3.04042e-08 3.67674e-08
   657 3.03876e-08 3.66798e-08
   658 3.03719e-08 3.65894e-08
   659 3.03763e-08 3.65109e-08
   660 3.03798e-08 3.64180e-08
   661 3.03622e-08 3.63205e-08
   662 3.03477e-08 3.62295e-08
   663 3.03307e-08 3.61329e-08
   664 3.03317e-08 3.60441e-08
   665 3.03573e-08 3.59693e-08
   666 3.03703e-08 3.58951e-08
   667 3.03811e-08 3.58139e-08
   668 3.04276e-08 3.57626e-08
   669 3.04723e-08 3.57084e-08
   670 3.05202e-08 3.56170e-08
   671 3.05552e-08 3.54891e-08
   672 3.06220e-08 3.54041e-08
   673 3.06253e-08 3.52552e-08
   674 3.06450e-08 3.50758e-08
   675 3.06859e-08 3.48590e-08
   676 3.07174e-08 3.45921e-08
   677 3.04494e-08 3.39489e-08
   678 3.00211e-08 3.31027e-08
   679 2.93535e-08 3.18002e-08
   680 2.64977e-08 2.75811e-08
   681 1.59166e-08 1.55746e-08
   682 1.72366e-08 1.60236e-08
   683 0.00000e+00 0.00000e+00
   684 0.00000e+00 0.00000e+00
   685 0.00000e+00 0.00000e+00
   686 0.00000e+00 0.00000e+00
   687 0.00000e+00 0.00000e+00
   688 0.00000e+00 0.00000e+00
   689 0.00000e+00 0.00000e+00
   690 0.00000e+00 0.00000e+00
   691 0.00000e+00 0.00000e+00
   692 0.00000e+00 0.00000e+00
   693 0.00000e+00 0.00000e+00
   694 0.00000e+00 0.00000e+00
   695 0.00000e+00 0.00000e+00
   696 0.00000e+00 0.00000e+00
   697 0.00000e+00 0.00000e+00
   698 0.00000e+00 0.00000e+00
   699 0.00000e+00 0.00000e+00
   700 0.00000e+00 0.00000e+00
   701 0.00000e+00 0.00000e+00
   702 0.00000e+00 0.00000e+00
   703 0.00000e+00 0.00000e+00
   704 0.00000e+00 0.00000e+00
   705 0.00000e+00 0.00000e+00
   706 0.00000e+00 0.00000e+00
   707 0.00000e+00 0.00000e+00
   708 0.00000e+00 0.00000e+00
   709 0.00000e+00 0.00000e+00
   710 0.00000e+00 0.00000e+00
   711 0.00000e+00 0.00000e+00
   712 0.00000e+00 0.00000e+00
   713 0.00000e+00 0.00000e+00
   714 0.00000e+00 0.00000e+00
   715 0.00000e+00 0.00000e+00
   716 0.00000e+00 0.00000e+00
   717 0.00000e+00 0.00000e+00
   718 0.00000e+00 0.00000e+00
   719 0.00000e+00 0.00000e+00
   720 0.00000e+00 0.00000e+00
   721 0.00000e+00 0.00000e+00
   722 0.00000e+00 0.00000e+00
   723 0.00000e+00 0.00000e+00
   724 0.00000e+00 0.00000e+00
   725 0.00000e+00 0.00000e+00
   726 0.00000e+00 0.00000e+00
   727 0.00000e+00 0.00000e+00
   728 0.00000e+00 0.00000e+00
   729 0.00000e+00 0.00000e+00
   730 0.00000e+00 0.00000e+00
   731 0.00000e+00 0.00000e+00
   732 0.00000e+00 0.00000e+00
   733 0.00000e+00 0.00000e+00
   734 0.00000e+00 0.00000e+00
   735 0.00000e+00 0.00000e+00
   736 0.00000e+00 0.00000e+00
   737 0.00000e+00 0.00000e+00
   738 0.00000e+00 0.00000e+00
   739 0.00000e+00 0.00000e+00
   740 0.00000e+00 0.00000e+00
   741 0.00000e+00 0.00000e+00
   742 0.00000e+00 0.00000e+00
   743 0.00000e+00 0.00000e+00
   744 0.00000e+00 0.00000e+00
   745 0.00000e+00 0.00000e+00
   746 0.00000e+00 0.00000e+00
   747 0.00000e+00 0.00000e+00
   748 0.00000e+00 0.00000e+00
   749 0.00000e+00 0.00000e+00
   750 0.00000e+00 0.00000e+00
   751 0.00000e+00 0.00000e+00
   752 0.00000e+00 0.00000e+00
   753 0.00000e+00 0.00000e+00
   754 0.00000e+00 0.00000e+00
   755 0.00000e+00 0.00000e+00
   756 0.00000e+00 0.00000e+00
   757 0.00000e+00 0.00000e+00
   758 0.00000e+00 0.00000e+00
   759 0.00000e+00 0.00000e+00
   760 0.00000e+00 0.00000e+00
   761 0.00000e+00 0.00000e+00
   762 0.00000e+00 0.00000e+00
   763 0.00000e+00 0.00000e+00
   764 0.00000e+00 0.00000e+00
   765 0.00000e+00 0.00000e+00
   766 0.00000e+00 0.00000e+00
   767 0.00000e+00 0.00000e+00
   768 0.00000e+00 0.00000e+00
   769 0.00000e+00 0.00000e+00
   770 0.00000e+00 0.00000e+00
   771 0.00000e+00 0.00000e+00
   772 0.00000e+00 0.00000e+00
   773 0.00000e+00 0.00000e+00
   774 0.00000e+00 0.00000e+00
   775 0.00000e+00 0.00000e+00
   776 0.00000e+00 0.00000e+00
   777 0.00000e+00 0.00000e+00
   778 0.00000e+00 0.00000e+00
   779 0.00000e+00 0.00000e+00
   780 0.00000e+00 0.00000e+00
   781 0.00000e+00 0.00000e+00
   782 0.00000e+00 0.00000e+00
   783 0.00000e+00 0.00000e+00
   784 0.00000e+00 0.00000e+00
   785 0.00000e+00 0.00000e+00
   786 0.00000e+00 0.00000e+00
   787 0.00000e+00 0.00000e+00
   788 0.00000e+00 0.00000e+00
   789 0.00000e+00 0.00000e+00
   790 0.00000e+00 0.00000e+00
   791 0.00000e+00 0.00000e+00
   792 0.00000e+00 0.00000e+00
   793 0.00000e+00 0.00000e+00
   794 0.00000e+00 0.00000e+00
   795 0.00000e+00 0.00000e+00
   796 0.00000e+00 0.00000e+00
   797 0.00000e+00 0.00000e+00
   798 0.00000e+00 0.00000e+00
   799 0.00000e+00 0.00000e+00
   800 0.00000e+00 0.00000e+00
   801 0.00000e+00 0.00000e+00
   802 0.00000e+00 0.00000e+00
   803 0.00000e+00 0.00000e+00
   804 0.00000e+00 0.00000e+00
   805 0.00000e+00 0.00000e+00
   806 0.00000e+00 0.00000e+00
   807 0.00000e+00 0.00000e+00
   808 0.00000e+00 0.00000e+00
   809 0.00000e+00 0.00000e+00
   810 0.00000e+00 0.00000e+00
   811 0.00000e+00 0.00000e+00
   812 0.00000e+00 0.00000e+00
   813 0.00000e+00 0.00000e+00
   814 0.00000e+00 0.00000e+00
   815 0.00000e+00 0.00000e+00
   816 0.00000e+00 0.00000e+00
   817 0.00000e+00 0.00000e+00
   818 0.00000e+00 0.00000e+00
   819 0.00000e+00 0.00000e+00
   820 0.00000e+00 0.00000e+00
   821 0.00000e+00 0.00000e+00
   822 0.00000e+00 0.00000e+00
   823 0.00000e+00 0.00000e+00
   824 0.00000e+00 0.00000e+00
   825 0.00000e+00 0.00000e+00
   826 0.00000e+00 0.00000e+00
   827 0.00000e+00 0.00000e+00
   828 0.00000e+00 0.00000e+00
   829 0.00000e+00 0.00000e+00
   830 0.00000e+00 0.00000e+00
   831 0.00000e+00 0.00000e+00
   832 0.00000e+00 0.00000e+00
   833 0.00000e+00 0.00000e+00
   834 0.00000e+00 0.00000e+00
   835 0.00000e+00 0.00000e+00
   836 0.00000e+00 0.00000e+00
   837 0.00000e+00 0.00000e+00
   838 0.00000e+00 0.00000e+00
   839 0.00000e+00 0.00000e+00
   840 0.00000e+00 0.00000e+00
   841 0.00000e+00 0.00000e+00
   842 0.00000e+00 0.00000e+00
   843 0.00000e+00 0.00000e+00
   844 0.00000e+00 0.00000e+00
   845 0.00000e+00 0.00000e+00
   846 0.00000e+00 0.00000e+00
   847 0.00000e+00 0.00000e+00
   848 0.00000e+00 0.00000e+00
   849 0.00000e+00 0.00000e+00
   850 0.00000e+00 0.00000e+00
   851 0.00000e+00 0.00000e+00
   852 0.00000e+00 0.00000e+00
   853 0.00000e+00 0.00000e+00
   854 0.00000e+00 0.00000e+00
   855 0.00000e+00 0.00000e+00
   856 0.00000e+00 0.00000e+00
   857 0.00000e+00 0.00000e+00
   858 0.00000e+00 0.00000e+00
   859 0.00000e+00 0.00000e+00
   860 0.00000e+00 0.00000e+00
   861 0.00000e+00 0.00000e+00
   862 0.00000e+00 0.00000e+00
   863 0.00000e+00 0.00000e+00
   864 0.00000e+00 0.00000e+00
   865 0.00000e+00 0.00000e+00
   866 0.00000e+00 0.00000e+00
   867 0.00000e+00 0.00000e+00
   868 0.00000e+00 0.00000e+00
   869 0.00000e+00 0.00000e+00
   870 0.00000e+00 0.00000e+00
   871 0.00000e+00 0.00000e+00
   872 0.00000e+00 0.00000e+00
   873 0.00000e+00 0.00000e+00
   874 0.00000e+00 0.00000e+00
   875 0.00000e+00 0.00000e+00
   876 0.00000e+00 0.00000e+00
   877 0.00000e+00 0.00000e+00
   878 0.00000e+00 0.00000e+00
   879 0.00000e+00 0.00000e+00
   880 0.00000e+00 0.00000e+00
   881 0.00000e+00 0.00000e+00
   882 0.00000e+00 0.00000e+00
   883 0.00000e+00 0.00000e+00
   884 0.00000e+00 0.00000e+00
   885 0.00000e+00 0.00000e+00
   886 0.00000e+00 0.00000e+00
   887 0.00000e+00 0.00000e+00
   888 0.00000e+00 0.00000e+00
   889 0.00000e+00 0.00000e+00
   890 0.00000e+00 0.00000e+00
   891 0.00000e+00 0.00000e+00
   892 0.00000e+00 0.00000e+00
   893 0.00000e+00 0.00000e+00
   894 0.00000e+00 0.00000e+00
   895 0.00000e+00 0.00000e+00
   896 0.00000e+00 0.00000e+00
   897 0.00000e+00 0.00000e+00
   898 0.00000e+00 0.00000e+00
   899 0.00000e+00 0.00000e+00
   900 0.00000e+00 0.00000e+00
   901 0.00000e+00 0.00000e+00
   902 0.00000e+00 0.00000e+00
   903 0.00000e+00 0.00000e+00
   904 0.00000e+00 0.00000e+00
   905 0.00000e+00 0.00000e+00
   906 0.00000e+00 0.00000e+00
   907 0.00000e+00 0.00000e+00
   908 0.00000e+00 0.00000e+00
   909 0.00000e+00 0.00000e+00
   910 0.00000e+00 0.00000e+00
   911 0.00000e+00 0.00000e+00
   912 0.00000e+00 0.00000e+00
   913 0.00000e+00 0.00000e+00
   914 0.00000e+00 0.00000e+00
   915 0.00000e+00 0.00000e+00
   916 0.00000e+00 0.00000e+00
   917 0.00000e+00 0.00000e+00
   918 0.00000e+00 0.00000e+00
   919 0.00000e+00 0.00000e+00
   920 0.00000e+00 0.00000e+00
   921 0.00000e+00 0.00000e+00
   922 0.00000e+00 0.00000e+00
   923 0.00000e+00 0.00000e+00
   924 0.00000e+00 0.00000e+00
   925 0.00000e+00 0.00000e+00
   926 0.00000e+00 0.00000e+00
   927 0.00000e+00 0.00000e+00
   928 0.00000e+00 0.00000e+00
   929 0.00000e+00 0.00000e+00
   930 0.00000e+00 0.00000e+00
   931 0.00000e+00 0.00000e+00
   932 0.00000e+00 0.00000e+00
   933 0.00000e+00 0.00000e+00
   934 0.00000e+00 0.00000e+00
   935 0.00000e+00 0.00000e+00
   936 0.00000e+00 0.00000e+00
   937 0.00000e+00 0.00000e+00
   938 0.00000e+00 0.00000e+00
   939 0.00000e+00 0.00000e+00
   940 0.00000e+00 0.00000e+00
   941 0.00000e+00 0.00000e+00
   942 0.00000e+00 0.00000e+00
   943 0.00000e+00 0.00000e+00
   944 0.00000e+00 0.00000e+00
   945 0.00000e+00 0.00000e+00
   946 0.00000e+00 0.00000e+00
   947 0.00000e+00 0.00000e+00
   948 0.00000e+00 0.00000e+00
   949 0.00000e+00 0.00000e+00
   950 0.00000e+00 0.00000e+00
   951 0.00000e+00 0.00000e+00
   952 0.00000e+00 0.00000e+00
   953 0.00000e+00 0.00000e+00
   954 0.00000e+00 0.00000e+00
   955 0.00000e+00 0.00000e+00
   956 0.00000e+00 0.00000e+00
   957 0.00000e+00 0.00000e+00
   958 0.00000e+00 0.00000e+00
   959 0.00000e+00 0.00000e+00
   960 0.00000e+00 0.00000e+00
   961 0.00000e+00 0.00000e+00
   962 0.00000e+00 0.00000e+00
   963 0.00000e+00 0.00000e+00
   964 0.00000e+00 0.00000e+00
