     0 1.25119e-15 1.18647e-15 0.00000e+00 0.00000e+00
     1 2.53465e+00 2.99837e+00 1.25245e+00 1.58007e+00
     2 5.53775e-01 7.28197e-01 3.49765e-01 4.68208e-01
     3 2.72779e-01 3.49611e-01 1.88863e-01 2.59004e-01
     4 1.81461e-01 2.50331e-01 1.24414e-01 1.73501e-01
     5 1.34849e-01 1.85923e-01 8.93800e-02 1.25184e-01
     6 9.70803e-02 1.39584e-01 6.84254e-02 9.57116e-02
     7 7.98084e-02 1.14293e-01 5.48351e-02 7.62089e-02
     8 6.88847e-02 9.30069e-02 4.49254e-02 6.24172e-02
     9 5.56648e-02 8.18104e-02 3.76181e-02 5.21361e-02
    10 4.82279e-02 6.88306e-02 3.21544e-02 4.42199e-02
    11 4.25449e-02 6.03899e-02 2.78342e-02 3.80707e-02
    12 3.81987e-02 5.43591e-02 2.43248e-02 3.30831e-02
    13 3.37219e-02 4.77503e-02 2.14502e-02 2.90022e-02
    14 3.01326e-02 4.23074e-02 1.90866e-02 2.56693e-02
    15 2.75874e-02 3.82949e-02 1.70968e-02 2.28911e-02
    16 2.54185e-02 3.43113e-02 1.53873e-02 2.05505e-02
    17 2.33078e-02 3.13592e-02 1.39112e-02 1.85612e-02
    18 2.10901e-02 2.85702e-02 1.26434e-02 1.68497e-02
    19 1.95358e-02 2.65601e-02 1.15456e-02 1.53600e-02
    20 1.81693e-02 2.47627e-02 1.05790e-02 1.40443e-02
    21 1.68788e-02 2.26719e-02 9.72443e-03 1.28879e-02
    22 1.56366e-02 2.10474e-02 8.96849e-03 1.18714e-02
    23 1.46045e-02 1.95884e-02 8.29662e-03 1.09686e-02
    24 1.37539e-02 1.82760e-02 7.69333e-03 1.01632e-02
    25 1.27734e-02 1.72005e-02 7.15213e-03 9.43933e-03
    26 1.20248e-02 1.60452e-02 6.66598e-03 8.78763e-03
    27 1.12910e-02 1.50775e-02 6.22615e-03 8.20053e-03
    28 1.06927e-02 1.43193e-02 5.82650e-03 7.66610e-03
    29 1.01885e-02 1.35481e-02 5.46020e-03 7.17727e-03
    30 9.57406e-03 1.26953e-02 5.12531e-03 6.73258e-03
    31 9.09469e-03 1.20566e-02 4.81931e-03 6.32687e-03
    32 8.59958e-03 1.13861e-02 4.53850e-03 5.95483e-03
    33 8.22814e-03 1.08707e-02 4.27963e-03 5.61245e-03
    34 7.79287e-03 1.03216e-02 4.04055e-03 5.29620e-03
    35 7.38796e-03 9.80124e-03 3.82058e-03 5.00460e-03
    36 7.08735e-03 9.36259e-03 3.61671e-03 4.73472e-03
    37 6.76623e-03 8.91031e-03 3.42696e-03 4.48444e-03
    38 6.48584e-03 8.50942e-03 3.25028e-03 4.25221e-03
    39 6.15604e-03 8.11195e-03 3.08613e-03 4.03637e-03
    40 5.91633e-03 7.73297e-03 2.93333e-03 3.83583e-03
    41 5.69382e-03 7.44001e-03 2.79000e-03 3.64853e-03
    42 5.41602e-03 7.11067e-03 2.65617e-03 3.47324e-03
    43 5.21377e-03 6.82618e-03 2.53112e-03 3.30929e-03
    44 4.99297e-03 6.53631e-03 2.41382e-03 3.15572e-03
    45 4.81047e-03 6.28207e-03 2.30368e-03 3.01170e-03
    46 4.63859e-03 6.03882e-03 2.19985e-03 2.87632e-03
    47 4.45174e-03 5.80195e-03 2.10211e-03 2.74901e-03
    48 4.29647e-03 5.58198e-03 2.01003e-03 2.62919e-03
    49 4.12613e-03 5.36891e-03 1.92321e-03 2.51630e-03
    50 3.97054e-03 5.18393e-03 1.84143e-03 2.40972e-03
    51 3.82807e-03 4.97557e-03 1.76422e-03 2.30914e-03
    52 3.69780e-03 4.80979e-03 1.69116e-03 2.21414e-03
    53 3.57969e-03 4.65447e-03 1.62186e-03 2.12401e-03
    54 3.45138e-03 4.49957e-03 1.55615e-03 2.03847e-03
    55 3.33695e-03 4.34256e-03 1.49388e-03 1.95735e-03
    56 3.22070e-03 4.19012e-03 1.43480e-03 1.88049e-03
    57 3.11131e-03 4.05162e-03 1.37877e-03 1.80756e-03
    58 3.02137e-03 3.91922e-03 1.32545e-03 1.73825e-03
    59 2.91879e-03 3.79061e-03 1.27468e-03 1.67236e-03
    60 2.83140e-03 3.65628e-03 1.22636e-03 1.60978e-03
    61 2.72864e-03 3.53618e-03 1.18041e-03 1.55035e-03
    62 2.64881e-03 3.43166e-03 1.13670e-03 1.49370e-03
    63 2.56915e-03 3.32288e-03 1.09496e-03 1.43967e-03
    64 2.48865e-03 3.22534e-03 1.05513e-03 1.38811e-03
    65 2.41674e-03 3.12807e-03 1.01711e-03 1.33886e-03
    66 2.33866e-03 3.02912e-03 9.80811e-04 1.29186e-03
    67 2.27516e-03 2.94048e-03 9.46122e-04 1.24698e-03
    68 2.20880e-03 2.85328e-03 9.12910e-04 1.20407e-03
    69 2.14056e-03 2.76444e-03 8.81164e-04 1.16306e-03
    70 2.08300e-03 2.68923e-03 8.50780e-04 1.12383e-03
    71 2.02214e-03 2.60988e-03 8.21668e-04 1.08625e-03
    72 1.96691e-03 2.53876e-03 7.93774e-04 1.05025e-03
    73 1.90463e-03 2.46255e-03 7.67075e-04 1.01576e-03
    74 1.85041e-03 2.39645e-03 7.41532e-04 9.82705e-04
    75 1.79795e-03 2.33014e-03 7.17048e-04 9.50984e-04
    76 1.74791e-03 2.26727e-03 6.93567e-04 9.20539e-04
    77 1.70400e-03 2.20994e-03 6.71006e-04 8.91278e-04
    78 1.65418e-03 2.14605e-03 6.49342e-04 8.63176e-04
    79 1.61363e-03 2.08988e-03 6.28529e-04 8.36197e-04
    80 1.56791e-03 2.03581e-03 6.08520e-04 8.10250e-04
    81 1.52570e-03 1.98099e-03 5.89306e-04 7.85302e-04
    82 1.48709e-03 1.92941e-03 5.70823e-04 7.61313e-04
    83 1.44467e-03 1.87739e-03 5.53056e-04 7.38243e-04
    84 1.40998e-03 1.83234e-03 5.35963e-04 7.16030e-04
    85 1.37148e-03 1.78313e-03 5.19506e-04 6.94637e-04
    86 1.33482e-03 1.73582e-03 5.03680e-04 6.74060e-04
    87 1.30345e-03 1.69366e-03 4.88430e-04 6.54237e-04
    88 1.26885e-03 1.65009e-03 4.73732e-04 6.35131e-04
    89 1.23844e-03 1.61066e-03 4.59567e-04 6.16709e-04
    90 1.20601e-03 1.56941e-03 4.45912e-04 5.98944e-04
    91 1.17650e-03 1.53105e-03 4.32749e-04 5.81815e-04
    92 1.14712e-03 1.49517e-03 4.20052e-04 5.65279e-04
    93 1.11709e-03 1.45693e-03 4.07814e-04 5.49322e-04
    94 1.09160e-03 1.42466e-03 3.96003e-04 5.33913e-04
    95 1.06301e-03 1.38914e-03 3.84604e-04 5.19026e-04
    96 1.03904e-03 1.35759e-03 3.73599e-04 5.04646e-04
    97 1.01346e-03 1.32509e-03 3.62964e-04 4.90746e-04
    98 9.87676e-04 1.29186e-03 3.52703e-04 4.77327e-04
    99 9.65563e-04 1.26375e-03 3.42788e-04 4.64354e-04
   100 9.41209e-04 1.23238e-03 3.33207e-04 4.51812e-04
   101 9.20283e-04 1.20615e-03 3.23946e-04 4.39680e-04
   102 8.97512e-04 1.17807e-03 3.14992e-04 4.27935e-04
   103 8.77291e-04 1.14979e-03 3.06334e-04 4.16581e-04
   104 8.57788e-04 1.12503e-03 2.97953e-04 4.05591e-04
   105 8.36596e-04 1.09796e-03 2.89846e-04 3.94956e-04
   106 8.18686e-04 1.07600e-03 2.82001e-04 3.84653e-04
   107 7.98354e-04 1.04978e-03 2.74410e-04 3.74673e-04
   108 7.81124e-04 1.02698e-03 2.67063e-04 3.65014e-04
   109 7.64348e-04 1.00524e-03 2.59942e-04 3.55649e-04
   110 7.46492e-04 9.83124e-04 2.53043e-04 3.46570e-04
   111 7.29975e-04 9.61607e-04 2.46363e-04 3.37771e-04
   112 7.13217e-04 9.40204e-04 2.39891e-04 3.29243e-04
   113 6.97803e-04 9.20553e-04 2.33620e-04 3.20973e-04
   114 6.81490e-04 9.00158e-04 2.27544e-04 3.12953e-04
   115 6.66526e-04 8.81033e-04 2.21658e-04 3.05175e-04
   116 6.52735e-04 8.63060e-04 2.15947e-04 2.97625e-04
   117 6.37657e-04 8.44834e-04 2.10409e-04 2.90295e-04
   118 6.24268e-04 8.26991e-04 2.05039e-04 2.83181e-04
   119 6.10350e-04 8.09523e-04 1.99830e-04 2.76276e-04
   120 5.96957e-04 7.92336e-04 1.94779e-04 2.69574e-04
   121 5.84150e-04 7.76719e-04 1.89878e-04 2.63063e-04
   122 5.71816e-04 7.60335e-04 1.85121e-04 2.56738e-04
   123 5.59805e-04 7.44816e-04 1.80503e-04 2.50595e-04
   124 5.47345e-04 7.28537e-04 1.76020e-04 2.44630e-04
   125 5.36427e-04 7.14672e-04 1.71668e-04 2.38834e-04
   126 5.25336e-04 6.99522e-04 1.67438e-04 2.33200e-04
   127 5.14772e-04 6.86026e-04 1.63327e-04 2.27724e-04
   128 5.04031e-04 6.71938e-04 1.59332e-04 2.22399e-04
   129 4.92767e-04 6.57139e-04 1.55453e-04 2.17228e-04
   130 4.83073e-04 6.45226e-04 1.51686e-04 2.12199e-04
   131 4.72809e-04 6.32113e-04 1.48023e-04 2.07305e-04
   132 4.63018e-04 6.19700e-04 1.44465e-04 2.02546e-04
   133 4.53425e-04 6.07075e-04 1.41007e-04 1.97917e-04
   134 4.43901e-04 5.95048e-04 1.37646e-04 1.93414e-04
   135 4.35235e-04 5.84137e-04 1.34378e-04 1.89031e-04
   136 4.25807e-04 5.72039e-04 1.31201e-04 1.84765e-04
   137 4.17642e-04 5.61443e-04 1.28112e-04 1.80613e-04
   138 4.08898e-04 5.50377e-04 1.25106e-04 1.76570e-04
   139 4.00545e-04 5.39336e-04 1.22184e-04 1.72636e-04
   140 3.93254e-04 5.29897e-04 1.19339e-04 1.68804e-04
   141 3.84647e-04 5.18914e-04 1.16571e-04 1.65071e-04
   142 3.77742e-04 5.09848e-04 1.13877e-04 1.61436e-04
   143 3.70057e-04 4.99871e-04 1.11253e-04 1.57893e-04
   144 3.62854e-04 4.90442e-04 1.08699e-04 1.54443e-04
   145 3.55661e-04 4.81028e-04 1.06213e-04 1.51082e-04
   146 3.48265e-04 4.71430e-04 1.03794e-04 1.47809e-04
   147 3.41976e-04 4.63490e-04 1.01439e-04 1.44618e-04
   148 3.34941e-04 4.54565e-04 9.91442e-05 1.41506e-04
   149 3.28503e-04 4.46147e-04 9.69104e-05 1.38473e-04
   150 3.22052e-04 4.38008e-04 9.47347e-05 1.35516e-04
   151 3.15610e-04 4.29592e-04 9.26163e-05 1.32634e-04
   152 3.10143e-04 4.22419e-04 9.05511e-05 1.29822e-04
   153 3.03761e-04 4.14188e-04 8.85384e-05 1.27079e-04
   154 2.98041e-04 4.06721e-04 8.65782e-05 1.24405e-04
   155 2.92158e-04 3.98979e-04 8.46682e-05 1.21798e-04
   156 2.86539e-04 3.91853e-04 8.28075e-05 1.19255e-04
   157 2.81320e-04 3.84920e-04 8.09933e-05 1.16774e-04
   158 2.75654e-04 3.77587e-04 7.92252e-05 1.14353e-04
   159 2.70860e-04 3.71425e-04 7.75012e-05 1.11990e-04
   160 2.65712e-04 3.64652e-04 7.58192e-05 1.09683e-04
   161 2.60570e-04 3.57983e-04 7.41797e-05 1.07432e-04
   162 2.55453e-04 3.51287e-04 7.25822e-05 1.05236e-04
   163 2.50732e-04 3.45104e-04 7.10247e-05 1.03093e-04
   164 2.46369e-04 3.39352e-04 6.95046e-05 1.01000e-04
   165 2.41870e-04 3.33282e-04 6.80206e-05 9.89556e-05
   166 2.37409e-04 3.27515e-04 6.65727e-05 9.69593e-05
   167 2.32815e-04 3.21535e-04 6.51606e-05 9.50102e-05
   168 2.28652e-04 3.15941e-04 6.37832e-05 9.31073e-05
   169 2.24767e-04 3.10886e-04 6.24377e-05 9.12474e-05
   170 2.20235e-04 3.04996e-04 6.11251e-05 8.94306e-05
   171 2.16409e-04 2.99860e-04 5.98446e-05 8.76569e-05
   172 2.12360e-04 2.94488e-04 5.85946e-05 8.59241e-05
   173 2.08552e-04 2.89571e-04 5.73746e-05 8.42313e-05
   174 2.04724e-04 2.84557e-04 5.61836e-05 8.25767e-05
   175 2.00955e-04 2.79582e-04 5.50213e-05 8.09603e-05
   176 1.97585e-04 2.75039e-04 5.38859e-05 7.93803e-05
   177 1.93906e-04 2.70292e-04 5.27768e-05 7.78354e-05
   178 1.90508e-04 2.65848e-04 5.16940e-05 7.63252e-05
   179 1.86919e-04 2.61103e-04 5.06368e-05 7.48492e-05
   180 1.83589e-04 2.56728e-04 4.96048e-05 7.34068e-05
   181 1.80494e-04 2.52740e-04 4.85963e-05 7.19956e-05
   182 1.77101e-04 2.48192e-04 4.76112e-05 7.06156e-05
   183 1.74064e-04 2.44112e-04 4.66491e-05 6.92669e-05
   184 1.70889e-04 2.39940e-04 4.57092e-05 6.79480e-05
   185 1.67969e-04 2.36074e-04 4.47909e-05 6.66580e-05
   186 1.65107e-04 2.32212e-04 4.38932e-05 6.53958e-05
   187 1.61948e-04 2.28096e-04 4.30164e-05 6.41617e-05
   188 1.59340e-04 2.24558e-04 4.21596e-05 6.29547e-05
   189 1.56468e-04 2.20762e-04 4.13220e-05 6.17735e-05
   190 1.53893e-04 2.17246e-04 4.05031e-05 6.06178e-05
   191 1.51197e-04 2.13732e-04 3.97023e-05 5.94867e-05
   192 1.48406e-04 2.10045e-04 3.89201e-05 5.83802e-05
   193 1.46041e-04 2.06904e-04 3.81553e-05 5.72973e-05
   194 1.43382e-04 2.03283e-04 3.74075e-05 5.62374e-05
   195 1.41033e-04 2.00180e-04 3.66764e-05 5.52002e-05
   196 1.38583e-04 1.96850e-04 3.59612e-05 5.41848e-05
   197 1.36047e-04 1.93509e-04 3.52624e-05 5.31916e-05
   198 1.33900e-04 1.90662e-04 3.45790e-05 5.22190e-05
   199 1.31553e-04 1.87430e-04 3.39104e-05 5.12666e-05
   200 1.29358e-04 1.84568e-04 3.32565e-05 5.03343e-05
   201 1.27122e-04 1.81441e-04 3.26169e-05 4.94216e-05
   202 1.25012e-04 1.78650e-04 3.19913e-05 4.85281e-05
   203 1.22991e-04 1.75944e-04 3.13790e-05 4.76525e-05
   204 1.20722e-04 1.72946e-04 3.07802e-05 4.67953e-05
   205 1.18773e-04 1.70353e-04 3.01946e-05 4.59560e-05
   206 1.16746e-04 1.67584e-04 2.96216e-05 4.51338e-05
   207 1.14871e-04 1.65038e-04 2.90608e-05 4.43284e-05
   208 1.12989e-04 1.62506e-04 2.85117e-05 4.35392e-05
   209 1.11017e-04 1.59846e-04 2.79746e-05 4.27662e-05
   210 1.09197e-04 1.57464e-04 2.74490e-05 4.20089e-05
   211 1.07303e-04 1.54862e-04 2.69348e-05 4.12670e-05
   212 1.05583e-04 1.52595e-04 2.64315e-05 4.05402e-05
   213 1.03840e-04 1.50204e-04 2.59387e-05 3.98277e-05
   214 1.02098e-04 1.47829e-04 2.54565e-05 3.91298e-05
   215 1.00441e-04 1.45605e-04 2.49844e-05 3.84458e-05
   216 9.88546e-05 1.43364e-04 2.45220e-05 3.77753e-05
   217 9.71885e-05 1.41198e-04 2.40692e-05 3.71182e-05
   218 9.55875e-05 1.39001e-04 2.36261e-05 3.64740e-05
   219 9.40608e-05 1.36924e-04 2.31921e-05 3.58426e-05
   220 9.25309e-05 1.34860e-04 2.27671e-05 3.52236e-05
   221 9.09831e-05 1.32739e-04 2.23509e-05 3.46168e-05
   222 8.95301e-05 1.30761e-04 2.19435e-05 3.40220e-05
   223 8.80479e-05 1.28683e-04 2.15444e-05 3.34389e-05
   224 8.66772e-05 1.26783e-04 2.11535e-05 3.28674e-05
   225 8.52445e-05 1.24845e-04 2.07707e-05 3.23070e-05
   226 8.38747e-05 1.22976e-04 2.03957e-05 3.17576e-05
   227 8.25469e-05 1.21192e-04 2.00283e-05 3.12186e-05
   228 8.12069e-05 1.19376e-04 1.96684e-05 3.06898e-05
   229 7.99110e-05 1.17572e-04 1.93159e-05 3.01714e-05
   230 7.85815e-05 1.15754e-04 1.89706e-05 2.96630e-05
   231 7.73883e-05 1.14091e-04 1.86323e-05 2.91645e-05
   232 7.61696e-05 1.12392e-04 1.83006e-05 2.86753e-05
   233 7.49442e-05 1.10721e-04 1.79756e-05 2.81955e-05
   234 7.37699e-05 1.09135e-04 1.76572e-05 2.77247e-05
   235 7.25451e-05 1.07415e-04 1.73452e-05 2.72630e-05
   236 7.14456e-05 1.05893e-04 1.70395e-05 2.68101e-05
   237 7.03332e-05 1.04359e-04 1.67398e-05 2.63656e-05
   238 6.92077e-05 1.02790e-04 1.64460e-05 2.59295e-05
   239 6.81817e-05 1.01378e-04 1.61580e-05 2.55015e-05
   240 6.70404e-05 9.98162e-05 1.58757e-05 2.50815e-05
   241 6.60564e-05 9.84508e-05 1.55990e-05 2.46693e-05
   242 6.49477e-05 9.69021e-05 1.53278e-05 2.42649e-05
   243 6.39505e-05 9.54890e-05 1.50620e-05 2.38682e-05
   244 6.29765e-05 9.41557e-05 1.48014e-05 2.34788e-05
   245 6.19868e-05 9.27654e-05 1.45458e-05 2.30965e-05
   246 6.10676e-05 9.15123e-05 1.42952e-05 2.27212e-05
   247 6.00766e-05 9.01034e-05 1.40495e-05 2.23528e-05
   248 5.91656e-05 8.88203e-05 1.38086e-05 2.19914e-05
   249 5.83018e-05 8.75915e-05 1.35722e-05 2.16364e-05
   250 5.73800e-05 8.63164e-05 1.33404e-05 2.12879e-05
   251 5.65708e-05 8.51473e-05 1.31130e-05 2.09457e-05
   252 5.56250e-05 8.38139e-05 1.28899e-05 2.06098e-05
   253 5.48189e-05 8.26905e-05 1.26712e-05 2.02801e-05
   254 5.39748e-05 8.15008e-05 1.24567e-05 1.99562e-05
   255 5.31181e-05 8.03113e-05 1.22463e-05 1.96383e-05
   256 5.23445e-05 7.92078e-05 1.20399e-05 1.93262e-05
   257 5.15206e-05 7.80524e-05 1.18374e-05 1.90196e-05
   258 5.07834e-05 7.70213e-05 1.16388e-05 1.87185e-05
   259 4.99722e-05 7.58748e-05 1.14439e-05 1.84228e-05
   260 4.92322e-05 7.48460e-05 1.12528e-05 1.81324e-05
   261 4.84846e-05 7.38013e-05 1.10652e-05 1.78471e-05
   262 4.77538e-05 7.27477e-05 1.08812e-05 1.75669e-05
   263 4.70742e-05 7.17817e-05 1.07006e-05 1.72916e-05
   264 4.63483e-05 7.07379e-05 1.05233e-05 1.70211e-05
   265 4.56650e-05 6.97728e-05 1.03494e-05 1.67555e-05
   266 4.49723e-05 6.87753e-05 1.01787e-05 1.64946e-05
   267 4.43126e-05 6.78333e-05 1.00112e-05 1.62383e-05
   268 4.36583e-05 6.69124e-05 9.84674e-06 1.59865e-05
   269 4.29956e-05 6.59771e-05 9.68537e-06 1.57390e-05
   270 4.23837e-05 6.50918e-05 9.52697e-06 1.54958e-05
   271 4.17447e-05 6.41778e-05 9.37147e-06 1.52569e-05
   272 4.11220e-05 6.32929e-05 9.21886e-06 1.50221e-05
   273 4.05079e-05 6.24175e-05 9.06909e-06 1.47915e-05
   274 3.99245e-05 6.15760e-05 8.92205e-06 1.45648e-05
   275 3.93559e-05 6.07667e-05 8.77764e-06 1.43420e-05
   276 3.87543e-05 5.98979e-05 8.63588e-06 1.41230e-05
   277 3.81991e-05 5.90980e-05 8.49673e-06 1.39078e-05
   278 3.76234e-05 5.82666e-05 8.36011e-06 1.36963e-05
   279 3.70856e-05 5.74864e-05 8.22599e-06 1.34885e-05
   280 3.65657e-05 5.67480e-05 8.09423e-06 1.32842e-05
   281 3.60033e-05 5.59370e-05 7.96488e-06 1.30833e-05
   282 3.55050e-05 5.52219e-05 7.83787e-06 1.28859e-05
   283 3.49690e-05 5.44401e-05 7.71313e-06 1.26918e-05
   284 3.44819e-05 5.37298e-05 7.59065e-06 1.25010e-05
   285 3.39847e-05 5.30172e-05 7.47032e-06 1.23134e-05
   286 3.34744e-05 5.22708e-05 7.35218e-06 1.21290e-05
   287 3.30294e-05 5.16295e-05 7.23612e-06 1.19477e-05
   288 3.25375e-05 5.09120e-05 7.12209e-06 1.17694e-05
   289 3.20767e-05 5.02365e-05 7.01011e-06 1.15941e-05
   290 3.16051e-05 4.95649e-05 6.90013e-06 1.14217e-05
   291 3.11465e-05 4.88879e-05 6.79212e-06 1.12522e-05
   292 3.07399e-05 4.83032e-05 6.68597e-06 1.10855e-05
   293 3.02594e-05 4.75991e-05 6.58170e-06 1.09216e-05
   294 2.98428e-05 4.69998e-05 6.47932e-06 1.07604e-05
   295 2.94224e-05 4.63789e-05 6.37870e-06 1.06019e-05
   296 2.89998e-05 4.57577e-05 6.27984e-06 1.04460e-05
   297 2.86001e-05 4.51769e-05 6.18271e-06 1.02927e-05
   298 2.81821e-05 4.45615e-05 6.08728e-06 1.01419e-05
   299 2.78038e-05 4.40003e-05 5.99351e-06 9.99351e-06
   300 2.74116e-05 4.34243e-05 5.90133e-06 9.84755e-06
   301 2.70246e-05 4.28633e-05 5.81075e-06 9.70398e-06
   302 2.66464e-05 4.23033e-05 5.72175e-06 9.56275e-06
   303 2.62537e-05 4.17235e-05 5.63431e-06 9.42386e-06
   304 2.59081e-05 4.12177e-05 5.54838e-06 9.28722e-06
   305 2.55403e-05 4.06769e-05 5.46390e-06 9.15275e-06
   306 2.51823e-05 4.01452e-05 5.38088e-06 9.02047e-06
   307 2.48317e-05 3.96348e-05 5.29930e-06 8.89033e-06
   308 2.44800e-05 3.91058e-05 5.21912e-06 8.76230e-06
   309 2.41586e-05 3.86359e-05 5.14029e-06 8.63630e-06
   310 2.38076e-05 3.81070e-05 5.06280e-06 8.51232e-06
   311 2.34868e-05 3.76359e-05 4.98664e-06 8.39035e-06
   312 2.31628e-05 3.71463e-05 4.91176e-06 8.27032e-06
   313 2.28431e-05 3.66685e-05 4.83815e-06 8.15221e-06
   314 2.25271e-05 3.62010e-05 4.76579e-06 8.03599e-06
   315 2.22129e-05 3.57356e-05 4.69466e-06 7.92163e-06
   316 2.19142e-05 3.52786e-05 4.62473e-06 7.80909e-06
   317 2.16170e-05 3.48322e-05 4.55596e-06 7.69833e-06
   318 2.13203e-05 3.43896e-05 4.48835e-06 7.58932e-06
   319 2.10283e-05 3.39600e-05 4.42187e-06 7.48203e-06
   320 2.07443e-05 3.35318e-05 4.35650e-06 7.37640e-06
   321 2.04689e-05 3.31202e-05 4.29220e-06 7.27243e-06
   322 2.01884e-05 3.27039e-05 4.22897e-06 7.17006e-06
   323 1.99109e-05 3.22846e-05 4.16680e-06 7.06930e-06
   324 1.96357e-05 3.18683e-05 4.10568e-06 6.97014e-06
   325 1.93793e-05 3.14712e-05 4.04557e-06 6.87255e-06
   326 1.91205e-05 3.10821e-05 3.98643e-06 6.77646e-06
   327 1.88555e-05 3.06837e-05 3.92827e-06 6.68188e-06
   328 1.86040e-05 3.03018e-05 3.87108e-06 6.58877e-06
   329 1.83506e-05 2.99181e-05 3.81484e-06 6.49711e-06
   330 1.81178e-05 2.95589e-05 3.75950e-06 6.40686e-06
   331 1.78705e-05 2.91889e-05 3.70505e-06 6.31799e-06
   332 1.76318e-05 2.88250e-05 3.65151e-06 6.23049e-06
   333 1.73985e-05 2.84701e-05 3.59883e-06 6.14433e-06
   334 1.71602e-05 2.81079e-05 3.54702e-06 6.05950e-06
   335 1.69403e-05 2.77752e-05 3.49605e-06 5.97597e-06
   336 1.67097e-05 2.74253e-05 3.44590e-06 5.89371e-06
   337 1.64912e-05 2.70857e-05 3.39657e-06 5.81271e-06
   338 1.62808e-05 2.67701e-05 3.34802e-06 5.73292e-06
   339 1.60528e-05 2.64145e-05 3.30026e-06 5.65437e-06
   340 1.58478e-05 2.61048e-05 3.25328e-06 5.57702e-06
   341 1.56325e-05 2.57723e-05 3.20705e-06 5.50084e-06
   342 1.54297e-05 2.54619e-05 3.16157e-06 5.42583e-06
   343 1.52315e-05 2.51586e-05 3.11681e-06 5.35194e-06
   344 1.50229e-05 2.48414e-05 3.07277e-06 5.27915e-06
   345 1.48361e-05 2.45549e-05 3.02944e-06 5.20746e-06
   346 1.46345e-05 2.42348e-05 2.98679e-06 5.13686e-06
   347 1.44504e-05 2.39526e-05 2.94482e-06 5.06732e-06
   348 1.42632e-05 2.36673e-05 2.90351e-06 4.99880e-06
   349 1.40731e-05 2.33680e-05 2.86285e-06 4.93132e-06
   350 1.38983e-05 2.31029e-05 2.82284e-06 4.86484e-06
   351 1.37102e-05 2.28097e-05 2.78345e-06 4.79935e-06
   352 1.35363e-05 2.25399e-05 2.74470e-06 4.73484e-06
   353 1.33565e-05 2.22592e-05 2.70655e-06 4.67130e-06
   354 1.31864e-05 2.19896e-05 2.66901e-06 4.60871e-06
   355 1.30237e-05 2.17403e-05 2.63204e-06 4.54703e-06
   356 1.28504e-05 2.14647e-05 2.59565e-06 4.48627e-06
   357 1.26891e-05 2.12150e-05 2.55983e-06 4.42641e-06
   358 1.25220e-05 2.09537e-05 2.52457e-06 4.36743e-06
   359 1.23652e-05 2.07092e-05 2.48986e-06 4.30932e-06
   360 1.22108e-05 2.04687e-05 2.45568e-06 4.25205e-06
   361 1.20515e-05 2.02183e-05 2.42203e-06 4.19562e-06
   362 1.19029e-05 1.99837e-05 2.38890e-06 4.14001e-06
   363 1.17491e-05 1.97389e-05 2.35627e-06 4.08523e-06
   364 1.16029e-05 1.95138e-05 2.32415e-06 4.03123e-06
   365 1.14504e-05 1.92764e-05 2.29253e-06 3.97802e-06
   366 1.13054e-05 1.90430e-05 2.26140e-06 3.92560e-06
   367 1.11664e-05 1.88268e-05 2.23074e-06 3.87394e-06
   368 1.10238e-05 1.86039e-05 2.20055e-06 3.82302e-06
   369 1.08849e-05 1.83866e-05 2.17083e-06 3.77283e-06
   370 1.07465e-05 1.81664e-05 2.14156e-06 3.72336e-06
   371 1.06118e-05 1.79511e-05 2.11273e-06 3.67462e-06
   372 1.04812e-05 1.77466e-05 2.08434e-06 3.62658e-06
   373 1.03478e-05 1.75347e-05 2.05639e-06 3.57922e-06
   374 1.02193e-05 1.73298e-05 2.02885e-06 3.53255e-06
   375 1.00877e-05 1.71220e-05 2.00174e-06 3.48655e-06
   376 9.96513e-06 1.69275e-05 1.97504e-06 3.44121e-06
   377 9.84178e-06 1.67320e-05 1.94874e-06 3.39651e-06
   378 9.71725e-06 1.65331e-05 1.92283e-06 3.35245e-06
   379 9.60147e-06 1.63507e-05 1.89731e-06 3.30901e-06
   380 9.47909e-06 1.61528e-05 1.87217e-06 3.26619e-06
   381 9.36530e-06 1.59746e-05 1.84741e-06 3.22397e-06
   382 9.24584e-06 1.57817e-05 1.82302e-06 3.18235e-06
   383 9.13216e-06 1.55991e-05 1.79900e-06 3.14133e-06
   384 9.01902e-06 1.54180e-05 1.77533e-06 3.10090e-06
   385 8.90828e-06 1.52387e-05 1.75202e-06 3.06103e-06
   386 8.80091e-06 1.50699e-05 1.72905e-06 3.02172e-06
   387 8.69074e-06 1.48904e-05 1.70642e-06 2.98296e-06
   388 8.58530e-06 1.47242e-05 1.68413e-06 2.94475e-06
   389 8.48164e-06 1.45541e-05 1.66217e-06 2.90707e-06
   390 8.37555e-06 1.43826e-05 1.64053e-06 2.86992e-06
   391 8.27761e-06 1.42272e-05 1.61920e-06 2.83329e-06
   392 8.17351e-06 1.40563e-05 1.59819e-06 2.79717e-06
   393 8.07750e-06 1.39033e-05 1.57749e-06 2.76155e-06
   394 7.97663e-06 1.37396e-05 1.55709e-06 2.72643e-06
   395 7.87906e-06 1.35797e-05 1.53700e-06 2.69180e-06
   396 7.78625e-06 1.34325e-05 1.51719e-06 2.65765e-06
   397 7.69183e-06 1.32759e-05 1.49768e-06 2.62397e-06
   398 7.60153e-06 1.31340e-05 1.47844e-06 2.59076e-06
   399 7.50616e-06 1.29777e-05 1.45948e-06 2.55799e-06
   400 7.41600e-06 1.28313e-05 1.44081e-06 2.52569e-06
   401 7.32732e-06 1.26877e-05 1.42240e-06 2.49383e-06
   402 7.23922e-06 1.25418e-05 1.40426e-06 2.46241e-06
   403 7.15458e-06 1.24069e-05 1.38638e-06 2.43142e-06
   404 7.06696e-06 1.22610e-05 1.36876e-06 2.40086e-06
   405 6.98369e-06 1.21244e-05 1.35139e-06 2.37071e-06
   406 6.90151e-06 1.19915e-05 1.33427e-06 2.34098e-06
   407 6.81697e-06 1.18503e-05 1.31740e-06 2.31165e-06
   408 6.73811e-06 1.17254e-05 1.30076e-06 2.28272e-06
   409 6.65778e-06 1.15907e-05 1.28437e-06 2.25419e-06
   410 6.57978e-06 1.14650e-05 1.26820e-06 2.22604e-06
   411 6.50272e-06 1.13359e-05 1.25227e-06 2.19826e-06
   412 6.42363e-06 1.12069e-05 1.23656e-06 2.17087e-06
   413 6.34921e-06 1.10832e-05 1.22108e-06 2.14386e-06
   414 6.27408e-06 1.09570e-05 1.20582e-06 2.11721e-06
   415 6.20272e-06 1.08401e-05 1.19077e-06 2.09091e-06
   416 6.12785e-06 1.07171e-05 1.17593e-06 2.06497e-06
   417 6.05651e-06 1.06010e-05 1.16130e-06 2.03938e-06
   418 5.98569e-06 1.04811e-05 1.14688e-06 2.01413e-06
   419 5.91707e-06 1.03675e-05 1.13266e-06 1.98922e-06
   420 5.84762e-06 1.02540e-05 1.11864e-06 1.96464e-06
   421 5.77913e-06 1.01361e-05 1.10481e-06 1.94040e-06
   422 5.71130e-06 1.00256e-05 1.09118e-06 1.91648e-06
   423 5.64487e-06 9.91473e-06 1.07774e-06 1.89289e-06
   424 5.57959e-06 9.80680e-06 1.06449e-06 1.86960e-06
   425 5.51466e-06 9.69905e-06 1.05143e-06 1.84663e-06
   426 5.45163e-06 9.59287e-06 1.03854e-06 1.82396e-06
   427 5.38927e-06 9.48935e-06 1.02583e-06 1.80159e-06
   428 5.32657e-06 9.38392e-06 1.01330e-06 1.77951e-06
   429 5.26577e-06 9.28182e-06 1.00094e-06 1.75773e-06
   430 5.20560e-06 9.18042e-06 9.88747e-07 1.73624e-06
   431 5.14676e-06 9.08014e-06 9.76724e-07 1.71503e-06
   432 5.08917e-06 8.98702e-06 9.64863e-07 1.69410e-06
   433 5.02895e-06 8.88356e-06 9.53166e-07 1.67344e-06
   434 4.97176e-06 8.78932e-06 9.41632e-07 1.65305e-06
   435 4.91436e-06 8.69124e-06 9.30255e-07 1.63294e-06
   436 4.86037e-06 8.60030e-06 9.19033e-07 1.61309e-06
   437 4.80466e-06 8.50736e-06 9.07962e-07 1.59349e-06
   438 4.74983e-06 8.41361e-06 8.97043e-07 1.57415e-06
   439 4.69607e-06 8.32413e-06 8.86272e-07 1.55507e-06
   440 4.64229e-06 8.23281e-06 8.75649e-07 1.53623e-06
   441 4.59035e-06 8.14491e-06 8.65169e-07 1.51764e-06
   442 4.53833e-06 8.05744e-06 8.54831e-07 1.49929e-06
   443 4.48811e-06 7.96971e-06 8.44631e-07 1.48118e-06
   444 4.43812e-06 7.88879e-06 8.34568e-07 1.46330e-06
   445 4.38807e-06 7.79933e-06 8.24640e-07 1.44566e-06
   446 4.33823e-06 7.71696e-06 8.14846e-07 1.42824e-06
   447 4.28976e-06 7.63387e-06 8.05184e-07 1.41105e-06
   448 4.24277e-06 7.55130e-06 7.95651e-07 1.39409e-06
   449 4.19652e-06 7.47718e-06 7.86243e-07 1.37733e-06
   450 4.14855e-06 7.39177e-06 7.76960e-07 1.36079e-06
   451 4.10174e-06 7.31400e-06 7.67803e-07 1.34447e-06
   452 4.05650e-06 7.23417e-06 7.58769e-07 1.32836e-06
   453 4.01273e-06 7.15980e-06 7.49853e-07 1.31246e-06
   454 3.96808e-06 7.08429e-06 7.41054e-07 1.29675e-06
   455 3.92466e-06 7.00768e-06 7.32371e-07 1.28125e-06
   456 3.88153e-06 6.93542e-06 7.23802e-07 1.26594e-06
   457 3.83900e-06 6.86181e-06 7.15346e-07 1.25083e-06
   458 3.79661e-06 6.78763e-06 7.07001e-07 1.23591e-06
   459 3.75489e-06 6.71667e-06 6.98766e-07 1.22119e-06
   460 3.71417e-06 6.64431e-06 6.90638e-07 1.20665e-06
   461 3.67377e-06 6.57789e-06 6.82617e-07 1.19229e-06
   462 3.63421e-06 6.50648e-06 6.74699e-07 1.17812e-06
   463 3.59450e-06 6.43876e-06 6.66885e-07 1.16412e-06
   464 3.55525e-06 6.37051e-06 6.59172e-07 1.15030e-06
   465 3.51647e-06 6.30360e-06 6.51560e-07 1.13666e-06
   466 3.47805e-06 6.23872e-06 6.44047e-07 1.12319e-06
   467 3.44070e-06 6.17156e-06 6.36631e-07 1.10989e-06
   468 3.40383e-06 6.10836e-06 6.29311e-07 1.09675e-06
   469 3.36704e-06 6.04397e-06 6.22085e-07 1.08379e-06
   470 3.33129e-06 5.98281e-06 6.14952e-07 1.07098e-06
   471 3.29473e-06 5.91847e-06 6.07910e-07 1.05833e-06
   472 3.26030e-06 5.85680e-06 6.00959e-07 1.04584e-06
   473 3.22523e-06 5.79827e-06 5.94097e-07 1.03351e-06
   474 3.19137e-06 5.73704e-06 5.87321e-07 1.02133e-06
   475 3.15655e-06 5.67695e-06 5.80632e-07 1.00930e-06
   476 3.12296e-06 5.61785e-06 5.74029e-07 9.97427e-07
   477 3.09031e-06 5.56061e-06 5.67510e-07 9.85697e-07
   478 3.05743e-06 5.50548e-06 5.61072e-07 9.74110e-07
   479 3.02572e-06 5.44649e-06 5.54716e-07 9.62666e-07
   480 2.99315e-06 5.39155e-06 5.48440e-07 9.51365e-07
   481 2.96158e-06 5.33553e-06 5.42244e-07 9.40202e-07
   482 2.93016e-06 5.28043e-06 5.36125e-07 9.29179e-07
   483 2.89976e-06 5.22595e-06 5.30084e-07 9.18291e-07
   484 2.86963e-06 5.17160e-06 5.24118e-07 9.07539e-07
   485 2.83894e-06 5.12042e-06 5.18227e-07 8.96917e-07
   486 2.81000e-06 5.06664e-06 5.12409e-07 8.86426e-07
   487 2.78084e-06 5.01644e-06 5.06663e-07 8.76063e-07
   488 2.75092e-06 4.96290e-06 5.00989e-07 8.65828e-07
   489 2.72296e-06 4.91205e-06 4.95387e-07 8.55721e-07
   490 2.69454e-06 4.86412e-06 4.89853e-07 8.45735e-07
   491 2.66752e-06 4.81476e-06 4.84387e-07 8.35868e-07
   492 2.63921e-06 4.76596e-06 4.78988e-07 8.26122e-07
   493 2.61216e-06 4.71746e-06 4.73657e-07 8.16494e-07
   494 2.58539e-06 4.66938e-06 4.68391e-07 8.06984e-07
   495 2.55833e-06 4.62256e-06 4.63190e-07 7.97589e-07
   496 2.53277e-06 4.57432e-06 4.58053e-07 7.88308e-07
   497 2.50643e-06 4.52958e-06 4.52978e-07 7.79140e-07
   498 2.48083e-06 4.48349e-06 4.47966e-07 7.70082e-07
   499 2.45580e-06 4.43839e-06 4.43014e-07 7.61133e-07
   500 2.43073e-06 4.39428e-06 4.38123e-07 7.52291e-07
   501 2.40652e-06 4.34867e-06 4.33291e-07 7.43557e-07
   502 2.38136e-06 4.30718e-06 4.28517e-07 7.34927e-07
   503 2.35821e-06 4.26346e-06 4.23801e-07 7.26400e-07
   504 2.33443e-06 4.22154e-06 4.19141e-07 7.17974e-07
   505 2.31106e-06 4.17777e-06 4.14537e-07 7.09649e-07
   506 2.28802e-06 4.13546e-06 4.09988e-07 7.01427e-07
   507 2.26378e-06 4.09497e-06 4.05495e-07 6.93302e-07
   508 2.24221e-06 4.05337e-06 4.01055e-07 6.85274e-07
   509 2.21909e-06 4.01360e-06 3.96669e-07 6.77342e-07
   510 2.19812e-06 3.97296e-06 3.92334e-07 6.69504e-07
   511 2.17565e-06 3.93452e-06 3.88050e-07 6.61760e-07
   512 2.15398e-06 3.89504e-06 3.83818e-07 6.54106e-07
   513 2.13283e-06 3.85641e-06 3.79636e-07 6.46544e-07
   514 2.11120e-06 3.81880e-06 3.75503e-07 6.39070e-07
   515 2.09140e-06 3.78062e-06 3.71419e-07 6.31685e-07
   516 2.07021e-06 3.74414e-06 3.67383e-07 6.24387e-07
   517 2.05018e-06 3.70678e-06 3.63394e-07 6.17174e-07
   518 2.03053e-06 3.66995e-06 3.59451e-07 6.10046e-07
   519 2.01006e-06 3.63410e-06 3.55555e-07 6.03003e-07
   520 1.99157e-06 3.59770e-06 3.51703e-07 5.96043e-07
   521 1.97136e-06 3.56330e-06 3.47897e-07 5.89164e-07
   522 1.95282e-06 3.52798e-06 3.44134e-07 5.82365e-07
   523 1.93316e-06 3.49376e-06 3.40416e-07 5.75646e-07
   524 1.91509e-06 3.45946e-06 3.36740e-07 5.69005e-07
   525 1.89719e-06 3.42560e-06 3.33106e-07 5.62441e-07
   526 1.87782e-06 3.39265e-06 3.29514e-07 5.55954e-07
   527 1.86090e-06 3.35959e-06 3.25964e-07 5.49542e-07
   528 1.84224e-06 3.32692e-06 3.22454e-07 5.43204e-07
   529 1.82542e-06 3.29504e-06 3.18984e-07 5.36939e-07
   530 1.80840e-06 3.26263e-06 3.15552e-07 5.30747e-07
   531 1.78962e-06 3.23113e-06 3.12161e-07 5.24626e-07
   532 1.77472e-06 3.19915e-06 3.08808e-07 5.18577e-07
   533 1.75609e-06 3.16930e-06 3.05493e-07 5.12597e-07
   534 1.74048e-06 3.13841e-06 3.02216e-07 5.06686e-07
   535 1.72466e-06 3.10808e-06 2.98974e-07 5.00843e-07
   536 1.70793e-06 3.07822e-06 2.95769e-07 4.95066e-07
   537 1.69300e-06 3.04866e-06 2.92600e-07 4.89356e-07
   538 1.67558e-06 3.01985e-06 2.89466e-07 4.83711e-07
   539 1.66098e-06 2.99027e-06 2.86368e-07 4.78131e-07
   540 1.64507e-06 2.96221e-06 2.83305e-07 4.72615e-07
   541 1.62976e-06 2.93384e-06 2.80275e-07 4.67161e-07
   542 1.61619e-06 2.90599e-06 2.77278e-07 4.61768e-07
   543 1.59948e-06 2.87846e-06 2.74314e-07 4.56437e-07
   544 1.58650e-06 2.85033e-06 2.71383e-07 4.51167e-07
   545 1.57105e-06 2.82352e-06 2.68484e-07 4.45957e-07
   546 1.55640e-06 2.79673e-06 2.65617e-07 4.40805e-07
   547 1.54385e-06 2.77013e-06 2.62781e-07 4.35712e-07
   548 1.52732e-06 2.74439e-06 2.59976e-07 4.30676e-07
   549 1.51573e-06 2.71792e-06 2.57202e-07 4.25696e-07
   550 1.50074e-06 2.69254e-06 2.54457e-07 4.20773e-07
   551 1.48744e-06 2.66745e-06 2.51743e-07 4.15905e-07
   552 1.47488e-06 2.64236e-06 2.49058e-07 4.11091e-07
   553 1.46068e-06 2.61762e-06 2.46401e-07 4.06331e-07
   554 1.44923e-06 2.59307e-06 2.43772e-07 4.01624e-07
   555 1.43441e-06 2.56934e-06 2.41172e-07 3.96969e-07
   556 1.42313e-06 2.54461e-06 2.38600e-07 3.92366e-07
   557 1.41003e-06 2.52111e-06 2.36055e-07 3.87815e-07
   558 1.39740e-06 2.49770e-06 2.33537e-07 3.83314e-07
   559 1.38614e-06 2.47480e-06 2.31045e-07 3.78862e-07
   560 1.37257e-06 2.45173e-06 2.28580e-07 3.74460e-07
   561 1.36218e-06 2.42855e-06 2.26140e-07 3.70106e-07
   562 1.34976e-06 2.40658e-06 2.23725e-07 3.65801e-07
   563 1.33765e-06 2.38422e-06 2.21336e-07 3.61542e-07
   564 1.32651e-06 2.36224e-06 2.18972e-07 3.57331e-07
   565 1.31466e-06 2.34057e-06 2.16633e-07 3.53165e-07
   566 1.30445e-06 2.31893e-06 2.14317e-07 3.49046e-07
   567 1.29273e-06 2.29804e-06 2.12025e-07 3.44971e-07
   568 1.28203e-06 2.27703e-06 2.09757e-07 3.40940e-07
   569 1.27063e-06 2.25598e-06 2.07511e-07 3.36953e-07
   570 1.26038e-06 2.23551e-06 2.05289e-07 3.33009e-07
   571 1.24998e-06 2.21542e-06 2.03089e-07 3.29108e-07
   572 1.23885e-06 2.19518e-06 2.00912e-07 3.25250e-07
   573 1.22895e-06 2.17546e-06 1.98756e-07 3.21433e-07
   574 1.21856e-06 2.15562e-06 1.96623e-07 3.17657e-07
   575 1.20918e-06 2.13644e-06 1.94510e-07 3.13921e-07
   576 1.19896e-06 2.11729e-06 1.92418e-07 3.10226e-07
   577 1.18887e-06 2.09797e-06 1.90347e-07 3.06570e-07
   578 1.17933e-06 2.07925e-06 1.88296e-07 3.02953e-07
   579 1.16910e-06 2.06052e-06 1.86266e-07 2.99375e-07
   580 1.16058e-06 2.04200e-06 1.84256e-07 2.95835e-07
   581 1.15022e-06 2.02355e-06 1.82266e-07 2.92334e-07
   582 1.14132e-06 2.00551e-06 1.80296e-07 2.88869e-07
   583 1.13276e-06 1.98794e-06 1.78344e-07 2.85442e-07
   584 1.12203e-06 1.97023e-06 1.76412e-07 2.82050e-07
   585 1.11499e-06 1.95325e-06 1.74498e-07 2.78694e-07
   586 1.10481e-06 1.93562e-06 1.72602e-07 2.75373e-07
   587 1.09681e-06 1.91870e-06 1.70725e-07 2.72087e-07
   588 1.08861e-06 1.90210e-06 1.68866e-07 2.68835e-07
   589 1.07828e-06 1.88504e-06 1.67025e-07 2.65617e-07
   590 1.07203e-06 1.86892e-06 1.65201e-07 2.62433e-07
   591 1.06238e-06 1.85253e-06 1.63393e-07 2.59282e-07
   592 1.05531e-06 1.83659e-06 1.61603e-07 2.56164e-07
   593 1.04661e-06 1.82046e-06 1.59830e-07 2.53078e-07
   594 1.03814e-06 1.80446e-06 1.58073e-07 2.50024e-07
   595 1.03221e-06 1.78936e-06 1.56332e-07 2.47001e-07
   596 1.02226e-06 1.77355e-06 1.54607e-07 2.44010e-07
   597 1.01593e-06 1.75857e-06 1.52899e-07 2.41049e-07
   598 1.00746e-06 1.74317e-06 1.51205e-07 2.38119e-07
   599 1.00066e-06 1.72848e-06 1.49528e-07 2.35219e-07
   600 9.94620e-07 1.71430e-06 1.47864e-07 2.32347e-07
   601 9.84397e-07 1.69889e-06 1.46216e-07 2.29505e-07
   602 9.78950e-07 1.68491e-06 1.44584e-07 2.26693e-07
   603 9.71559e-07 1.67074e-06 1.42965e-07 2.23908e-07
   604 9.64816e-07 1.65675e-06 1.41361e-07 2.21151e-07
   605 9.59154e-07 1.64320e-06 1.39770e-07 2.18422e-07
   606 9.49207e-07 1.62842e-06 1.38194e-07 2.15720e-07
   607 9.44688e-07 1.61545e-06 1.36632e-07 2.13046e-07
   608 9.37413e-07 1.60197e-06 1.35083e-07 2.10398e-07
   609 9.31928e-07 1.58928e-06 1.33547e-07 2.07775e-07
   610 9.24684e-07 1.57584e-06 1.32024e-07 2.05179e-07
   611 9.17544e-07 1.56235e-06 1.30515e-07 2.02609e-07
   612 9.12671e-07 1.54994e-06 1.29019e-07 2.00064e-07
   613 9.05544e-07 1.53722e-06 1.27535e-07 1.97544e-07
   614 9.00233e-07 1.52494e-06 1.26063e-07 1.95048e-07
   615 8.92959e-07 1.51223e-06 1.24604e-07 1.92577e-07
   616 8.88618e-07 1.50060e-06 1.23157e-07 1.90130e-07
   617 8.83438e-07 1.48870e-06 1.21719e-07 1.87705e-07
   618 8.75470e-07 1.47599e-06 1.20295e-07 1.85305e-07
   619 8.71169e-07 1.46477e-06 1.18883e-07 1.82927e-07
   620 8.64313e-07 1.45271e-06 1.17483e-07 1.80573e-07
   621 8.61285e-07 1.44225e-06 1.16092e-07 1.78240e-07
   622 8.53572e-07 1.43005e-06 1.14712e-07 1.75929e-07
   623 8.49137e-07 1.41911e-06 1.13345e-07 1.73641e-07
   624 8.44136e-07 1.40815e-06 1.11987e-07 1.71373e-07
   625 8.37807e-07 1.39679e-06 1.10640e-07 1.69128e-07
   626 8.35093e-07 1.38703e-06 1.09303e-07 1.66902e-07
   627 8.27986e-07 1.37544e-06 1.07976e-07 1.64698e-07
   628 8.24312e-07 1.36558e-06 1.06659e-07 1.62514e-07
   629 8.20321e-07 1.35545e-06 1.05351e-07 1.60349e-07
   630 8.12319e-07 1.34382e-06 1.04054e-07 1.58205e-07
   631 8.09995e-07 1.33480e-06 1.02768e-07 1.56081e-07
   632 8.04603e-07 1.32455e-06 1.01489e-07 1.53975e-07
   633 8.01699e-07 1.31556e-06 1.00219e-07 1.51888e-07
   634 7.96916e-07 1.30573e-06 9.89577e-08 1.49819e-07
   635 7.90684e-07 1.29513e-06 9.77067e-08 1.47770e-07
   636 7.89114e-07 1.28699e-06 9.64637e-08 1.45738e-07
   637 7.82197e-07 1.27646e-06 9.52294e-08 1.43725e-07
   638 7.81209e-07 1.26896e-06 9.40032e-08 1.41728e-07
   639 7.74134e-07 1.25845e-06 9.27852e-08 1.39749e-07
   640 7.71021e-07 1.25012e-06 9.15771e-08 1.37788e-07
   641 7.70762e-07 1.24324e-06 9.03736e-08 1.35841e-07
   642 7.63439e-07 1.23289e-06 8.91777e-08 1.33911e-07
   643 7.62133e-07 1.22572e-06 8.79906e-08 1.31998e-07
   644 7.55762e-07 1.21580e-06 8.68112e-08 1.30101e-07
   645 7.53153e-07 1.20818e-06 8.56405e-08 1.28220e-07
   646 7.53068e-07 1.20218e-06 8.44738e-08 1.26353e-07
   647 7.45563e-07 1.19200e-06 8.33148e-08 1.24502e-07
   648 7.46274e-07 1.18640e-06 8.21629e-08 1.22665e-07
   649 7.39805e-07 1.17706e-06 8.10171e-08 1.20843e-07
   650 7.38801e-07 1.17070e-06 7.98789e-08 1.19036e-07
   651 7.36956e-07 1.16414e-06 7.87445e-08 1.17241e-07
   652 7.30518e-07 1.15476e-06 7.76183e-08 1.15461e-07
   653 7.32663e-07 1.15080e-06 7.64971e-08 1.13695e-07
   654 7.25973e-07 1.14160e-06 7.53811e-08 1.11941e-07
   655 7.25700e-07 1.13645e-06 7.42720e-08 1.10200e-07
   656 7.23369e-07 1.13009e-06 7.31667e-08 1.08472e-07
   657 7.19635e-07 1.12279e-06 7.20677e-08 1.06756e-07
   658 7.22245e-07 1.11974e-06 7.09712e-08 1.05050e-07
   659 7.14808e-07 1.11046e-06 6.98800e-08 1.03357e-07
   660 7.15572e-07 1.10614e-06 6.87956e-08 1.01676e-07
   661 7.13566e-07 1.10050e-06 6.77137e-08 1.00006e-07
   662 7.12061e-07 1.09509e-06 6.66362e-08 9.83464e-08
   663 7.12425e-07 1.09138e-06 6.55610e-08 9.66962e-08
   664 7.09634e-07 1.08545e-06 6.44894e-08 9.50557e-08
   665 7.08687e-07 1.08053e-06 6.34222e-08 9.34260e-08
   666 7.08616e-07 1.07671e-06 6.23574e-08 9.18053e-08
   667 7.09206e-07 1.07331e-06 6.12937e-08 9.01923e-08
   668 7.08551e-07 1.06958e-06 6.02317e-08 8.85871e-08
   669 7.06483e-07 1.06429e-06 5.91733e-08 8.69911e-08
   670 7.09323e-07 1.06320e-06 5.81160e-08 8.54022e-08
   671 7.08805e-07 1.05974e-06 5.70585e-08 8.38191e-08
   672 7.10609e-07 1.05781e-06 5.60015e-08 8.22424e-08
   673 7.09669e-07 1.05434e-06 5.49456e-08 8.06720e-08
   674 7.14467e-07 1.05492e-06 5.38884e-08 7.91062e-08
   675 7.18451e-07 1.05524e-06 5.28261e-08 7.75419e-08
   676 7.19943e-07 1.05421e-06 5.17614e-08 7.59805e-08
   677 7.23900e-07 1.05457e-06 5.06943e-08 7.44219e-08
   678 7.30662e-07 1.05789e-06 4.96208e-08 7.28629e-08
   679 7.38487e-07 1.06236e-06 4.85381e-08 7.13004e-08
   680 7.47342e-07 1.06779e-06 4.74449e-08 6.97330e-08
   681 7.70191e-07 1.08604e-06 4.63300e-08 6.81505e-08
   682 7.21064e-07 1.02479e-06 4.52363e-08 6.66023e-08
   683 6.50529e-07 9.39670e-07 4.42323e-08 6.51640e-08
   684 6.19769e-07 8.98525e-07 4.33032e-08 6.38195e-08
   685 5.90551e-07 8.62347e-07 4.24193e-08 6.25335e-08
   686 5.71329e-07 8.35728e-07 4.15719e-08 6.12950e-08
   687 5.52826e-07 8.10891e-07 4.07533e-08 6.00958e-08
   688 5.35942e-07 7.89377e-07 3.99615e-08 5.89321e-08
   689 5.24208e-07 7.69884e-07 3.91917e-08 5.77998e-08
   690 5.07525e-07 7.50445e-07 3.84435e-08 5.66974e-08
   691 4.92898e-07 7.28325e-07 3.77192e-08 5.56267e-08
   692 4.81420e-07 7.13365e-07 3.70147e-08 5.45843e-08
   693 4.67942e-07 6.94495e-07 3.63293e-08 5.35679e-08
   694 4.57717e-07 6.78903e-07 3.56620e-08 5.25777e-08
   695 4.47384e-07 6.66833e-07 3.50104e-08 5.16089e-08
   696 4.40550e-07 6.53977e-07 3.43721e-08 5.06594e-08
   697 4.28694e-07 6.38462e-07 3.37481e-08 4.97316e-08
   698 4.20513e-07 6.26668e-07 3.31393e-08 4.88247e-08
   699 4.11561e-07 6.12270e-07 3.25438e-08 4.79379e-08
   700 4.03961e-07 6.03388e-07 3.19608e-08 4.70690e-08
   701 3.90578e-07 5.83491e-07 3.13938e-08 4.62219e-08
   702 3.86277e-07 5.77517e-07 3.08400e-08 4.53943e-08
   703 3.81415e-07 5.69670e-07 3.02936e-08 4.45778e-08
   704 3.72393e-07 5.55481e-07 2.97579e-08 4.37781e-08
   705 3.62815e-07 5.44117e-07 2.92361e-08 4.29977e-08
   706 3.54832e-07 5.30579e-07 2.87275e-08 4.22361e-08
   707 3.50404e-07 5.25920e-07 2.82284e-08 4.14884e-08
   708 3.43992e-07 5.14065e-07 2.77377e-08 4.07535e-08
   709 3.39140e-07 5.06982e-07 2.72556e-08 4.00329e-08
   710 3.30607e-07 4.96323e-07 2.67836e-08 3.93259e-08
   711 3.26885e-07 4.88518e-07 2.63209e-08 3.86328e-08
   712 3.20797e-07 4.82688e-07 2.58658e-08 3.79504e-08
   713 3.13180e-07 4.69323e-07 2.54209e-08 3.72823e-08
   714 3.07169e-07 4.61151e-07 2.49862e-08 3.66303e-08
   715 3.05605e-07 4.56927e-07 2.45574e-08 3.59878e-08
   716 2.99102e-07 4.47448e-07 2.41348e-08 3.53559e-08
   717 2.90703e-07 4.37772e-07 2.37233e-08 3.47381e-08
   718 2.86191e-07 4.29101e-07 2.33213e-08 3.41341e-08
   719 2.83363e-07 4.25884e-07 2.29249e-08 3.35391e-08
   720 2.79890e-07 4.19656e-07 2.25335e-08 3.29515e-08
   721 2.71604e-07 4.07476e-07 2.21508e-08 3.23775e-08
   722 2.69203e-07 4.03694e-07 2.17760e-08 3.18154e-08
   723 2.61458e-07 3.92518e-07 2.14088e-08 3.12644e-08
   724 2.63255e-07 3.95193e-07 2.10462e-08 3.07200e-08
   725 2.53494e-07 3.80593e-07 2.06896e-08 3.01847e-08
   726 2.52211e-07 3.78480e-07 2.03411e-08 2.96616e-08
   727 2.43755e-07 3.65742e-07 1.99998e-08 2.91494e-08
   728 2.44131e-07 3.65439e-07 1.96644e-08 2.86469e-08
   729 2.40393e-07 3.61234e-07 1.93319e-08 2.81481e-08
   730 2.36037e-07 3.53538e-07 1.90054e-08 2.76582e-08
   731 2.28996e-07 3.44710e-07 1.86871e-08 2.71803e-08
   732 2.28042e-07 3.41043e-07 1.83747e-08 2.67116e-08
   733 2.23300e-07 3.35050e-07 1.80666e-08 2.62501e-08
   734 2.21166e-07 3.31914e-07 1.77636e-08 2.57955e-08
   735 2.15877e-07 3.23249e-07 1.74661e-08 2.53495e-08
   736 2.13601e-07 3.20936e-07 1.71742e-08 2.49116e-08
   737 2.13086e-07 3.18043e-07 1.68845e-08 2.44778e-08
   738 2.07893e-07 3.11931e-07 1.65991e-08 2.40507e-08
   739 2.00087e-07 2.99971e-07 1.63229e-08 2.36364e-08
   740 1.96669e-07 2.94345e-07 1.60547e-08 2.32346e-08
   741 2.02561e-07 3.03268e-07 1.57851e-08 2.28311e-08
   742 1.92590e-07 2.87728e-07 1.55187e-08 2.24327e-08
   743 1.90166e-07 2.85348e-07 1.52610e-08 2.20468e-08
   744 1.88687e-07 2.82666e-07 1.50062e-08 2.16648e-08
   745 1.84591e-07 2.75139e-07 1.47555e-08 2.12902e-08
   746 1.83828e-07 2.75450e-07 1.45084e-08 2.09210e-08
   747 1.77554e-07 2.64869e-07 1.42664e-08 2.05591e-08
   748 1.76162e-07 2.63917e-07 1.40298e-08 2.02054e-08
   749 1.75293e-07 2.61591e-07 1.37950e-08 1.98543e-08
   750 1.70588e-07 2.54744e-07 1.35643e-08 1.95099e-08
   751 1.69570e-07 2.53295e-07 1.33376e-08 1.91714e-08
   752 1.62782e-07 2.42756e-07 1.31166e-08 1.88414e-08
   753 1.62428e-07 2.43692e-07 1.29005e-08 1.85182e-08
   754 1.67482e-07 2.47940e-07 1.26816e-08 1.81920e-08
   755 1.57951e-07 2.35627e-07 1.24660e-08 1.78716e-08
   756 1.54131e-07 2.30450e-07 1.22594e-08 1.75632e-08
   757 1.50546e-07 2.24496e-07 1.20581e-08 1.72625e-08
   758 1.57779e-07 2.33451e-07 1.18546e-08 1.69603e-08
   759 1.46946e-07 2.18956e-07 1.16538e-08 1.66621e-08
   760 1.46965e-07 2.19565e-07 1.14603e-08 1.63735e-08
   761 1.43017e-07 2.13005e-07 1.12697e-08 1.60891e-08
   762 1.44783e-07 2.14093e-07 1.10807e-08 1.58086e-08
   763 1.40442e-07 2.08827e-07 1.08937e-08 1.55313e-08
   764 1.37306e-07 2.03639e-07 1.07118e-08 1.52612e-08
   765 1.36480e-07 2.03218e-07 1.05328e-08 1.49951e-08
   766 1.33554e-07 1.98254e-07 1.03564e-08 1.47329e-08
   767 1.33363e-07 1.97542e-07 1.01823e-08 1.44747e-08
   768 1.30246e-07 1.92853e-07 1.00105e-08 1.42204e-08
   769 1.29910e-07 1.92067e-07 9.84127e-09 1.39700e-08
   770 1.27067e-07 1.88520e-07 9.67431e-09 1.37227e-08
   771 1.23167e-07 1.82213e-07 9.51194e-09 1.34821e-08
   772 1.23644e-07 1.83019e-07 9.35199e-09 1.32454e-08
   773 1.20038e-07 1.77521e-07 9.19428e-09 1.30121e-08
   774 1.20050e-07 1.76926e-07 9.03908e-09 1.27830e-08
   775 1.17626e-07 1.73582e-07 8.88565e-09 1.25567e-08
   776 1.15674e-07 1.70601e-07 8.73523e-09 1.23348e-08
   777 1.14912e-07 1.69790e-07 8.58676e-09 1.21156e-08
   778 1.12673e-07 1.65719e-07 8.44041e-09 1.18999e-08
   779 1.10079e-07 1.62322e-07 8.29735e-09 1.16892e-08
   780 1.08149e-07 1.59533e-07 8.15738e-09 1.14828e-08
   781 1.08731e-07 1.59496e-07 8.01844e-09 1.12784e-08
   782 1.06843e-07 1.57532e-07 7.88052e-09 1.10755e-08
   783 1.03412e-07 1.51684e-07 7.74618e-09 1.08780e-08
   784 1.03507e-07 1.52129e-07 7.61414e-09 1.06841e-08
   785 1.01146e-07 1.48471e-07 7.48371e-09 1.04925e-08
   786 9.95629e-08 1.45821e-07 7.35595e-09 1.03052e-08
   787 1.00267e-07 1.47308e-07 7.22891e-09 1.01189e-08
   788 9.50120e-08 1.38850e-07 7.10495e-09 9.93722e-09
   789 9.64982e-08 1.41414e-07 6.98352e-09 9.75952e-09
   790 9.38050e-08 1.36964e-07 6.86301e-09 9.58323e-09
   791 9.47891e-08 1.38489e-07 6.74373e-09 9.40901e-09
   792 9.05002e-08 1.32609e-07 6.62670e-09 9.23779e-09
   793 8.97855e-08 1.30831e-07 6.51295e-09 9.07158e-09
   794 9.08040e-08 1.32596e-07 6.39916e-09 8.90559e-09
   795 8.69310e-08 1.26466e-07 6.28733e-09 8.74259e-09
   796 8.64329e-08 1.26005e-07 6.17836e-09 8.58390e-09
   797 8.49647e-08 1.23673e-07 6.07077e-09 8.42717e-09
   798 8.30424e-08 1.20596e-07 5.96544e-09 8.27404e-09
   799 8.49387e-08 1.23570e-07 5.86026e-09 8.12116e-09
   800 8.03433e-08 1.16528e-07 5.75692e-09 7.97104e-09
   801 8.06538e-08 1.17340e-07 5.65636e-09 7.82496e-09
   802 7.94423e-08 1.14890e-07 5.55649e-09 7.68009e-09
   803 7.70468e-08 1.11767e-07 5.45899e-09 7.53887e-09
   804 7.84223e-08 1.13538e-07 5.36224e-09 7.39867e-09
   805 7.42038e-08 1.07004e-07 5.26741e-09 7.26164e-09
   806 7.63317e-08 1.10695e-07 5.17397e-09 7.12651e-09
   807 7.34899e-08 1.05875e-07 5.08109e-09 6.99226e-09
   808 7.22586e-08 1.04427e-07 4.99085e-09 6.86205e-09
   809 7.27876e-08 1.04691e-07 4.90114e-09 6.73272e-09
   810 6.91993e-08 9.95031e-08 4.81346e-09 6.60662e-09
   811 7.06390e-08 1.02053e-07 4.72720e-09 6.48229e-09
   812 6.92209e-08 9.91469e-08 4.64103e-09 6.35833e-09
   813 6.60535e-08 9.54104e-08 4.55780e-09 6.23861e-09
   814 6.73773e-08 9.64506e-08 4.47579e-09 6.12069e-09
   815 6.50067e-08 9.28385e-08 4.39453e-09 6.00451e-09
   816 6.59351e-08 9.50449e-08 4.31425e-09 5.88932e-09
   817 6.32993e-08 9.02851e-08 4.23512e-09 5.77586e-09
   818 6.30280e-08 9.06516e-08 4.15786e-09 5.66519e-09
   819 6.22716e-08 8.86769e-08 4.08131e-09 5.55564e-09
   820 6.13533e-08 8.76606e-08 4.00588e-09 5.44805e-09
   821 5.98440e-08 8.54618e-08 3.93203e-09 5.34256e-09
   822 5.83834e-08 8.29966e-08 3.86008e-09 5.24003e-09
   823 6.02568e-08 8.60914e-08 3.78796e-09 5.13726e-09
   824 5.77372e-08 8.20015e-08 3.71633e-09 5.03521e-09
   825 5.68635e-08 8.10859e-08 3.64683e-09 4.93632e-09
   826 5.64675e-08 8.00758e-08 3.57819e-09 4.83870e-09
   827 5.32779e-08 7.54770e-08 3.51182e-09 4.74462e-09
   828 5.69703e-08 8.08279e-08 3.44523e-09 4.65022e-09
   829 5.26647e-08 7.45969e-08 3.37910e-09 4.55647e-09
   830 5.31687e-08 7.52979e-08 3.31531e-09 4.46612e-09
   831 5.22185e-08 7.38651e-08 3.25186e-09 4.37632e-09
   832 5.06826e-08 7.14311e-08 3.18998e-09 4.28895e-09
   833 5.22042e-08 7.37275e-08 3.12820e-09 4.20178e-09
   834 4.84887e-08 6.82621e-08 3.06782e-09 4.11665e-09
   835 5.05465e-08 7.13417e-08 3.00849e-09 4.03302e-09
   836 4.83688e-08 6.78110e-08 2.94931e-09 3.94977e-09
   837 4.75822e-08 6.69670e-08 2.89196e-09 3.86921e-09
   838 4.74225e-08 6.65395e-08 2.83524e-09 3.78951e-09
   839 4.53332e-08 6.34566e-08 2.77994e-09 3.71201e-09
   840 4.69897e-08 6.59739e-08 2.72496e-09 3.63493e-09
   841 4.49534e-08 6.28111e-08 2.67028e-09 3.55834e-09
   842 4.51845e-08 6.33434e-08 2.61672e-09 3.48338e-09
   843 4.27807e-08 5.96233e-08 2.56453e-09 3.41042e-09
   844 4.29449e-08 5.98083e-08 2.51371e-09 3.33962e-09
   845 4.33431e-08 6.05693e-08 2.46262e-09 3.26835e-09
   846 4.18503e-08 5.80892e-08 2.41225e-09 3.19819e-09
   847 4.16350e-08 5.80521e-08 2.36293e-09 3.12959e-09
   848 4.05268e-08 5.62399e-08 2.31446e-09 3.06217e-09
   849 4.04267e-08 5.60396e-08 2.26676e-09 2.99601e-09
   850 3.98470e-08 5.52712e-08 2.21951e-09 2.93049e-09
   851 3.82468e-08 5.28181e-08 2.17361e-09 2.86695e-09
   852 3.94463e-08 5.46881e-08 2.12799e-09 2.80384e-09
   853 3.74269e-08 5.15833e-08 2.08291e-09 2.74152e-09
   854 3.79024e-08 5.24131e-08 2.03879e-09 2.68060e-09
   855 3.65989e-08 5.03937e-08 1.99520e-09 2.62045e-09
   856 3.54931e-08 4.86564e-08 1.95307e-09 2.56257e-09
   857 3.67557e-08 5.07627e-08 1.91089e-09 2.50454e-09
   858 3.47556e-08 4.75410e-08 1.86921e-09 2.44724e-09
   859 3.50703e-08 4.81918e-08 1.82854e-09 2.39149e-09
   860 3.37795e-08 4.62674e-08 1.78849e-09 2.33654e-09
   861 3.43016e-08 4.68425e-08 1.74893e-09 2.28244e-09
   862 3.27969e-08 4.49029e-08 1.71000e-09 2.22920e-09
   863 3.23170e-08 4.39314e-08 1.67225e-09 2.17770e-09
   864 3.23715e-08 4.42865e-08 1.63479e-09 2.12662e-09
   865 3.12580e-08 4.25077e-08 1.59799e-09 2.07643e-09
   866 3.21342e-08 4.37341e-08 1.56137e-09 2.02661e-09
   867 3.02564e-08 4.11340e-08 1.52538e-09 1.97765e-09
   868 2.93740e-08 3.97261e-08 1.49102e-09 1.93105e-09
   869 3.03614e-08 4.13039e-08 1.45663e-09 1.88441e-09
   870 2.92849e-08 3.95109e-08 1.42234e-09 1.83795e-09
   871 2.94092e-08 3.99120e-08 1.38862e-09 1.79233e-09
   872 2.77390e-08 3.74320e-08 1.35585e-09 1.74797e-09
   873 2.74173e-08 3.69330e-08 1.32424e-09 1.70535e-09
   874 2.86530e-08 3.86759e-08 1.29215e-09 1.66208e-09
   875 2.63290e-08 3.53085e-08 1.26073e-09 1.61981e-09
   876 2.76692e-08 3.73144e-08 1.22990e-09 1.57835e-09
   877 2.60003e-08 3.48575e-08 1.19929e-09 1.53719e-09
   878 2.54428e-08 3.41752e-08 1.16998e-09 1.49786e-09
   879 2.60708e-08 3.48582e-08 1.14066e-09 1.45857e-09
   880 2.42543e-08 3.23560e-08 1.11207e-09 1.42038e-09
   881 2.53121e-08 3.38696e-08 1.08392e-09 1.38278e-09
   882 2.39208e-08 3.18081e-08 1.05601e-09 1.34553e-09
   883 2.41372e-08 3.22367e-08 1.02878e-09 1.30925e-09
   884 2.39570e-08 3.17826e-08 1.00156e-09 1.27302e-09
   885 2.13039e-08 2.82360e-08 9.76004e-10 1.23913e-09
   886 2.42611e-08 3.22435e-08 9.50311e-10 1.20503e-09
   887 2.16344e-08 2.86083e-08 9.24453e-10 1.17075e-09
   888 2.30228e-08 3.04655e-08 8.99303e-10 1.13748e-09
   889 2.12715e-08 2.80473e-08 8.74389e-10 1.10457e-09
   890 2.11010e-08 2.78774e-08 8.50571e-10 1.07313e-09
   891 2.13587e-08 2.81227e-08 8.26731e-10 1.04169e-09
   892 2.00607e-08 2.63041e-08 8.03508e-10 1.01118e-09
   893 2.12461e-08 2.79310e-08 7.80374e-10 9.80803e-10
   894 1.84928e-08 2.42596e-08 7.58172e-10 9.51645e-10
   895 2.05340e-08 2.68679e-08 7.36377e-10 9.23092e-10
   896 1.88818e-08 2.47269e-08 7.14382e-10 8.94300e-10
   897 1.83191e-08 2.37957e-08 6.93636e-10 8.67242e-10
   898 1.95059e-08 2.55081e-08 6.72570e-10 8.39785e-10
   899 1.78886e-08 2.32087e-08 6.51775e-10 8.12696e-10
   900 1.84748e-08 2.40962e-08 6.31564e-10 7.86404e-10
   901 1.73301e-08 2.24425e-08 6.11689e-10 7.60574e-10
   902 1.67038e-08 2.16344e-08 5.92816e-10 7.36131e-10
   903 1.73703e-08 2.24923e-08 5.73940e-10 7.11687e-10
   904 1.62580e-08 2.08844e-08 5.55337e-10 6.87693e-10
   905 1.72574e-08 2.23659e-08 5.36816e-10 6.63795e-10
   906 1.57362e-08 2.01848e-08 5.18611e-10 6.40320e-10
   907 1.58573e-08 2.04345e-08 5.01185e-10 6.17916e-10
   908 1.57625e-08 2.01809e-08 4.83763e-10 5.95538e-10
   909 1.37993e-08 1.76397e-08 4.67517e-10 5.74753e-10
   910 1.64134e-08 2.10272e-08 4.50949e-10 5.53551e-10
   911 1.35971e-08 1.73390e-08 4.34518e-10 5.32548e-10
   912 1.54702e-08 1.97233e-08 4.18596e-10 5.12246e-10
   913 1.34959e-08 1.71762e-08 4.02748e-10 4.92059e-10
   914 1.32243e-08 1.66679e-08 3.88124e-10 4.73536e-10
   915 1.41976e-08 1.81201e-08 3.73137e-10 4.54527e-10
   916 1.27978e-08 1.61028e-08 3.58407e-10 4.35858e-10
   917 1.35242e-08 1.71781e-08 3.44050e-10 4.17707e-10
   918 1.26771e-08 1.59058e-08 3.29776e-10 3.99686e-10
   919 1.19038e-08 1.50123e-08 3.16399e-10 3.82860e-10
   920 1.28175e-08 1.60618e-08 3.02963e-10 3.65969e-10
   921 1.03799e-08 1.29886e-08 2.90409e-10 3.50249e-10
   922 1.34708e-08 1.68673e-08 2.77541e-10 3.34141e-10
   923 1.01627e-08 1.26827e-08 2.64816e-10 3.18233e-10
   924 1.18007e-08 1.47148e-08 2.52947e-10 3.03427e-10
   925 1.06406e-08 1.32195e-08 2.40820e-10 2.88333e-10
   926 9.50792e-09 1.17051e-08 2.29946e-10 2.74884e-10
   927 1.16836e-08 1.45414e-08 2.18550e-10 2.60775e-10
   928 9.34215e-09 1.14878e-08 2.07263e-10 2.46808e-10
   929 1.06517e-08 1.31572e-08 1.96512e-10 2.33557e-10
   930 9.23000e-09 1.13304e-08 1.85835e-10 2.20409e-10
   931 9.07956e-09 1.10923e-08 1.75996e-10 2.08360e-10
   932 9.40845e-09 1.15584e-08 1.66074e-10 1.96204e-10
   933 8.07024e-09 9.74869e-09 1.56720e-10 1.84807e-10
   934 9.46006e-09 1.16177e-08 1.47350e-10 1.73392e-10
   935 8.32783e-09 1.00138e-08 1.37846e-10 1.61840e-10
   936 7.87808e-09 9.61853e-09 1.29187e-10 1.51348e-10
   937 8.52043e-09 1.02305e-08 1.20436e-10 1.40754e-10
   938 5.56208e-09 6.68890e-09 1.13037e-10 1.31863e-10
   939 9.27549e-09 1.11964e-08 1.05300e-10 1.22540e-10
   940 5.91979e-09 7.03955e-09 9.73458e-11 1.13005e-10
   941 7.96643e-09 9.58535e-09 9.00172e-11 1.04236e-10
   942 6.19598e-09 7.32146e-09 8.25350e-11 9.53108e-11
   943 5.26255e-09 6.27923e-09 7.64697e-11 8.81099e-11
   944 7.74614e-09 9.15461e-09 6.96602e-11 8.00260e-11
   945 4.15144e-09 4.90155e-09 6.35586e-11 7.28181e-11
   946 7.89720e-09 9.29057e-09 5.73977e-11 6.55585e-11
   947 3.81665e-09 4.47184e-09 5.14690e-11 5.85962e-11
   948 5.87936e-09 6.89898e-09 4.64306e-11 5.26881e-11
   949 4.59604e-09 5.30891e-09 4.09361e-11 4.62891e-11
   950 3.28537e-09 3.80387e-09 3.68245e-11 4.15346e-11
   951 6.14392e-09 7.08190e-09 3.20203e-11 3.59858e-11
   952 2.92763e-09 3.35674e-09 2.74601e-11 3.07416e-11
   953 5.30920e-09 6.05459e-09 2.32594e-11 2.59395e-11
   954 2.48314e-09 2.81729e-09 1.93593e-11 2.15018e-11
   955 2.36886e-09 2.67584e-09 1.68181e-11 1.86249e-11
   956 4.21109e-09 4.73317e-09 1.34668e-11 1.48496e-11
   957 1.90804e-09 2.12948e-09 1.04252e-11 1.14414e-11
   958 3.33453e-09 3.69753e-09 7.75639e-12 8.47336e-12
   959 1.44913e-09 1.59534e-09 5.39615e-12 5.86430e-12
   960 2.38717e-09 2.60771e-09 3.43759e-12 3.71716e-12
   961 8.85376e-10 9.58874e-10 1.86121e-12 2.00135e-12
   962 6.96938e-10 7.51939e-10 1.04229e-12 1.11605e-12
   963 7.43496e-10 7.93884e-10 2.94265e-13 3.13218e-13
   964 6.88418e-11 7.27815e-11 0.00000e+00 0.00000e+00
