     0 1.88310e-16 1.79083e-16 0.00000e+00 0.00000e+00
     1 3.83449e-01 4.49279e-01 1.89022e-01 2.36743e-01
     2 8.32638e-02 1.08629e-01 5.27766e-02 7.04264e-02
     3 4.10779e-02 5.24124e-02 2.85674e-02 3.91503e-02
     4 2.75305e-02 3.77605e-02 1.88283e-02 2.62947e-02
     5 2.03860e-02 2.81497e-02 1.35220e-02 1.89934e-02
     6 1.46682e-02 2.11541e-02 1.03550e-02 1.45291e-02
     7 1.20833e-02 1.73010e-02 8.29952e-03 1.15751e-02
     8 1.04213e-02 1.41142e-02 6.79972e-03 9.48489e-03
     9 8.40864e-03 1.24076e-02 5.69504e-03 7.92514e-03
    10 7.28195e-03 1.04554e-02 4.86988e-03 6.72364e-03
    11 6.43192e-03 9.18542e-03 4.21718e-03 5.78896e-03
    12 5.77960e-03 8.25867e-03 3.68641e-03 5.03076e-03
    13 5.10268e-03 7.25429e-03 3.25145e-03 4.41078e-03
    14 4.56732e-03 6.43523e-03 2.89351e-03 3.90413e-03
    15 4.17750e-03 5.82429e-03 2.59204e-03 3.48157e-03
    16 3.85405e-03 5.21881e-03 2.33301e-03 3.12558e-03
    17 3.53482e-03 4.76867e-03 2.10917e-03 2.82304e-03
    18 3.19721e-03 4.34554e-03 1.91694e-03 2.56275e-03
    19 2.96133e-03 4.03874e-03 1.75053e-03 2.33619e-03
    20 2.75383e-03 3.76481e-03 1.60402e-03 2.13614e-03
    21 2.55741e-03 3.44752e-03 1.47451e-03 1.96031e-03
    22 2.36966e-03 3.20084e-03 1.35997e-03 1.80574e-03
    23 2.21445e-03 2.97982e-03 1.25812e-03 1.66843e-03
    24 2.08491e-03 2.78034e-03 1.16666e-03 1.54590e-03
    25 1.93678e-03 2.61724e-03 1.08461e-03 1.43576e-03
    26 1.82345e-03 2.44090e-03 1.01089e-03 1.33661e-03
    27 1.71211e-03 2.29419e-03 9.44196e-04 1.24729e-03
    28 1.62074e-03 2.17862e-03 8.83607e-04 1.16597e-03
    29 1.54433e-03 2.06061e-03 8.28085e-04 1.09161e-03
    30 1.45143e-03 1.93086e-03 7.77320e-04 1.02398e-03
    31 1.37878e-03 1.83358e-03 7.30930e-04 9.62274e-04
    32 1.30400e-03 1.73182e-03 6.88353e-04 9.05691e-04
    33 1.24723e-03 1.65319e-03 6.49107e-04 8.53619e-04
    34 1.18141e-03 1.56960e-03 6.12865e-04 8.05525e-04
    35 1.12013e-03 1.49027e-03 5.79515e-04 7.61186e-04
    36 1.07488e-03 1.42401e-03 5.48602e-04 7.20144e-04
    37 1.02584e-03 1.35519e-03 5.19828e-04 6.82078e-04
    38 9.83521e-04 1.29401e-03 4.93039e-04 6.46760e-04
    39 9.33407e-04 1.23351e-03 4.68148e-04 6.13939e-04
    40 8.97302e-04 1.17596e-03 4.44976e-04 5.83444e-04
    41 8.63372e-04 1.13124e-03 4.23241e-04 5.54962e-04
    42 8.21152e-04 1.08132e-03 4.02949e-04 5.28308e-04
    43 7.90498e-04 1.03814e-03 3.83990e-04 5.03375e-04
    44 7.57174e-04 9.93956e-04 3.66202e-04 4.80020e-04
    45 7.29377e-04 9.55208e-04 3.49501e-04 4.58121e-04
    46 7.03273e-04 9.18243e-04 3.33758e-04 4.37536e-04
    47 6.74921e-04 8.82263e-04 3.18941e-04 4.18177e-04
    48 6.51385e-04 8.48769e-04 3.04980e-04 3.99958e-04
    49 6.25605e-04 8.16424e-04 2.91817e-04 3.82792e-04
    50 6.02034e-04 7.88304e-04 2.79418e-04 3.66584e-04
    51 5.80447e-04 7.56590e-04 2.67711e-04 3.51290e-04
    52 5.60748e-04 7.31291e-04 2.56632e-04 3.36845e-04
    53 5.42779e-04 7.07657e-04 2.46123e-04 3.23142e-04
    54 5.23384e-04 6.84148e-04 2.36160e-04 3.10135e-04
    55 5.05997e-04 6.60295e-04 2.26716e-04 2.97802e-04
    56 4.88429e-04 6.37132e-04 2.17758e-04 2.86114e-04
    57 4.71856e-04 6.16034e-04 2.09261e-04 2.75025e-04
    58 4.58215e-04 5.95893e-04 2.01173e-04 2.64487e-04
    59 4.42675e-04 5.76335e-04 1.93474e-04 2.54469e-04
    60 4.29352e-04 5.55869e-04 1.86147e-04 2.44955e-04
    61 4.13805e-04 5.37702e-04 1.79179e-04 2.35918e-04
    62 4.01712e-04 5.21786e-04 1.72549e-04 2.27305e-04
    63 3.89607e-04 5.05279e-04 1.66219e-04 2.19089e-04
    64 3.77457e-04 4.90417e-04 1.60179e-04 2.11249e-04
    65 3.66578e-04 4.75626e-04 1.54412e-04 2.03761e-04
    66 3.54713e-04 4.60605e-04 1.48906e-04 1.96614e-04
    67 3.45126e-04 4.47128e-04 1.43645e-04 1.89790e-04
    68 3.35057e-04 4.33895e-04 1.38606e-04 1.83264e-04
    69 3.24745e-04 4.20428e-04 1.33791e-04 1.77028e-04
    70 3.15996e-04 4.08976e-04 1.29181e-04 1.71062e-04
    71 3.06752e-04 3.96907e-04 1.24765e-04 1.65347e-04
    72 2.98370e-04 3.86082e-04 1.20533e-04 1.59871e-04
    73 2.88920e-04 3.74498e-04 1.16483e-04 1.54626e-04
    74 2.80734e-04 3.64472e-04 1.12608e-04 1.49600e-04
    75 2.72791e-04 3.54415e-04 1.08894e-04 1.44775e-04
    76 2.65177e-04 3.44832e-04 1.05331e-04 1.40145e-04
    77 2.58533e-04 3.36131e-04 1.01908e-04 1.35694e-04
    78 2.50984e-04 3.26413e-04 9.86214e-05 1.31420e-04
    79 2.44854e-04 3.17866e-04 9.54633e-05 1.27316e-04
    80 2.37900e-04 3.09670e-04 9.24273e-05 1.23370e-04
    81 2.31515e-04 3.01339e-04 8.95118e-05 1.19575e-04
    82 2.25671e-04 2.93517e-04 8.67071e-05 1.15926e-04
    83 2.19235e-04 2.85587e-04 8.40109e-05 1.12416e-04
    84 2.13974e-04 2.78744e-04 8.14169e-05 1.09037e-04
    85 2.08134e-04 2.71276e-04 7.89193e-05 1.05783e-04
    86 2.02571e-04 2.64075e-04 7.65177e-05 1.02652e-04
    87 1.97822e-04 2.57661e-04 7.42033e-05 9.96362e-05
    88 1.92593e-04 2.51055e-04 7.19725e-05 9.67294e-05
    89 1.87961e-04 2.45047e-04 6.98226e-05 9.39267e-05
    90 1.83064e-04 2.38785e-04 6.77499e-05 9.12238e-05
    91 1.78589e-04 2.32962e-04 6.57519e-05 8.86176e-05
    92 1.74125e-04 2.27508e-04 6.38246e-05 8.61014e-05
    93 1.69581e-04 2.21693e-04 6.19668e-05 8.36734e-05
    94 1.65702e-04 2.16781e-04 6.01739e-05 8.13287e-05
    95 1.61365e-04 2.11376e-04 5.84435e-05 7.90634e-05
    96 1.57728e-04 2.06577e-04 5.67729e-05 7.68753e-05
    97 1.53845e-04 2.01624e-04 5.51586e-05 7.47603e-05
    98 1.49941e-04 1.96577e-04 5.36008e-05 7.27184e-05
    99 1.46585e-04 1.92310e-04 5.20956e-05 7.07444e-05
   100 1.42899e-04 1.87547e-04 5.06410e-05 6.88357e-05
   101 1.39714e-04 1.83561e-04 4.92350e-05 6.69894e-05
   102 1.36259e-04 1.79290e-04 4.78756e-05 6.52020e-05
   103 1.33194e-04 1.75002e-04 4.65612e-05 6.34739e-05
   104 1.30236e-04 1.71237e-04 4.52887e-05 6.18013e-05
   105 1.27032e-04 1.67120e-04 4.40578e-05 6.01824e-05
   106 1.24302e-04 1.63782e-04 4.28666e-05 5.86142e-05
   107 1.21220e-04 1.59796e-04 4.17140e-05 5.70951e-05
   108 1.18612e-04 1.56325e-04 4.05985e-05 5.56248e-05
   109 1.16069e-04 1.53016e-04 3.95171e-05 5.41993e-05
   110 1.13351e-04 1.49646e-04 3.84696e-05 5.28173e-05
   111 1.10850e-04 1.46381e-04 3.74551e-05 5.14779e-05
   112 1.08309e-04 1.43129e-04 3.64724e-05 5.01797e-05
   113 1.05973e-04 1.40139e-04 3.55200e-05 4.89208e-05
   114 1.03494e-04 1.37036e-04 3.45973e-05 4.76998e-05
   115 1.01227e-04 1.34126e-04 3.37034e-05 4.65157e-05
   116 9.91324e-05 1.31400e-04 3.28360e-05 4.53663e-05
   117 9.68488e-05 1.28626e-04 3.19950e-05 4.42503e-05
   118 9.48146e-05 1.25909e-04 3.11794e-05 4.31672e-05
   119 9.27023e-05 1.23249e-04 3.03882e-05 4.21160e-05
   120 9.06709e-05 1.20639e-04 2.96210e-05 4.10955e-05
   121 8.87285e-05 1.18267e-04 2.88766e-05 4.01042e-05
   122 8.68595e-05 1.15776e-04 2.81540e-05 3.91411e-05
   123 8.50376e-05 1.13416e-04 2.74524e-05 3.82057e-05
   124 8.31477e-05 1.10942e-04 2.67716e-05 3.72974e-05
   125 8.14911e-05 1.08830e-04 2.61104e-05 3.64148e-05
   126 7.98083e-05 1.06527e-04 2.54678e-05 3.55568e-05
   127 7.82004e-05 1.04466e-04 2.48433e-05 3.47229e-05
   128 7.65734e-05 1.02327e-04 2.42363e-05 3.39119e-05
   129 7.48667e-05 1.00079e-04 2.36471e-05 3.31244e-05
   130 7.33929e-05 9.82637e-05 2.30747e-05 3.23586e-05
   131 7.18360e-05 9.62660e-05 2.25182e-05 3.16133e-05
   132 7.03494e-05 9.43804e-05 2.19776e-05 3.08884e-05
   133 6.88953e-05 9.24614e-05 2.14522e-05 3.01834e-05
   134 6.74508e-05 9.06342e-05 2.09416e-05 2.94977e-05
   135 6.61330e-05 8.89688e-05 2.04450e-05 2.88300e-05
   136 6.47031e-05 8.71321e-05 1.99622e-05 2.81802e-05
   137 6.34659e-05 8.55203e-05 1.94927e-05 2.75478e-05
   138 6.21397e-05 8.38383e-05 1.90360e-05 2.69320e-05
   139 6.08713e-05 8.21587e-05 1.85919e-05 2.63327e-05
   140 5.97629e-05 8.07192e-05 1.81596e-05 2.57489e-05
   141 5.84568e-05 7.90498e-05 1.77389e-05 2.51804e-05
   142 5.74072e-05 7.76707e-05 1.73294e-05 2.46266e-05
   143 5.62420e-05 7.61530e-05 1.69307e-05 2.40869e-05
   144 5.51474e-05 7.47158e-05 1.65426e-05 2.35612e-05
   145 5.40570e-05 7.32875e-05 1.61647e-05 2.30491e-05
   146 5.29365e-05 7.18286e-05 1.57971e-05 2.25505e-05
   147 5.19799e-05 7.06177e-05 1.54390e-05 2.20643e-05
   148 5.09117e-05 6.92591e-05 1.50902e-05 2.15902e-05
   149 4.99354e-05 6.79801e-05 1.47507e-05 2.11281e-05
   150 4.89556e-05 6.67437e-05 1.44200e-05 2.06775e-05
   151 4.79800e-05 6.54633e-05 1.40979e-05 2.02383e-05
   152 4.71480e-05 6.43707e-05 1.37840e-05 1.98098e-05
   153 4.61774e-05 6.31186e-05 1.34780e-05 1.93918e-05
   154 4.53100e-05 6.19813e-05 1.31800e-05 1.89843e-05
   155 4.44166e-05 6.08023e-05 1.28896e-05 1.85870e-05
   156 4.35640e-05 5.97194e-05 1.26067e-05 1.81995e-05
   157 4.27725e-05 5.86642e-05 1.23309e-05 1.78213e-05
   158 4.19138e-05 5.75482e-05 1.20621e-05 1.74524e-05
   159 4.11860e-05 5.66082e-05 1.17999e-05 1.70922e-05
   160 4.04032e-05 5.55787e-05 1.15442e-05 1.67406e-05
   161 3.96221e-05 5.45628e-05 1.12949e-05 1.63975e-05
   162 3.88464e-05 5.35446e-05 1.10520e-05 1.60628e-05
   163 3.81298e-05 5.26037e-05 1.08151e-05 1.57362e-05
   164 3.74667e-05 5.17280e-05 1.05839e-05 1.54171e-05
   165 3.67830e-05 5.08033e-05 1.03583e-05 1.51055e-05
   166 3.61046e-05 4.99244e-05 1.01381e-05 1.48012e-05
   167 3.54075e-05 4.90156e-05 9.92331e-06 1.45041e-05
   168 3.47759e-05 4.81634e-05 9.71382e-06 1.42140e-05
   169 3.41848e-05 4.73923e-05 9.50919e-06 1.39304e-05
   170 3.34974e-05 4.64977e-05 9.30954e-06 1.36535e-05
   171 3.29170e-05 4.57156e-05 9.11478e-06 1.33831e-05
   172 3.23020e-05 4.48991e-05 8.92464e-06 1.31189e-05
   173 3.17225e-05 4.41491e-05 8.73907e-06 1.28608e-05
   174 3.11405e-05 4.33853e-05 8.55791e-06 1.26085e-05
   175 3.05685e-05 4.26290e-05 8.38110e-06 1.23621e-05
   176 3.00565e-05 4.19369e-05 8.20839e-06 1.21212e-05
   177 2.94978e-05 4.12152e-05 8.03968e-06 1.18856e-05
   178 2.89803e-05 4.05380e-05 7.87496e-06 1.16553e-05
   179 2.84358e-05 3.98151e-05 7.71413e-06 1.14302e-05
   180 2.79304e-05 3.91493e-05 7.55713e-06 1.12103e-05
   181 2.74600e-05 3.85423e-05 7.40370e-06 1.09951e-05
   182 2.69446e-05 3.78502e-05 7.25382e-06 1.07846e-05
   183 2.64824e-05 3.72286e-05 7.10745e-06 1.05789e-05
   184 2.60011e-05 3.65947e-05 6.96445e-06 1.03778e-05
   185 2.55575e-05 3.60056e-05 6.82473e-06 1.01811e-05
   186 2.51222e-05 3.54161e-05 6.68813e-06 9.98855e-06
   187 2.46434e-05 3.47903e-05 6.55471e-06 9.80033e-06
   188 2.42465e-05 3.42506e-05 6.42434e-06 9.61623e-06
   189 2.38101e-05 3.36734e-05 6.29688e-06 9.43606e-06
   190 2.34186e-05 3.31371e-05 6.17226e-06 9.25978e-06
   191 2.30090e-05 3.26029e-05 6.05041e-06 9.08724e-06
   192 2.25851e-05 3.20420e-05 5.93137e-06 8.91846e-06
   193 2.22254e-05 3.15624e-05 5.81498e-06 8.75325e-06
   194 2.18214e-05 3.10117e-05 5.70117e-06 8.59157e-06
   195 2.14640e-05 3.05383e-05 5.58990e-06 8.43335e-06
   196 2.10918e-05 3.00311e-05 5.48106e-06 8.27844e-06
   197 2.07070e-05 2.95234e-05 5.37470e-06 8.12690e-06
   198 2.03802e-05 2.90887e-05 5.27069e-06 7.97852e-06
   199 2.00234e-05 2.85965e-05 5.16892e-06 7.83322e-06
   200 1.96899e-05 2.81605e-05 5.06939e-06 7.69097e-06
   201 1.93502e-05 2.76843e-05 4.97203e-06 7.55171e-06
   202 1.90299e-05 2.72601e-05 4.87680e-06 7.41538e-06
   203 1.87219e-05 2.68469e-05 4.78359e-06 7.28178e-06
   204 1.83772e-05 2.63905e-05 4.69244e-06 7.15098e-06
   205 1.80810e-05 2.59950e-05 4.60330e-06 7.02290e-06
   206 1.77729e-05 2.55735e-05 4.51606e-06 6.89743e-06
   207 1.74883e-05 2.51853e-05 4.43069e-06 6.77453e-06
   208 1.72017e-05 2.47992e-05 4.34710e-06 6.65409e-06
   209 1.69021e-05 2.43939e-05 4.26532e-06 6.53612e-06
   210 1.66256e-05 2.40318e-05 4.18530e-06 6.42055e-06
   211 1.63375e-05 2.36355e-05 4.10700e-06 6.30733e-06
   212 1.60758e-05 2.32897e-05 4.03038e-06 6.19640e-06
   213 1.58106e-05 2.29250e-05 3.95535e-06 6.08766e-06
   214 1.55462e-05 2.25634e-05 3.88192e-06 5.98113e-06
   215 1.52947e-05 2.22246e-05 3.81003e-06 5.87673e-06
   216 1.50530e-05 2.18831e-05 3.73962e-06 5.77440e-06
   217 1.47999e-05 2.15530e-05 3.67068e-06 5.67408e-06
   218 1.45565e-05 2.12183e-05 3.60319e-06 5.57576e-06
   219 1.43244e-05 2.09017e-05 3.53710e-06 5.47938e-06
   220 1.40917e-05 2.05868e-05 3.47238e-06 5.38487e-06
   221 1.38564e-05 2.02639e-05 3.40900e-06 5.29224e-06
   222 1.36355e-05 1.99624e-05 3.34695e-06 5.20144e-06
   223 1.34102e-05 1.96461e-05 3.28617e-06 5.11243e-06
   224 1.32014e-05 1.93560e-05 3.22664e-06 5.02518e-06
   225 1.29838e-05 1.90609e-05 3.16832e-06 4.93962e-06
   226 1.27754e-05 1.87760e-05 3.11121e-06 4.85573e-06
   227 1.25735e-05 1.85047e-05 3.05525e-06 4.77343e-06
   228 1.23697e-05 1.82276e-05 3.00043e-06 4.69270e-06
   229 1.21725e-05 1.79524e-05 2.94673e-06 4.61353e-06
   230 1.19704e-05 1.76757e-05 2.89413e-06 4.53592e-06
   231 1.17887e-05 1.74215e-05 2.84259e-06 4.45978e-06
   232 1.16037e-05 1.71627e-05 2.79207e-06 4.38509e-06
   233 1.14169e-05 1.69077e-05 2.74257e-06 4.31182e-06
   234 1.12383e-05 1.66657e-05 2.69405e-06 4.23993e-06
   235 1.10525e-05 1.64038e-05 2.64653e-06 4.16942e-06
   236 1.08850e-05 1.61716e-05 2.59995e-06 4.10026e-06
   237 1.07154e-05 1.59374e-05 2.55429e-06 4.03238e-06
   238 1.05445e-05 1.56985e-05 2.50953e-06 3.96578e-06
   239 1.03883e-05 1.54828e-05 2.46565e-06 3.90041e-06
   240 1.02149e-05 1.52451e-05 2.42263e-06 3.83626e-06
   241 1.00650e-05 1.50364e-05 2.38047e-06 3.77330e-06
   242 9.89631e-06 1.48004e-05 2.33914e-06 3.71153e-06
   243 9.74461e-06 1.45851e-05 2.29865e-06 3.65094e-06
   244 9.59650e-06 1.43819e-05 2.25893e-06 3.59146e-06
   245 9.44605e-06 1.41700e-05 2.21999e-06 3.53307e-06
   246 9.30601e-06 1.39788e-05 2.18180e-06 3.47575e-06
   247 9.15551e-06 1.37640e-05 2.14435e-06 3.41947e-06
   248 9.01689e-06 1.35684e-05 2.10764e-06 3.36426e-06
   249 8.88522e-06 1.33806e-05 2.07162e-06 3.31003e-06
   250 8.74507e-06 1.31865e-05 2.03629e-06 3.25679e-06
   251 8.62185e-06 1.30079e-05 2.00163e-06 3.20451e-06
   252 8.47823e-06 1.28048e-05 1.96763e-06 3.15320e-06
   253 8.35530e-06 1.26333e-05 1.93430e-06 3.10282e-06
   254 8.22675e-06 1.24518e-05 1.90159e-06 3.05335e-06
   255 8.09652e-06 1.22706e-05 1.86953e-06 3.00478e-06
   256 7.97869e-06 1.21021e-05 1.83807e-06 2.95708e-06
   257 7.85346e-06 1.19259e-05 1.80721e-06 2.91024e-06
   258 7.74109e-06 1.17684e-05 1.77693e-06 2.86424e-06
   259 7.61782e-06 1.15937e-05 1.74722e-06 2.81905e-06
   260 7.50516e-06 1.14369e-05 1.71808e-06 2.77468e-06
   261 7.39138e-06 1.12774e-05 1.68949e-06 2.73108e-06
   262 7.28006e-06 1.11165e-05 1.66144e-06 2.68826e-06
   263 7.17655e-06 1.09692e-05 1.63390e-06 2.64619e-06
   264 7.06615e-06 1.08100e-05 1.60688e-06 2.60487e-06
   265 6.96221e-06 1.06627e-05 1.58036e-06 2.56428e-06
   266 6.85680e-06 1.05105e-05 1.55433e-06 2.52440e-06
   267 6.75629e-06 1.03666e-05 1.52879e-06 2.48523e-06
   268 6.65677e-06 1.02262e-05 1.50372e-06 2.44674e-06
   269 6.55585e-06 1.00837e-05 1.47912e-06 2.40892e-06
   270 6.46267e-06 9.94858e-06 1.45497e-06 2.37176e-06
   271 6.36527e-06 9.80903e-06 1.43126e-06 2.33524e-06
   272 6.27057e-06 9.67397e-06 1.40799e-06 2.29936e-06
   273 6.17710e-06 9.54052e-06 1.38515e-06 2.26410e-06
   274 6.08814e-06 9.41197e-06 1.36272e-06 2.22946e-06
   275 6.00161e-06 9.28840e-06 1.34070e-06 2.19539e-06
   276 5.91015e-06 9.15595e-06 1.31909e-06 2.16192e-06
   277 5.82556e-06 9.03395e-06 1.29786e-06 2.12903e-06
   278 5.73805e-06 8.90717e-06 1.27703e-06 2.09670e-06
   279 5.65586e-06 8.78794e-06 1.25657e-06 2.06493e-06
   280 5.57671e-06 8.67514e-06 1.23648e-06 2.03369e-06
   281 5.49120e-06 8.55149e-06 1.21675e-06 2.00299e-06
   282 5.41527e-06 8.44228e-06 1.19738e-06 1.97280e-06
   283 5.33363e-06 8.32321e-06 1.17835e-06 1.94313e-06
   284 5.25941e-06 8.21456e-06 1.15967e-06 1.91396e-06
   285 5.18370e-06 8.10571e-06 1.14132e-06 1.88528e-06
   286 5.10609e-06 7.99195e-06 1.12330e-06 1.85709e-06
   287 5.03821e-06 7.89391e-06 1.10559e-06 1.82936e-06
   288 4.96329e-06 7.78441e-06 1.08820e-06 1.80210e-06
   289 4.89314e-06 7.68129e-06 1.07112e-06 1.77530e-06
   290 4.82135e-06 7.57876e-06 1.05434e-06 1.74894e-06
   291 4.75153e-06 7.47550e-06 1.03787e-06 1.72303e-06
   292 4.68943e-06 7.38594e-06 1.02167e-06 1.69754e-06
   293 4.61636e-06 7.27867e-06 1.00576e-06 1.67247e-06
   294 4.55290e-06 7.18709e-06 9.90144e-07 1.64783e-06
   295 4.48887e-06 7.09235e-06 9.74794e-07 1.62358e-06
   296 4.42444e-06 6.99745e-06 9.59712e-07 1.59974e-06
   297 4.36351e-06 6.90864e-06 9.44893e-07 1.57629e-06
   298 4.29991e-06 6.81483e-06 9.30333e-07 1.55323e-06
   299 4.24227e-06 6.72911e-06 9.16024e-07 1.53054e-06
   300 4.18246e-06 6.64123e-06 9.01960e-07 1.50822e-06
   301 4.12357e-06 6.55562e-06 8.88140e-07 1.48626e-06
   302 4.06590e-06 6.46997e-06 8.74559e-07 1.46466e-06
   303 4.00612e-06 6.38161e-06 8.61217e-07 1.44342e-06
   304 3.95343e-06 6.30429e-06 8.48104e-07 1.42252e-06
   305 3.89735e-06 6.22161e-06 8.35213e-07 1.40195e-06
   306 3.84287e-06 6.14055e-06 8.22545e-07 1.38172e-06
   307 3.78944e-06 6.06262e-06 8.10094e-07 1.36182e-06
   308 3.73596e-06 5.98192e-06 7.97858e-07 1.34223e-06
   309 3.68686e-06 5.90997e-06 7.85828e-07 1.32296e-06
   310 3.63346e-06 5.82926e-06 7.74002e-07 1.30399e-06
   311 3.58455e-06 5.75728e-06 7.62379e-07 1.28533e-06
   312 3.53517e-06 5.68259e-06 7.50951e-07 1.26697e-06
   313 3.48649e-06 5.60956e-06 7.39716e-07 1.24891e-06
   314 3.43830e-06 5.53818e-06 7.28672e-07 1.23113e-06
   315 3.39043e-06 5.46705e-06 7.17816e-07 1.21363e-06
   316 3.34492e-06 5.39731e-06 7.07141e-07 1.19641e-06
   317 3.29960e-06 5.32904e-06 6.96645e-07 1.17947e-06
   318 3.25438e-06 5.26141e-06 6.86324e-07 1.16279e-06
   319 3.20992e-06 5.19586e-06 6.76176e-07 1.14637e-06
   320 3.16663e-06 5.13044e-06 6.66197e-07 1.13021e-06
   321 3.12464e-06 5.06754e-06 6.56383e-07 1.11430e-06
   322 3.08186e-06 5.00390e-06 6.46730e-07 1.09864e-06
   323 3.03956e-06 4.93993e-06 6.37240e-07 1.08322e-06
   324 2.99767e-06 4.87636e-06 6.27909e-07 1.06805e-06
   325 2.95860e-06 4.81567e-06 6.18731e-07 1.05312e-06
   326 2.91909e-06 4.75620e-06 6.09703e-07 1.03842e-06
   327 2.87873e-06 4.69532e-06 6.00824e-07 1.02394e-06
   328 2.84038e-06 4.63692e-06 5.92093e-07 1.00969e-06
   329 2.80180e-06 4.57837e-06 5.83505e-07 9.95668e-07
   330 2.76628e-06 4.52340e-06 5.75056e-07 9.81857e-07
   331 2.72858e-06 4.46689e-06 5.66743e-07 9.68256e-07
   332 2.69222e-06 4.41133e-06 5.58567e-07 9.54866e-07
   333 2.65666e-06 4.35714e-06 5.50524e-07 9.41680e-07
   334 2.62033e-06 4.30171e-06 5.42612e-07 9.28698e-07
   335 2.58680e-06 4.25085e-06 5.34829e-07 9.15914e-07
   336 2.55169e-06 4.19748e-06 5.27171e-07 9.03324e-07
   337 2.51840e-06 4.14557e-06 5.19638e-07 8.90927e-07
   338 2.48624e-06 4.09730e-06 5.12223e-07 8.78715e-07
   339 2.45158e-06 4.04303e-06 5.04930e-07 8.66692e-07
   340 2.42026e-06 3.99562e-06 4.97755e-07 8.54853e-07
   341 2.38744e-06 3.94480e-06 4.90695e-07 8.43193e-07
   342 2.35656e-06 3.89742e-06 4.83750e-07 8.31711e-07
   343 2.32627e-06 3.85101e-06 4.76914e-07 8.20400e-07
   344 2.29453e-06 3.80254e-06 4.70188e-07 8.09259e-07
   345 2.26599e-06 3.75869e-06 4.63569e-07 7.98286e-07
   346 2.23531e-06 3.70983e-06 4.57055e-07 7.87477e-07
   347 2.20717e-06 3.66666e-06 4.50644e-07 7.76833e-07
   348 2.17864e-06 3.62304e-06 4.44334e-07 7.66344e-07
   349 2.14969e-06 3.57736e-06 4.38124e-07 7.56014e-07
   350 2.12301e-06 3.53678e-06 4.32011e-07 7.45836e-07
   351 2.09433e-06 3.49197e-06 4.25995e-07 7.35810e-07
   352 2.06779e-06 3.45072e-06 4.20075e-07 7.25934e-07
   353 2.04038e-06 3.40783e-06 4.14248e-07 7.16206e-07
   354 2.01446e-06 3.36668e-06 4.08513e-07 7.06624e-07
   355 1.98959e-06 3.32851e-06 4.02865e-07 6.97181e-07
   356 1.96320e-06 3.28640e-06 3.97306e-07 6.87877e-07
   357 1.93860e-06 3.24823e-06 3.91833e-07 6.78712e-07
   358 1.91310e-06 3.20828e-06 3.86446e-07 6.69682e-07
   359 1.88919e-06 3.17094e-06 3.81143e-07 6.60785e-07
   360 1.86558e-06 3.13412e-06 3.75921e-07 6.52016e-07
   361 1.84133e-06 3.09587e-06 3.70780e-07 6.43375e-07
   362 1.81866e-06 3.06001e-06 3.65718e-07 6.34861e-07
   363 1.79522e-06 3.02261e-06 3.60733e-07 6.26471e-07
   364 1.77289e-06 2.98813e-06 3.55825e-07 6.18203e-07
   365 1.74966e-06 2.95186e-06 3.50993e-07 6.10055e-07
   366 1.72756e-06 2.91619e-06 3.46236e-07 6.02028e-07
   367 1.70634e-06 2.88311e-06 3.41552e-07 5.94116e-07
   368 1.68456e-06 2.84901e-06 3.36938e-07 5.86318e-07
   369 1.66339e-06 2.81580e-06 3.32396e-07 5.78631e-07
   370 1.64229e-06 2.78214e-06 3.27923e-07 5.71057e-07
   371 1.62174e-06 2.74920e-06 3.23518e-07 5.63592e-07
   372 1.60179e-06 2.71794e-06 3.19179e-07 5.56234e-07
   373 1.58144e-06 2.68553e-06 3.14906e-07 5.48981e-07
   374 1.56183e-06 2.65421e-06 3.10699e-07 5.41833e-07
   375 1.54179e-06 2.62245e-06 3.06555e-07 5.34788e-07
   376 1.52308e-06 2.59272e-06 3.02474e-07 5.27843e-07
   377 1.50424e-06 2.56280e-06 2.98454e-07 5.20997e-07
   378 1.48525e-06 2.53237e-06 2.94494e-07 5.14248e-07
   379 1.46757e-06 2.50446e-06 2.90594e-07 5.07595e-07
   380 1.44893e-06 2.47424e-06 2.86751e-07 5.01035e-07
   381 1.43153e-06 2.44695e-06 2.82966e-07 4.94569e-07
   382 1.41333e-06 2.41749e-06 2.79237e-07 4.88193e-07
   383 1.39599e-06 2.38953e-06 2.75565e-07 4.81910e-07
   384 1.37874e-06 2.36186e-06 2.71948e-07 4.75715e-07
   385 1.36182e-06 2.33440e-06 2.68384e-07 4.69608e-07
   386 1.34544e-06 2.30858e-06 2.64873e-07 4.63586e-07
   387 1.32864e-06 2.28114e-06 2.61413e-07 4.57649e-07
   388 1.31255e-06 2.25572e-06 2.58005e-07 4.51795e-07
   389 1.29672e-06 2.22970e-06 2.54647e-07 4.46022e-07
   390 1.28055e-06 2.20349e-06 2.51339e-07 4.40331e-07
   391 1.26557e-06 2.17970e-06 2.48079e-07 4.34719e-07
   392 1.24973e-06 2.15359e-06 2.44866e-07 4.29185e-07
   393 1.23505e-06 2.13015e-06 2.41701e-07 4.23728e-07
   394 1.21966e-06 2.10511e-06 2.38582e-07 4.18347e-07
   395 1.20478e-06 2.08067e-06 2.35509e-07 4.13041e-07
   396 1.19061e-06 2.05815e-06 2.32481e-07 4.07809e-07
   397 1.17622e-06 2.03422e-06 2.29496e-07 4.02649e-07
   398 1.16240e-06 2.01246e-06 2.26555e-07 3.97558e-07
   399 1.14786e-06 1.98858e-06 2.23656e-07 3.92538e-07
   400 1.13411e-06 1.96618e-06 2.20800e-07 3.87589e-07
   401 1.12056e-06 1.94419e-06 2.17985e-07 3.82707e-07
   402 1.10710e-06 1.92188e-06 2.15211e-07 3.77892e-07
   403 1.09418e-06 1.90123e-06 2.12477e-07 3.73143e-07
   404 1.08083e-06 1.87892e-06 2.09782e-07 3.68459e-07
   405 1.06812e-06 1.85802e-06 2.07125e-07 3.63840e-07
   406 1.05556e-06 1.83769e-06 2.04507e-07 3.59283e-07
   407 1.04268e-06 1.81611e-06 2.01926e-07 3.54789e-07
   408 1.03063e-06 1.79698e-06 1.99382e-07 3.50356e-07
   409 1.01837e-06 1.77638e-06 1.96874e-07 3.45982e-07
   410 1.00646e-06 1.75714e-06 1.94402e-07 3.41668e-07
   411 9.94681e-07 1.73738e-06 1.91964e-07 3.37411e-07
   412 9.82612e-07 1.71763e-06 1.89562e-07 3.33213e-07
   413 9.71256e-07 1.69870e-06 1.87194e-07 3.29072e-07
   414 9.59799e-07 1.67942e-06 1.84859e-07 3.24987e-07
   415 9.48882e-07 1.66150e-06 1.82556e-07 3.20958e-07
   416 9.37456e-07 1.64270e-06 1.80286e-07 3.16981e-07
   417 9.26558e-07 1.62492e-06 1.78049e-07 3.13059e-07
   418 9.15770e-07 1.60660e-06 1.75842e-07 3.09188e-07
   419 9.05268e-07 1.58918e-06 1.73667e-07 3.05370e-07
   420 8.94666e-07 1.57181e-06 1.71521e-07 3.01603e-07
   421 8.84215e-07 1.55378e-06 1.69406e-07 2.97886e-07
   422 8.73862e-07 1.53687e-06 1.67321e-07 2.94220e-07
   423 8.63717e-07 1.51991e-06 1.65264e-07 2.90603e-07
   424 8.53742e-07 1.50338e-06 1.63237e-07 2.87033e-07
   425 8.43843e-07 1.48691e-06 1.61237e-07 2.83511e-07
   426 8.34210e-07 1.47065e-06 1.59265e-07 2.80036e-07
   427 8.24681e-07 1.45479e-06 1.57321e-07 2.76606e-07
   428 8.15108e-07 1.43866e-06 1.55403e-07 2.73222e-07
   429 8.05822e-07 1.42303e-06 1.53511e-07 2.69883e-07
   430 7.96644e-07 1.40752e-06 1.51646e-07 2.66588e-07
   431 7.87660e-07 1.39217e-06 1.49806e-07 2.63336e-07
   432 7.78834e-07 1.37790e-06 1.47991e-07 2.60127e-07
   433 7.69659e-07 1.36208e-06 1.46201e-07 2.56959e-07
   434 7.60921e-07 1.34765e-06 1.44435e-07 2.53834e-07
   435 7.52167e-07 1.33265e-06 1.42694e-07 2.50749e-07
   436 7.43906e-07 1.31872e-06 1.40976e-07 2.47705e-07
   437 7.35401e-07 1.30450e-06 1.39282e-07 2.44701e-07
   438 7.27036e-07 1.29015e-06 1.37611e-07 2.41735e-07
   439 7.18814e-07 1.27644e-06 1.35962e-07 2.38809e-07
   440 7.10590e-07 1.26246e-06 1.34336e-07 2.35920e-07
   441 7.02664e-07 1.24900e-06 1.32732e-07 2.33070e-07
   442 6.94720e-07 1.23562e-06 1.31149e-07 2.30256e-07
   443 6.87056e-07 1.22220e-06 1.29588e-07 2.27479e-07
   444 6.79408e-07 1.20979e-06 1.28047e-07 2.24737e-07
   445 6.71771e-07 1.19610e-06 1.26527e-07 2.22031e-07
   446 6.64154e-07 1.18348e-06 1.25028e-07 2.19360e-07
   447 6.56755e-07 1.17077e-06 1.23549e-07 2.16724e-07
   448 6.49588e-07 1.15814e-06 1.22089e-07 2.14122e-07
   449 6.42495e-07 1.14676e-06 1.20649e-07 2.11552e-07
   450 6.35183e-07 1.13370e-06 1.19228e-07 2.09015e-07
   451 6.28029e-07 1.12180e-06 1.17826e-07 2.06512e-07
   452 6.21125e-07 1.10958e-06 1.16442e-07 2.04041e-07
   453 6.14433e-07 1.09818e-06 1.15077e-07 2.01601e-07
   454 6.07609e-07 1.08661e-06 1.13730e-07 1.99193e-07
   455 6.00982e-07 1.07490e-06 1.12400e-07 1.96815e-07
   456 5.94387e-07 1.06383e-06 1.11088e-07 1.94467e-07
   457 5.87886e-07 1.05255e-06 1.09793e-07 1.92149e-07
   458 5.81416e-07 1.04119e-06 1.08515e-07 1.89861e-07
   459 5.75041e-07 1.03032e-06 1.07254e-07 1.87602e-07
   460 5.68824e-07 1.01925e-06 1.06009e-07 1.85372e-07
   461 5.62635e-07 1.00906e-06 1.04781e-07 1.83169e-07
   462 5.56605e-07 9.98134e-07 1.03568e-07 1.80995e-07
   463 5.50537e-07 9.87766e-07 1.02371e-07 1.78848e-07
   464 5.44538e-07 9.77309e-07 1.01190e-07 1.76728e-07
   465 5.38616e-07 9.67068e-07 1.00024e-07 1.74635e-07
   466 5.32728e-07 9.57117e-07 9.88734e-08 1.72568e-07
   467 5.27029e-07 9.46841e-07 9.77376e-08 1.70528e-07
   468 5.21396e-07 9.37158e-07 9.66163e-08 1.68513e-07
   469 5.15778e-07 9.27303e-07 9.55094e-08 1.66523e-07
   470 5.10303e-07 9.17922e-07 9.44167e-08 1.64558e-07
   471 5.04727e-07 9.08082e-07 9.33380e-08 1.62617e-07
   472 4.99467e-07 8.98637e-07 9.22732e-08 1.60701e-07
   473 4.94103e-07 8.89666e-07 9.12218e-08 1.58809e-07
   474 4.88925e-07 8.80283e-07 9.01838e-08 1.56940e-07
   475 4.83605e-07 8.71090e-07 8.91590e-08 1.55095e-07
   476 4.78473e-07 8.62039e-07 8.81474e-08 1.53272e-07
   477 4.73483e-07 8.53270e-07 8.71485e-08 1.51472e-07
   478 4.68454e-07 8.44822e-07 8.61622e-08 1.49694e-07
   479 4.63609e-07 8.35793e-07 8.51883e-08 1.47938e-07
   480 4.58630e-07 8.27372e-07 8.42266e-08 1.46204e-07
   481 4.53809e-07 8.18794e-07 8.32771e-08 1.44491e-07
   482 4.49001e-07 8.10352e-07 8.23397e-08 1.42799e-07
   483 4.44353e-07 8.02001e-07 8.14139e-08 1.41129e-07
   484 4.39754e-07 7.93680e-07 8.04996e-08 1.39478e-07
   485 4.35059e-07 7.85837e-07 7.95968e-08 1.37848e-07
   486 4.30639e-07 7.77607e-07 7.87053e-08 1.36238e-07
   487 4.26172e-07 7.69903e-07 7.78247e-08 1.34648e-07
   488 4.21603e-07 7.61711e-07 7.69552e-08 1.33077e-07
   489 4.17331e-07 7.53917e-07 7.60965e-08 1.31526e-07
   490 4.12985e-07 7.46572e-07 7.52483e-08 1.29993e-07
   491 4.08852e-07 7.39005e-07 7.44106e-08 1.28478e-07
   492 4.04523e-07 7.31527e-07 7.35831e-08 1.26982e-07
   493 4.00390e-07 7.24102e-07 7.27660e-08 1.25505e-07
   494 3.96298e-07 7.16738e-07 7.19588e-08 1.24045e-07
   495 3.92158e-07 7.09559e-07 7.11616e-08 1.22603e-07
   496 3.88257e-07 7.02173e-07 7.03741e-08 1.21178e-07
   497 3.84226e-07 6.95309e-07 6.95961e-08 1.19771e-07
   498 3.80311e-07 6.88249e-07 6.88278e-08 1.18380e-07
   499 3.76485e-07 6.81343e-07 6.80687e-08 1.17007e-07
   500 3.72645e-07 6.74571e-07 6.73188e-08 1.15649e-07
   501 3.68953e-07 6.67593e-07 6.65780e-08 1.14309e-07
   502 3.65098e-07 6.61228e-07 6.58461e-08 1.12984e-07
   503 3.61564e-07 6.54532e-07 6.51231e-08 1.11675e-07
   504 3.57921e-07 6.48095e-07 6.44086e-08 1.10381e-07
   505 3.54354e-07 6.41398e-07 6.37027e-08 1.09103e-07
   506 3.50833e-07 6.34917e-07 6.30052e-08 1.07841e-07
   507 3.47123e-07 6.28707e-07 6.23162e-08 1.06593e-07
   508 3.43822e-07 6.22330e-07 6.16355e-08 1.05361e-07
   509 3.40285e-07 6.16236e-07 6.09628e-08 1.04143e-07
   510 3.37083e-07 6.10011e-07 6.02981e-08 1.02939e-07
   511 3.33647e-07 6.04118e-07 5.96411e-08 1.01750e-07
   512 3.30329e-07 5.98066e-07 5.89921e-08 1.00575e-07
   513 3.27094e-07 5.92148e-07 5.83507e-08 9.94140e-08
   514 3.23786e-07 5.86380e-07 5.77169e-08 9.82664e-08
   515 3.20763e-07 5.80532e-07 5.70906e-08 9.71324e-08
   516 3.17516e-07 5.74938e-07 5.64715e-08 9.60117e-08
   517 3.14454e-07 5.69210e-07 5.58597e-08 9.49041e-08
   518 3.11452e-07 5.63567e-07 5.52549e-08 9.38096e-08
   519 3.08318e-07 5.58073e-07 5.46573e-08 9.27280e-08
   520 3.05494e-07 5.52497e-07 5.40665e-08 9.16591e-08
   521 3.02395e-07 5.47210e-07 5.34826e-08 9.06028e-08
   522 2.99565e-07 5.41806e-07 5.29055e-08 8.95586e-08
   523 2.96555e-07 5.36562e-07 5.23350e-08 8.85267e-08
   524 2.93797e-07 5.31309e-07 5.17712e-08 8.75068e-08
   525 2.91055e-07 5.26109e-07 5.12136e-08 8.64988e-08
   526 2.88091e-07 5.21060e-07 5.06626e-08 8.55025e-08
   527 2.85505e-07 5.15995e-07 5.01179e-08 8.45176e-08
   528 2.82648e-07 5.10986e-07 4.95794e-08 8.35442e-08
   529 2.80075e-07 5.06098e-07 4.90470e-08 8.25819e-08
   530 2.77472e-07 5.01131e-07 4.85205e-08 8.16308e-08
   531 2.74595e-07 4.96297e-07 4.80002e-08 8.06907e-08
   532 2.72324e-07 4.91400e-07 4.74856e-08 7.97616e-08
   533 2.69465e-07 4.86817e-07 4.69769e-08 7.88430e-08
   534 2.67081e-07 4.82082e-07 4.64741e-08 7.79350e-08
   535 2.64663e-07 4.77434e-07 4.59767e-08 7.70374e-08
   536 2.62103e-07 4.72857e-07 4.54848e-08 7.61501e-08
   537 2.59821e-07 4.68327e-07 4.49984e-08 7.52730e-08
   538 2.57148e-07 4.63903e-07 4.45175e-08 7.44058e-08
   539 2.54918e-07 4.59369e-07 4.40421e-08 7.35486e-08
   540 2.52483e-07 4.55067e-07 4.35718e-08 7.27011e-08
   541 2.50140e-07 4.50715e-07 4.31069e-08 7.18633e-08
   542 2.48065e-07 4.46446e-07 4.26469e-08 7.10348e-08
   543 2.45506e-07 4.42226e-07 4.21920e-08 7.02158e-08
   544 2.43526e-07 4.37915e-07 4.17421e-08 6.94061e-08
   545 2.41158e-07 4.33802e-07 4.12970e-08 6.86056e-08
   546 2.38913e-07 4.29690e-07 4.08570e-08 6.78142e-08
   547 2.36998e-07 4.25617e-07 4.04216e-08 6.70316e-08
   548 2.34462e-07 4.21663e-07 3.99910e-08 6.62579e-08
   549 2.32694e-07 4.17612e-07 3.95652e-08 6.54928e-08
   550 2.30395e-07 4.13714e-07 3.91438e-08 6.47363e-08
   551 2.28359e-07 4.09864e-07 3.87271e-08 6.39883e-08
   552 2.26442e-07 4.06022e-07 3.83148e-08 6.32486e-08
   553 2.24265e-07 4.02225e-07 3.79069e-08 6.25172e-08
   554 2.22517e-07 3.98462e-07 3.75033e-08 6.17939e-08
   555 2.20243e-07 3.94820e-07 3.71041e-08 6.10786e-08
   556 2.18522e-07 3.91032e-07 3.67091e-08 6.03712e-08
   557 2.16516e-07 3.87426e-07 3.63183e-08 5.96718e-08
   558 2.14581e-07 3.83834e-07 3.59317e-08 5.89802e-08
   559 2.12857e-07 3.80320e-07 3.55490e-08 5.82961e-08
   560 2.10780e-07 3.76783e-07 3.51704e-08 5.76195e-08
   561 2.09193e-07 3.73233e-07 3.47958e-08 5.69504e-08
   562 2.07291e-07 3.69859e-07 3.44249e-08 5.62887e-08
   563 2.05435e-07 3.66425e-07 3.40581e-08 5.56343e-08
   564 2.03732e-07 3.63057e-07 3.36950e-08 5.49870e-08
   565 2.01919e-07 3.59732e-07 3.33357e-08 5.43468e-08
   566 2.00357e-07 3.56415e-07 3.29800e-08 5.37136e-08
   567 1.98562e-07 3.53210e-07 3.26279e-08 5.30873e-08
   568 1.96923e-07 3.49985e-07 3.22795e-08 5.24677e-08
   569 1.95177e-07 3.46758e-07 3.19346e-08 5.18549e-08
   570 1.93612e-07 3.43621e-07 3.15933e-08 5.12488e-08
   571 1.92017e-07 3.40536e-07 3.12553e-08 5.06492e-08
   572 1.90312e-07 3.37431e-07 3.09208e-08 5.00560e-08
   573 1.88797e-07 3.34407e-07 3.05897e-08 4.94693e-08
   574 1.87207e-07 3.31364e-07 3.02619e-08 4.88889e-08
   575 1.85773e-07 3.28423e-07 2.99373e-08 4.83146e-08
   576 1.84204e-07 3.25483e-07 2.96159e-08 4.77465e-08
   577 1.82663e-07 3.22523e-07 2.92977e-08 4.71845e-08
   578 1.81201e-07 3.19650e-07 2.89827e-08 4.66285e-08
   579 1.79635e-07 3.16777e-07 2.86708e-08 4.60785e-08
   580 1.78330e-07 3.13936e-07 2.83619e-08 4.55343e-08
   581 1.76742e-07 3.11103e-07 2.80561e-08 4.49959e-08
   582 1.75382e-07 3.08338e-07 2.77533e-08 4.44633e-08
   583 1.74071e-07 3.05640e-07 2.74534e-08 4.39363e-08
   584 1.72424e-07 3.02920e-07 2.71565e-08 4.34148e-08
   585 1.71352e-07 3.00318e-07 2.68624e-08 4.28988e-08
   586 1.69789e-07 2.97612e-07 2.65711e-08 4.23882e-08
   587 1.68566e-07 2.95016e-07 2.62826e-08 4.18830e-08
   588 1.67311e-07 2.92469e-07 2.59968e-08 4.13830e-08
   589 1.65725e-07 2.89849e-07 2.57138e-08 4.08882e-08
   590 1.64773e-07 2.87378e-07 2.54335e-08 4.03986e-08
   591 1.63293e-07 2.84864e-07 2.51557e-08 3.99141e-08
   592 1.62213e-07 2.82419e-07 2.48806e-08 3.94346e-08
   593 1.60878e-07 2.79941e-07 2.46079e-08 3.89600e-08
   594 1.59579e-07 2.77487e-07 2.43379e-08 3.84904e-08
   595 1.58676e-07 2.75171e-07 2.40703e-08 3.80256e-08
   596 1.57148e-07 2.72744e-07 2.38051e-08 3.75656e-08
   597 1.56180e-07 2.70444e-07 2.35425e-08 3.71102e-08
   598 1.54883e-07 2.68079e-07 2.32822e-08 3.66596e-08
   599 1.53842e-07 2.65827e-07 2.30242e-08 3.62136e-08
   600 1.52920e-07 2.63653e-07 2.27684e-08 3.57720e-08
   601 1.51348e-07 2.61284e-07 2.25151e-08 3.53349e-08
   602 1.50518e-07 2.59142e-07 2.22641e-08 3.49023e-08
   603 1.49387e-07 2.56967e-07 2.20152e-08 3.44740e-08
   604 1.48353e-07 2.54819e-07 2.17686e-08 3.40500e-08
   605 1.47488e-07 2.52740e-07 2.15239e-08 3.36302e-08
   606 1.45960e-07 2.50470e-07 2.12816e-08 3.32146e-08
   607 1.45272e-07 2.48483e-07 2.10415e-08 3.28033e-08
   608 1.44158e-07 2.46414e-07 2.08032e-08 3.23960e-08
   609 1.43319e-07 2.44467e-07 2.05670e-08 3.19926e-08
   610 1.42206e-07 2.42402e-07 2.03328e-08 3.15932e-08
   611 1.41112e-07 2.40332e-07 2.01008e-08 3.11979e-08
   612 1.40368e-07 2.38428e-07 1.98706e-08 3.08064e-08
   613 1.39276e-07 2.36478e-07 1.96423e-08 3.04187e-08
   614 1.38462e-07 2.34591e-07 1.94160e-08 3.00348e-08
   615 1.37347e-07 2.32640e-07 1.91916e-08 2.96546e-08
   616 1.36685e-07 2.30858e-07 1.89690e-08 2.92781e-08
   617 1.35892e-07 2.29032e-07 1.87479e-08 2.89051e-08
   618 1.34668e-07 2.27079e-07 1.85288e-08 2.85358e-08
   619 1.34013e-07 2.25358e-07 1.83116e-08 2.81701e-08
   620 1.32961e-07 2.23508e-07 1.80961e-08 2.78078e-08
   621 1.32501e-07 2.21903e-07 1.78822e-08 2.74489e-08
   622 1.31315e-07 2.20028e-07 1.76700e-08 2.70933e-08
   623 1.30638e-07 2.18350e-07 1.74596e-08 2.67412e-08
   624 1.29872e-07 2.16667e-07 1.72507e-08 2.63924e-08
   625 1.28902e-07 2.14923e-07 1.70435e-08 2.60468e-08
   626 1.28489e-07 2.13426e-07 1.68377e-08 2.57044e-08
   627 1.27398e-07 2.11645e-07 1.66335e-08 2.53652e-08
   628 1.26838e-07 2.10134e-07 1.64309e-08 2.50291e-08
   629 1.26227e-07 2.08577e-07 1.62296e-08 2.46960e-08
   630 1.24998e-07 2.06792e-07 1.60301e-08 2.43661e-08
   631 1.24644e-07 2.05407e-07 1.58321e-08 2.40392e-08
   632 1.23818e-07 2.03835e-07 1.56354e-08 2.37152e-08
   633 1.23376e-07 2.02457e-07 1.54400e-08 2.33940e-08
   634 1.22644e-07 2.00947e-07 1.52458e-08 2.30756e-08
   635 1.21686e-07 1.99318e-07 1.50533e-08 2.27602e-08
   636 1.21449e-07 1.98071e-07 1.48620e-08 2.24476e-08
   637 1.20387e-07 1.96454e-07 1.46720e-08 2.21376e-08
   638 1.20241e-07 1.95306e-07 1.44833e-08 2.18304e-08
   639 1.19152e-07 1.93688e-07 1.42958e-08 2.15258e-08
   640 1.18677e-07 1.92410e-07 1.41099e-08 2.12239e-08
   641 1.18643e-07 1.91357e-07 1.39246e-08 2.09243e-08
   642 1.17518e-07 1.89767e-07 1.37405e-08 2.06272e-08
   643 1.17321e-07 1.88666e-07 1.35578e-08 2.03328e-08
   644 1.16341e-07 1.87141e-07 1.33762e-08 2.00408e-08
   645 1.15944e-07 1.85974e-07 1.31960e-08 1.97513e-08
   646 1.15937e-07 1.85055e-07 1.30164e-08 1.94639e-08
   647 1.14783e-07 1.83492e-07 1.28380e-08 1.91789e-08
   648 1.14897e-07 1.82632e-07 1.26606e-08 1.88962e-08
   649 1.13903e-07 1.81199e-07 1.24842e-08 1.86156e-08
   650 1.13753e-07 1.80223e-07 1.23090e-08 1.83374e-08
   651 1.13473e-07 1.79218e-07 1.21343e-08 1.80611e-08
   652 1.12482e-07 1.77773e-07 1.19609e-08 1.77872e-08
   653 1.12818e-07 1.77172e-07 1.17882e-08 1.75152e-08
   654 1.11789e-07 1.75758e-07 1.16164e-08 1.72451e-08
   655 1.11752e-07 1.74970e-07 1.14456e-08 1.69772e-08
   656 1.11395e-07 1.73994e-07 1.12754e-08 1.67110e-08
   657 1.10823e-07 1.72872e-07 1.11062e-08 1.64468e-08
   658 1.11230e-07 1.72408e-07 1.09373e-08 1.61843e-08
   659 1.10085e-07 1.70980e-07 1.07693e-08 1.59235e-08
   660 1.10206e-07 1.70319e-07 1.06022e-08 1.56648e-08
   661 1.09900e-07 1.69454e-07 1.04356e-08 1.54076e-08
   662 1.09671e-07 1.68623e-07 1.02697e-08 1.51520e-08
   663 1.09730e-07 1.68058e-07 1.01041e-08 1.48979e-08
   664 1.09303e-07 1.67147e-07 9.93900e-09 1.46453e-08
   665 1.09159e-07 1.66389e-07 9.77462e-09 1.43943e-08
   666 1.09152e-07 1.65807e-07 9.61061e-09 1.41448e-08
   667 1.09246e-07 1.65286e-07 9.44676e-09 1.38964e-08
   668 1.09146e-07 1.64713e-07 9.28317e-09 1.36492e-08
   669 1.08829e-07 1.63900e-07 9.12013e-09 1.34034e-08
   670 1.09271e-07 1.63736e-07 8.95725e-09 1.31587e-08
   671 1.09194e-07 1.63208e-07 8.79434e-09 1.29149e-08
   672 1.09473e-07 1.62912e-07 8.63152e-09 1.26721e-08
   673 1.09329e-07 1.62378e-07 8.46884e-09 1.24302e-08
   674 1.10072e-07 1.62473e-07 8.30597e-09 1.21891e-08
   675 1.10689e-07 1.62528e-07 8.14232e-09 1.19481e-08
   676 1.10922e-07 1.62372e-07 7.97828e-09 1.17076e-08
   677 1.11531e-07 1.62425e-07 7.81387e-09 1.14676e-08
   678 1.12576e-07 1.62944e-07 7.64847e-09 1.12275e-08
   679 1.13791e-07 1.63644e-07 7.48165e-09 1.09868e-08
   680 1.15150e-07 1.64475e-07 7.31320e-09 1.07453e-08
   681 1.18661e-07 1.67278e-07 7.14142e-09 1.05016e-08
   682 1.11048e-07 1.57795e-07 6.97295e-09 1.02632e-08
   683 1.00205e-07 1.44710e-07 6.81832e-09 1.00417e-08
   684 9.54704e-08 1.38377e-07 6.67521e-09 9.83464e-09
   685 9.09715e-08 1.32808e-07 6.53905e-09 9.63658e-09
   686 8.80096e-08 1.28707e-07 6.40851e-09 9.44585e-09
   687 8.51600e-08 1.24882e-07 6.28240e-09 9.26117e-09
   688 8.25602e-08 1.21571e-07 6.16044e-09 9.08195e-09
   689 8.07534e-08 1.18569e-07 6.04184e-09 8.90756e-09
   690 7.81829e-08 1.15575e-07 5.92660e-09 8.73778e-09
   691 7.59317e-08 1.12171e-07 5.81501e-09 8.57289e-09
   692 7.41643e-08 1.09869e-07 5.70648e-09 8.41234e-09
   693 7.20877e-08 1.06962e-07 5.60090e-09 8.25580e-09
   694 7.05128e-08 1.04562e-07 5.49809e-09 8.10329e-09
   695 6.89209e-08 1.02703e-07 5.39771e-09 7.95408e-09
   696 6.78701e-08 1.00725e-07 5.29937e-09 7.80784e-09
   697 6.60438e-08 9.83360e-08 5.20324e-09 7.66494e-09
   698 6.47838e-08 9.65202e-08 5.10946e-09 7.52527e-09
   699 6.34063e-08 9.43044e-08 5.01771e-09 7.38868e-09
   700 6.22341e-08 9.29353e-08 4.92790e-09 7.25484e-09
   701 6.01740e-08 8.98730e-08 4.84053e-09 7.12437e-09
   702 5.95124e-08 8.89546e-08 4.75523e-09 6.99690e-09
   703 5.87628e-08 8.77458e-08 4.67104e-09 6.87113e-09
   704 5.73739e-08 8.55613e-08 4.58850e-09 6.74796e-09
   705 5.58976e-08 8.38104e-08 4.50811e-09 6.62776e-09
   706 5.46692e-08 8.17269e-08 4.42975e-09 6.51044e-09
   707 5.39865e-08 8.10088e-08 4.35286e-09 6.39527e-09
   708 5.30006e-08 7.91856e-08 4.27725e-09 6.28206e-09
   709 5.22536e-08 7.80948e-08 4.20297e-09 6.17107e-09
   710 5.09383e-08 7.64528e-08 4.13025e-09 6.06216e-09
   711 5.03649e-08 7.52508e-08 4.05896e-09 5.95540e-09
   712 4.94270e-08 7.43535e-08 3.98884e-09 5.85027e-09
   713 4.82534e-08 7.22946e-08 3.92029e-09 5.74737e-09
   714 4.73288e-08 7.10380e-08 3.85331e-09 5.64693e-09
   715 4.70867e-08 7.03860e-08 3.78724e-09 5.54796e-09
   716 4.60858e-08 6.89265e-08 3.72214e-09 5.45061e-09
   717 4.47921e-08 6.74366e-08 3.65872e-09 5.35546e-09
   718 4.40969e-08 6.61010e-08 3.59678e-09 5.26240e-09
   719 4.36623e-08 6.56067e-08 3.53571e-09 5.17075e-09
   720 4.31264e-08 6.46467e-08 3.47540e-09 5.08023e-09
   721 4.18500e-08 6.27714e-08 3.41643e-09 4.99182e-09
   722 4.14796e-08 6.21879e-08 3.35868e-09 4.90522e-09
   723 4.02865e-08 6.04669e-08 3.30210e-09 4.82034e-09
   724 4.05654e-08 6.08811e-08 3.24622e-09 4.73647e-09
   725 3.90603e-08 5.86309e-08 3.19128e-09 4.65401e-09
   726 3.88635e-08 5.83061e-08 3.13758e-09 4.57342e-09
   727 3.75605e-08 5.63440e-08 3.08498e-09 4.49452e-09
   728 3.76181e-08 5.62972e-08 3.03331e-09 4.41710e-09
   729 3.70432e-08 5.56504e-08 2.98207e-09 4.34026e-09
   730 3.63714e-08 5.44641e-08 2.93175e-09 4.26479e-09
   731 3.52876e-08 5.31058e-08 2.88271e-09 4.19117e-09
   732 3.51400e-08 5.25402e-08 2.83457e-09 4.11896e-09
   733 3.44095e-08 5.16172e-08 2.78709e-09 4.04786e-09
   734 3.40808e-08 5.11344e-08 2.74041e-09 3.97782e-09
   735 3.32666e-08 4.98004e-08 2.69456e-09 3.90911e-09
   736 3.29156e-08 4.94437e-08 2.64957e-09 3.84165e-09
   737 3.28369e-08 4.89989e-08 2.60493e-09 3.77481e-09
   738 3.20366e-08 4.80573e-08 2.56095e-09 3.70902e-09
   739 3.08338e-08 4.62148e-08 2.51839e-09 3.64520e-09
   740 3.03080e-08 4.53491e-08 2.47705e-09 3.58329e-09
   741 3.12156e-08 4.67233e-08 2.43551e-09 3.52112e-09
   742 2.96800e-08 4.43303e-08 2.39446e-09 3.45974e-09
   743 2.93064e-08 4.39636e-08 2.35474e-09 3.40028e-09
   744 2.90793e-08 4.35516e-08 2.31548e-09 3.34143e-09
   745 2.84476e-08 4.23908e-08 2.27684e-09 3.28372e-09
   746 2.83317e-08 4.24411e-08 2.23876e-09 3.22682e-09
   747 2.73635e-08 4.08095e-08 2.20146e-09 3.17107e-09
   748 2.71511e-08 4.06654e-08 2.16500e-09 3.11657e-09
   749 2.70159e-08 4.03057e-08 2.12881e-09 3.06248e-09
   750 2.62920e-08 3.92523e-08 2.09325e-09 3.00940e-09
   751 2.61358e-08 3.90298e-08 2.05832e-09 2.95725e-09
   752 2.50883e-08 3.74045e-08 2.02424e-09 2.90640e-09
   753 2.50356e-08 3.75507e-08 1.99094e-09 2.85660e-09
   754 2.58144e-08 3.82055e-08 1.95720e-09 2.80633e-09
   755 2.43447e-08 3.63075e-08 1.92397e-09 2.75697e-09
   756 2.37576e-08 3.55116e-08 1.89214e-09 2.70944e-09
   757 2.32052e-08 3.45944e-08 1.86110e-09 2.66310e-09
   758 2.43189e-08 3.59737e-08 1.82974e-09 2.61653e-09
   759 2.26511e-08 3.37417e-08 1.79879e-09 2.57059e-09
   760 2.26549e-08 3.38366e-08 1.76896e-09 2.52610e-09
   761 2.20466e-08 3.28258e-08 1.73957e-09 2.48228e-09
   762 2.23177e-08 3.29927e-08 1.71044e-09 2.43906e-09
   763 2.16507e-08 3.21834e-08 1.68161e-09 2.39632e-09
   764 2.11676e-08 3.13841e-08 1.65357e-09 2.35470e-09
   765 2.10409e-08 3.13206e-08 1.62597e-09 2.31369e-09
   766 2.05903e-08 3.05562e-08 1.59878e-09 2.27327e-09
   767 2.05604e-08 3.04460e-08 1.57193e-09 2.23348e-09
   768 2.00815e-08 2.97249e-08 1.54546e-09 2.19428e-09
   769 2.00302e-08 2.96044e-08 1.51936e-09 2.15568e-09
   770 1.95926e-08 2.90586e-08 1.49362e-09 2.11756e-09
   771 1.89915e-08 2.80869e-08 1.46858e-09 2.08048e-09
   772 1.90656e-08 2.82118e-08 1.44392e-09 2.04400e-09
   773 1.85100e-08 2.73650e-08 1.41960e-09 2.00803e-09
   774 1.85116e-08 2.72731e-08 1.39567e-09 1.97271e-09
   775 1.81392e-08 2.67593e-08 1.37201e-09 1.93783e-09
   776 1.78387e-08 2.63005e-08 1.34881e-09 1.90362e-09
   777 1.77219e-08 2.61764e-08 1.32591e-09 1.86983e-09
   778 1.73770e-08 2.55494e-08 1.30334e-09 1.83657e-09
   779 1.69776e-08 2.50262e-08 1.28128e-09 1.80409e-09
   780 1.66804e-08 2.45971e-08 1.25969e-09 1.77226e-09
   781 1.67701e-08 2.45915e-08 1.23826e-09 1.74075e-09
   782 1.64801e-08 2.42899e-08 1.21699e-09 1.70947e-09
   783 1.59509e-08 2.33884e-08 1.19627e-09 1.67901e-09
   784 1.59662e-08 2.34577e-08 1.17590e-09 1.64912e-09
   785 1.56024e-08 2.28941e-08 1.15578e-09 1.61958e-09
   786 1.53584e-08 2.24860e-08 1.13607e-09 1.59069e-09
   787 1.54679e-08 2.27162e-08 1.11648e-09 1.56195e-09
   788 1.46573e-08 2.14123e-08 1.09735e-09 1.53394e-09
   789 1.48871e-08 2.18084e-08 1.07862e-09 1.50654e-09
   790 1.44719e-08 2.11225e-08 1.06003e-09 1.47935e-09
   791 1.46241e-08 2.13584e-08 1.04162e-09 1.45248e-09
   792 1.39628e-08 2.04520e-08 1.02357e-09 1.42608e-09
   793 1.38529e-08 2.01781e-08 1.00602e-09 1.40044e-09
   794 1.40106e-08 2.04510e-08 9.88463e-10 1.37484e-09
   795 1.34133e-08 1.95061e-08 9.71207e-10 1.34970e-09
   796 1.33369e-08 1.94353e-08 9.54393e-10 1.32522e-09
   797 1.31106e-08 1.90761e-08 9.37792e-10 1.30105e-09
   798 1.28144e-08 1.86020e-08 9.21539e-10 1.27743e-09
   799 1.31074e-08 1.90612e-08 9.05308e-10 1.25385e-09
   800 1.23984e-08 1.79754e-08 8.89361e-10 1.23069e-09
   801 1.24472e-08 1.81014e-08 8.73842e-10 1.20816e-09
   802 1.22600e-08 1.77234e-08 8.58429e-10 1.18581e-09
   803 1.18906e-08 1.72420e-08 8.43382e-10 1.16402e-09
   804 1.21033e-08 1.75156e-08 8.28451e-10 1.14239e-09
   805 1.14525e-08 1.65081e-08 8.13814e-10 1.12125e-09
   806 1.17815e-08 1.70779e-08 7.99392e-10 1.10041e-09
   807 1.13429e-08 1.63345e-08 7.85057e-10 1.07969e-09
   808 1.11535e-08 1.61117e-08 7.71128e-10 1.05960e-09
   809 1.12353e-08 1.61528e-08 7.57282e-10 1.03965e-09
   810 1.06819e-08 1.53528e-08 7.43747e-10 1.02020e-09
   811 1.09046e-08 1.57464e-08 7.30431e-10 1.00101e-09
   812 1.06857e-08 1.52984e-08 7.17129e-10 9.81884e-10
   813 1.01972e-08 1.47221e-08 7.04280e-10 9.63412e-10
   814 1.04018e-08 1.48830e-08 6.91619e-10 9.45216e-10
   815 1.00360e-08 1.43260e-08 6.79075e-10 9.27288e-10
   816 1.01800e-08 1.46669e-08 6.66680e-10 9.09512e-10
   817 9.77301e-09 1.39326e-08 6.54463e-10 8.92003e-10
   818 9.73161e-09 1.39894e-08 6.42533e-10 8.74925e-10
   819 9.61494e-09 1.36851e-08 6.30715e-10 8.58020e-10
   820 9.47339e-09 1.35284e-08 6.19069e-10 8.41416e-10
   821 9.24074e-09 1.31895e-08 6.07665e-10 8.25135e-10
   822 9.01538e-09 1.28092e-08 5.96554e-10 8.09311e-10
   823 9.30485e-09 1.32870e-08 5.85418e-10 7.93449e-10
   824 8.91598e-09 1.26563e-08 5.74356e-10 7.77700e-10
   825 8.78147e-09 1.25152e-08 5.63625e-10 7.62436e-10
   826 8.72036e-09 1.23596e-08 5.53024e-10 7.47370e-10
   827 8.22799e-09 1.16499e-08 5.42773e-10 7.32849e-10
   828 8.79855e-09 1.24762e-08 5.32490e-10 7.18278e-10
   829 8.13368e-09 1.15145e-08 5.22276e-10 7.03807e-10
   830 8.21207e-09 1.16232e-08 5.12424e-10 6.89860e-10
   831 8.06526e-09 1.14019e-08 5.02624e-10 6.75998e-10
   832 7.82818e-09 1.10265e-08 4.93067e-10 6.62512e-10
   833 8.06346e-09 1.13812e-08 4.83524e-10 6.49056e-10
   834 7.48986e-09 1.05379e-08 4.74198e-10 6.35914e-10
   835 7.80786e-09 1.10134e-08 4.65034e-10 6.23004e-10
   836 7.47157e-09 1.04686e-08 4.55892e-10 6.10151e-10
   837 7.35041e-09 1.03386e-08 4.47033e-10 5.97715e-10
   838 7.32572e-09 1.02726e-08 4.38271e-10 5.85410e-10
   839 7.00316e-09 9.79684e-09 4.29728e-10 5.73445e-10
   840 7.25925e-09 1.01857e-08 4.21235e-10 5.61545e-10
   841 6.94484e-09 9.69775e-09 4.12787e-10 5.49720e-10
   842 6.98069e-09 9.77989e-09 4.04512e-10 5.38146e-10
   843 6.60935e-09 9.20575e-09 3.96449e-10 5.26882e-10
   844 6.63504e-09 9.23472e-09 3.88598e-10 5.15951e-10
   845 6.69667e-09 9.35227e-09 3.80705e-10 5.04946e-10
   846 6.46597e-09 8.96940e-09 3.72922e-10 4.94113e-10
   847 6.43315e-09 8.96401e-09 3.65303e-10 4.83520e-10
   848 6.26185e-09 8.68425e-09 3.57813e-10 4.73109e-10
   849 6.24640e-09 8.65344e-09 3.50443e-10 4.62893e-10
   850 6.15711e-09 8.53510e-09 3.43142e-10 4.52776e-10
   851 5.90983e-09 8.15634e-09 3.36049e-10 4.42965e-10
   852 6.09536e-09 8.44521e-09 3.29000e-10 4.33217e-10
   853 5.78352e-09 7.96621e-09 3.22035e-10 4.23595e-10
   854 5.85703e-09 8.09424e-09 3.15216e-10 4.14186e-10
   855 5.65554e-09 7.78252e-09 3.08480e-10 4.04897e-10
   856 5.48496e-09 7.51452e-09 3.01969e-10 3.95958e-10
   857 5.68018e-09 7.83973e-09 2.95452e-10 3.86996e-10
   858 5.37099e-09 7.34227e-09 2.89010e-10 3.78147e-10
   859 5.41995e-09 7.44307e-09 2.82725e-10 3.69536e-10
   860 5.22045e-09 7.14583e-09 2.76536e-10 3.61050e-10
   861 5.30114e-09 7.23479e-09 2.70422e-10 3.52694e-10
   862 5.06886e-09 6.93547e-09 2.64405e-10 3.44471e-10
   863 4.99461e-09 6.78540e-09 2.58571e-10 3.36517e-10
   864 5.00314e-09 6.84026e-09 2.52782e-10 3.28627e-10
   865 4.83127e-09 6.56588e-09 2.47094e-10 3.20875e-10
   866 4.96664e-09 6.75520e-09 2.41434e-10 3.13179e-10
   867 4.67660e-09 6.35391e-09 2.35871e-10 3.05617e-10
   868 4.54018e-09 6.13637e-09 2.30560e-10 2.98419e-10
   869 4.69287e-09 6.38015e-09 2.25245e-10 2.91214e-10
   870 4.52666e-09 6.10350e-09 2.19944e-10 2.84037e-10
   871 4.54587e-09 6.16540e-09 2.14733e-10 2.76990e-10
   872 4.28786e-09 5.78252e-09 2.09666e-10 2.70138e-10
   873 4.23814e-09 5.70541e-09 2.04780e-10 2.63554e-10
   874 4.42925e-09 5.97470e-09 1.99820e-10 2.56870e-10
   875 4.07015e-09 5.45480e-09 1.94963e-10 2.50339e-10
   876 4.27734e-09 5.76460e-09 1.90197e-10 2.43933e-10
   877 4.01948e-09 5.38521e-09 1.85465e-10 2.37576e-10
   878 3.93329e-09 5.27979e-09 1.80934e-10 2.31499e-10
   879 4.03040e-09 5.38545e-09 1.76402e-10 2.25429e-10
   880 3.74978e-09 4.99914e-09 1.71981e-10 2.19528e-10
   881 3.91325e-09 5.23288e-09 1.67630e-10 2.13719e-10
   882 3.69829e-09 4.91462e-09 1.63313e-10 2.07965e-10
   883 3.73179e-09 4.98079e-09 1.59104e-10 2.02358e-10
   884 3.70387e-09 4.91063e-09 1.54896e-10 1.96760e-10
   885 3.29387e-09 4.36288e-09 1.50945e-10 1.91525e-10
   886 3.75104e-09 4.98200e-09 1.46972e-10 1.86255e-10
   887 3.34508e-09 4.42054e-09 1.42974e-10 1.80959e-10
   888 3.55963e-09 4.70736e-09 1.39086e-10 1.75818e-10
   889 3.28897e-09 4.33394e-09 1.35233e-10 1.70733e-10
   890 3.26256e-09 4.30757e-09 1.31551e-10 1.65875e-10
   891 3.30254e-09 4.34572e-09 1.27865e-10 1.61017e-10
   892 3.10179e-09 4.06464e-09 1.24274e-10 1.56301e-10
   893 3.28509e-09 4.31604e-09 1.20697e-10 1.51608e-10
   894 2.85954e-09 3.74892e-09 1.17264e-10 1.47102e-10
   895 3.17505e-09 4.15188e-09 1.13894e-10 1.42690e-10
   896 2.91978e-09 3.82124e-09 1.10493e-10 1.38240e-10
   897 2.83261e-09 3.67729e-09 1.07285e-10 1.34059e-10
   898 3.01642e-09 3.94212e-09 1.04027e-10 1.29816e-10
   899 2.76616e-09 3.58666e-09 1.00812e-10 1.25629e-10
   900 2.85703e-09 3.72402e-09 9.76862e-11 1.21566e-10
   901 2.67989e-09 3.46837e-09 9.46128e-11 1.17574e-10
   902 2.58322e-09 3.34369e-09 9.16941e-11 1.13797e-10
   903 2.68619e-09 3.47619e-09 8.87751e-11 1.10019e-10
   904 2.51431e-09 3.22793e-09 8.58981e-11 1.06310e-10
   905 2.66880e-09 3.45668e-09 8.30339e-11 1.02617e-10
   906 2.43372e-09 3.11990e-09 8.02184e-11 9.89884e-11
   907 2.45233e-09 3.15824e-09 7.75234e-11 9.55256e-11
   908 2.43786e-09 3.11936e-09 7.48291e-11 9.20668e-11
   909 2.13408e-09 2.72641e-09 7.23164e-11 8.88542e-11
   910 2.53858e-09 3.25016e-09 6.97542e-11 8.55771e-11
   911 2.10288e-09 2.67998e-09 6.72129e-11 8.23308e-11
   912 2.39266e-09 3.04868e-09 6.47503e-11 7.91927e-11
   913 2.08727e-09 2.65487e-09 6.22994e-11 7.60725e-11
   914 2.04527e-09 2.57642e-09 6.00375e-11 7.32093e-11
   915 2.19600e-09 2.80097e-09 5.77196e-11 7.02709e-11
   916 1.97947e-09 2.48931e-09 5.54412e-11 6.73850e-11
   917 2.09176e-09 2.65528e-09 5.32206e-11 6.45792e-11
   918 1.96085e-09 2.45894e-09 5.10129e-11 6.17935e-11
   919 1.84116e-09 2.32055e-09 4.89439e-11 5.91925e-11
   920 1.98261e-09 2.48304e-09 4.68655e-11 5.65814e-11
   921 1.60543e-09 2.00778e-09 4.49238e-11 5.41512e-11
   922 2.08376e-09 2.60759e-09 4.29333e-11 5.16611e-11
   923 1.57185e-09 1.96049e-09 4.09651e-11 4.92019e-11
   924 1.82549e-09 2.27493e-09 3.91292e-11 4.69131e-11
   925 1.64581e-09 2.04350e-09 3.72534e-11 4.45797e-11
   926 1.47085e-09 1.80978e-09 3.55713e-11 4.25005e-11
   927 1.80723e-09 2.24783e-09 3.38085e-11 4.03192e-11
   928 1.44526e-09 1.77616e-09 3.20624e-11 3.81600e-11
   929 1.64764e-09 2.03394e-09 3.03994e-11 3.61115e-11
   930 1.42790e-09 1.75180e-09 2.87477e-11 3.40788e-11
   931 1.40445e-09 1.71482e-09 2.72258e-11 3.22161e-11
   932 1.45550e-09 1.78696e-09 2.56909e-11 3.03367e-11
   933 1.24837e-09 1.50725e-09 2.42439e-11 2.85746e-11
   934 1.46348e-09 1.79612e-09 2.27944e-11 2.68098e-11
   935 1.28828e-09 1.54826e-09 2.13241e-11 2.50237e-11
   936 1.21875e-09 1.48705e-09 1.99845e-11 2.34016e-11
   937 1.31825e-09 1.58192e-09 1.86307e-11 2.17637e-11
   938 8.60357e-10 1.03406e-09 1.74861e-11 2.03891e-11
   939 1.43513e-09 1.73125e-09 1.62891e-11 1.89476e-11
   940 9.15699e-10 1.08832e-09 1.50586e-11 1.74733e-11
   941 1.23255e-09 1.48211e-09 1.39249e-11 1.61175e-11
   942 9.58511e-10 1.13204e-09 1.27673e-11 1.47375e-11
   943 8.14172e-10 9.70876e-10 1.18290e-11 1.36241e-11
   944 1.19844e-09 1.41564e-09 1.07754e-11 1.23741e-11
   945 6.42270e-10 7.57926e-10 9.83145e-12 1.12595e-11
   946 1.22173e-09 1.43660e-09 8.87833e-12 1.01370e-11
   947 5.90457e-10 6.91488e-10 7.96113e-12 9.06042e-12
   948 9.09693e-10 1.06691e-09 7.18160e-12 8.14679e-12
   949 7.10957e-10 8.20880e-10 6.33155e-12 7.15727e-12
   950 5.08290e-10 5.88251e-10 5.69549e-12 6.42206e-12
   951 9.50544e-10 1.09522e-09 4.95221e-12 5.56395e-12
   952 4.52944e-10 5.19141e-10 4.24670e-12 4.75293e-12
   953 8.21408e-10 9.36385e-10 3.59679e-12 4.01025e-12
   954 3.84152e-10 4.35679e-10 2.99340e-12 3.32394e-12
   955 3.66463e-10 4.13804e-10 2.60028e-12 2.87906e-12
   956 6.51389e-10 7.31923e-10 2.08186e-12 2.29524e-12
   957 2.95133e-10 3.29298e-10 1.61138e-12 1.76821e-12
   958 5.15789e-10 5.71822e-10 1.19856e-12 1.30921e-12
   959 2.24136e-10 2.46696e-10 8.33493e-13 9.05738e-13
   960 3.69018e-10 4.03040e-10 5.30654e-13 5.73806e-13
   961 1.36726e-10 1.48080e-10 2.87075e-13 3.08705e-13
   962 1.07550e-10 1.16041e-10 1.60654e-13 1.72033e-13
   963 1.14641e-10 1.22415e-10 4.52692e-14 4.81890e-14
   964 1.05385e-11 1.11435e-11 0.00000e+00 0.00000e+00
