1.000000e-04 5.359002e-01 4.738767e-01 2.176106e-05 6.831774e-05 2.443661e-04 1.744207e-04 1.088053e-05 4.724099e-05 4.948569e-03 5.316996e-03 6.882465e-03 6.917188e-03 
1.140625e-04 5.359207e-01 4.738679e-01 2.831831e-05 8.900325e-05 3.181501e-04 2.269816e-04 1.415915e-05 6.147417e-05 5.643452e-03 6.065176e-03 7.851249e-03 7.889337e-03 
1.301025e-04 5.359686e-01 4.739473e-01 3.680489e-05 1.155070e-04 4.129595e-04 2.947267e-04 1.840244e-05 7.983095e-05 6.432518e-03 6.912160e-03 8.948990e-03 8.990770e-03 
1.483982e-04 5.359296e-01 4.739932e-01 4.778756e-05 1.498091e-04 5.358884e-04 3.825748e-04 2.389378e-05 1.036282e-04 7.332244e-03 7.878226e-03 1.019858e-02 1.024903e-02 
1.692667e-04 5.360441e-01 4.738612e-01 6.203632e-05 1.943711e-04 6.955098e-04 4.965598e-04 3.101816e-05 1.345071e-04 8.357490e-03 8.976424e-03 1.162197e-02 1.167736e-02 
1.930698e-04 5.360289e-01 4.739574e-01 8.066266e-05 2.528510e-04 9.045050e-04 6.456716e-04 4.033133e-05 1.748972e-04 9.527011e-03 1.023845e-02 1.325190e-02 1.331827e-02 
2.202202e-04 5.360835e-01 4.739681e-01 1.047816e-04 3.280595e-04 1.173800e-03 8.380920e-04 5.239078e-05 2.270384e-04 1.085579e-02 1.166808e-02 1.510007e-02 1.517586e-02 
2.511886e-04 5.361073e-01 4.739569e-01 1.358544e-04 4.252147e-04 1.522241e-03 1.087322e-03 6.792719e-05 2.945431e-04 1.237254e-02 1.329084e-02 1.720076e-02 1.729485e-02 
2.865120e-04 5.361192e-01 4.739937e-01 1.765301e-04 5.518147e-04 1.974152e-03 1.409368e-03 8.826505e-05 3.818820e-04 1.409500e-02 1.514398e-02 1.960376e-02 1.969918e-02 
3.268028e-04 5.362053e-01 4.741126e-01 2.286311e-04 7.141778e-04 2.559309e-03 1.829216e-03 1.143155e-04 4.955362e-04 1.605659e-02 1.725231e-02 2.232403e-02 2.244455e-02 
3.727594e-04 5.363376e-01 4.740372e-01 2.966168e-04 9.261228e-04 3.314824e-03 2.366917e-03 1.483084e-04 6.413803e-04 1.828511e-02 1.964921e-02 2.542966e-02 2.555758e-02 
4.251786e-04 5.363479e-01 4.741017e-01 3.841128e-04 1.196390e-03 4.285039e-03 3.061412e-03 1.920564e-04 8.296930e-04 2.082168e-02 2.236208e-02 2.894862e-02 2.909179e-02 
4.849693e-04 5.364417e-01 4.741390e-01 4.971642e-04 1.545524e-03 5.537789e-03 3.958241e-03 2.485821e-04 1.072898e-03 2.370315e-02 2.544632e-02 3.293841e-02 3.311761e-02 
5.531681e-04 5.365336e-01 4.742317e-01 6.438582e-04 1.998426e-03 7.164813e-03 5.122268e-03 3.219291e-04 1.388509e-03 2.696988e-02 2.896998e-02 3.748904e-02 3.768823e-02 
6.309573e-04 5.366525e-01 4.742380e-01 8.324644e-04 2.576371e-03 9.240194e-03 6.607349e-03 4.162322e-04 1.791640e-03 3.069642e-02 3.294921e-02 4.264139e-02 4.288874e-02 
7.196857e-04 5.367291e-01 4.742612e-01 1.074586e-03 3.317113e-03 1.190031e-02 8.512193e-03 5.372932e-04 2.308746e-03 3.488450e-02 3.746075e-02 4.847364e-02 4.874377e-02 
8.208914e-04 5.368573e-01 4.743617e-01 1.386737e-03 4.266796e-03 1.531461e-02 1.095962e-02 6.933683e-04 2.973358e-03 3.966314e-02 4.258472e-02 5.510646e-02 5.541276e-02 
9.363292e-04 5.370559e-01 4.744920e-01 1.784879e-03 5.467439e-03 1.964665e-02 1.406907e-02 8.924396e-04 3.818146e-03 4.503815e-02 4.834002e-02 6.254895e-02 6.290773e-02 
1.068000e-03 5.372890e-01 4.747037e-01 2.293909e-03 6.996347e-03 2.513607e-02 1.800205e-02 1.146954e-03 4.888283e-03 5.109815e-02 5.484790e-02 7.097146e-02 7.137551e-02 
1.218188e-03 5.374477e-01 4.747989e-01 2.936884e-03 8.894250e-03 3.199075e-02 2.293069e-02 1.468442e-03 6.230387e-03 5.787819e-02 6.211919e-02 8.037157e-02 8.084146e-02 
1.389495e-03 5.377945e-01 4.752940e-01 3.749320e-03 1.126373e-02 4.049810e-02 2.901989e-02 1.874660e-03 7.892947e-03 6.543185e-02 7.022310e-02 9.085824e-02 9.140289e-02 
1.584893e-03 5.383184e-01 4.758185e-01 4.772623e-03 1.420868e-02 5.104601e-02 3.656157e-02 2.386311e-03 9.956739e-03 7.385401e-02 7.926865e-02 1.025623e-01 1.031856e-01 
1.807769e-03 5.389207e-01 4.764469e-01 6.037052e-03 1.775932e-02 6.385643e-02 4.577942e-02 3.018526e-03 1.248259e-02 8.314290e-02 8.923170e-02 1.154254e-01 1.161903e-01 
2.061986e-03 5.397739e-01 4.773235e-01 7.611343e-03 2.208759e-02 7.937892e-02 5.689719e-02 3.805672e-03 1.554147e-02 9.336318e-02 1.001768e-01 1.295842e-01 1.304904e-01 
2.351953e-03 5.406099e-01 4.783529e-01 9.534592e-03 2.728215e-02 9.788322e-02 7.008936e-02 4.767296e-03 1.918578e-02 1.044715e-01 1.121306e-01 1.449848e-01 1.461492e-01 
2.682696e-03 5.418619e-01 4.797841e-01 1.187342e-02 3.338232e-02 1.196428e-01 8.564684e-02 5.936708e-03 2.350103e-02 1.164907e-01 1.250482e-01 1.617390e-01 1.629745e-01 
3.059950e-03 5.430519e-01 4.812567e-01 1.468780e-02 4.056255e-02 1.450215e-01 1.036747e-01 7.343902e-03 2.852763e-02 1.294128e-01 1.389349e-01 1.796956e-01 1.811929e-01 
3.490255e-03 5.446201e-01 4.830849e-01 1.802938e-02 4.889622e-02 1.741813e-01 1.242797e-01 9.014692e-03 3.430581e-02 1.431373e-01 1.536984e-01 1.987826e-01 2.005922e-01 
3.981072e-03 5.465097e-01 4.852480e-01 2.198402e-02 5.840052e-02 2.072111e-01 1.474848e-01 1.099201e-02 4.086145e-02 1.576226e-01 1.693003e-01 2.190051e-01 2.210676e-01 
4.540910e-03 5.484542e-01 4.877341e-01 2.661811e-02 6.931350e-02 2.446510e-01 1.736061e-01 1.330906e-02 4.828958e-02 1.728395e-01 1.858053e-01 2.402786e-01 2.428327e-01 
5.179475e-03 5.504670e-01 4.904382e-01 3.196179e-02 8.157304e-02 2.863249e-01 2.025201e-01 1.598089e-02 5.656764e-02 1.886460e-01 2.029634e-01 2.623967e-01 2.655050e-01 
5.907838e-03 5.527685e-01 4.933665e-01 3.817346e-02 9.539880e-02 3.327307e-01 2.344580e-01 1.908673e-02 6.579274e-02 2.051581e-01 2.209842e-01 2.856967e-01 2.892248e-01 
6.738627e-03 5.548999e-01 4.965267e-01 4.519471e-02 1.107819e-01 3.835070e-01 2.689370e-01 2.259736e-02 7.583988e-02 2.220384e-01 2.394722e-01 3.094761e-01 3.138235e-01 
7.686246e-03 5.573608e-01 4.998995e-01 5.316938e-02 1.277785e-01 4.387250e-01 3.060709e-01 2.658469e-02 8.677040e-02 2.393428e-01 2.585941e-01 3.341331e-01 3.390963e-01 
8.767124e-03 5.596760e-01 5.033874e-01 6.216715e-02 1.465578e-01 4.990366e-01 3.462986e-01 3.108357e-02 9.870783e-02 2.571283e-01 2.783362e-01 3.593924e-01 3.654193e-01 
1.000000e-02 5.619956e-01 5.068263e-01 7.226525e-02 1.672409e-01 5.645301e-01 3.894825e-01 3.613262e-02 1.116498e-01 2.754200e-01 2.986926e-01 3.856543e-01 3.924187e-01 
1.140625e-02 5.641460e-01 5.102881e-01 8.350381e-02 1.898707e-01 6.353986e-01 4.357908e-01 4.175190e-02 1.256406e-01 2.940355e-01 3.196863e-01 4.124402e-01 4.203757e-01 
1.301025e-02 5.664038e-01 5.138867e-01 9.600659e-02 2.145656e-01 7.119556e-01 4.853961e-01 4.800330e-02 1.407694e-01 3.131073e-01 3.412854e-01 4.399704e-01 4.491226e-01 
1.483982e-02 5.684800e-01 5.173983e-01 1.099335e-01 2.417843e-01 7.950667e-01 5.385404e-01 5.496675e-02 1.571219e-01 3.325984e-01 3.636891e-01 4.682801e-01 4.790056e-01 
1.692667e-02 5.703829e-01 5.207628e-01 1.252714e-01 2.713204e-01 8.849285e-01 5.958279e-01 6.263572e-02 1.748576e-01 3.525823e-01 3.868786e-01 4.974822e-01 5.097935e-01 
1.930698e-02 5.723593e-01 5.244637e-01 1.422412e-01 3.035833e-01 9.812751e-01 6.560500e-01 7.112060e-02 1.937622e-01 3.729618e-01 4.106911e-01 5.276386e-01 5.413739e-01 
2.202202e-02 5.742824e-01 5.281069e-01 1.610309e-01 3.390114e-01 1.086299e+00 7.213545e-01 8.051543e-02 2.143885e-01 3.938991e-01 4.355201e-01 5.585873e-01 5.744510e-01 
2.511886e-02 5.761601e-01 5.318505e-01 1.816828e-01 3.773106e-01 1.197518e+00 7.889888e-01 9.084141e-02 2.361011e-01 4.151135e-01 4.609617e-01 5.904965e-01 6.081172e-01 
2.865120e-02 5.779030e-01 5.354766e-01 2.044571e-01 4.193232e-01 1.318648e+00 8.622302e-01 1.022286e-01 2.597466e-01 4.369766e-01 4.876080e-01 6.234707e-01 6.434082e-01 
3.268028e-02 5.795620e-01 5.391173e-01 2.295786e-01 4.651856e-01 1.448596e+00 9.392621e-01 1.147893e-01 2.850050e-01 4.593807e-01 5.153167e-01 6.577430e-01 6.799151e-01 
3.727594e-02 5.811080e-01 5.430339e-01 2.574782e-01 5.156085e-01 1.588793e+00 1.020442e+00 1.287391e-01 3.120851e-01 4.824757e-01 5.439844e-01 6.933339e-01 7.178735e-01 
4.251786e-02 5.827555e-01 5.469792e-01 2.881749e-01 5.707538e-01 1.739550e+00 1.106017e+00 1.440874e-01 3.410273e-01 5.060464e-01 5.739932e-01 7.302716e-01 7.573238e-01 
4.849693e-02 5.838058e-01 5.507177e-01 3.222656e-01 6.319750e-01 1.904115e+00 1.197241e+00 1.611328e-01 3.723627e-01 5.306603e-01 6.055667e-01 7.692429e-01 7.988801e-01 
5.531681e-02 5.850773e-01 5.544530e-01 3.602238e-01 6.996328e-01 2.084348e+00 1.295633e+00 1.801119e-01 4.065765e-01 5.563042e-01 6.391048e-01 8.102426e-01 8.427079e-01 
6.309573e-02 5.863169e-01 5.581494e-01 4.024635e-01 7.744375e-01 2.280617e+00 1.400572e+00 2.012318e-01 4.436481e-01 5.829842e-01 6.741143e-01 8.530790e-01 8.886138e-01 
7.196857e-02 5.875090e-01 5.619414e-01 4.494747e-01 8.579419e-01 2.496860e+00 1.513940e+00 2.247374e-01 4.841589e-01 6.107460e-01 7.112929e-01 8.987049e-01 9.368017e-01 
8.208914e-02 5.888365e-01 5.657910e-01 5.026640e-01 9.517340e-01 2.738048e+00 1.639273e+00 2.513320e-01 5.293538e-01 6.403277e-01 7.508386e-01 9.475402e-01 9.879327e-01 
9.363292e-02 5.899799e-01 5.696913e-01 5.613714e-01 1.055671e+00 3.002637e+00 1.773987e+00 2.806857e-01 5.784764e-01 6.708187e-01 7.924091e-01 9.988970e-01 1.041189e+00 
1.068000e-01 5.912064e-01 5.734204e-01 6.268184e-01 1.171420e+00 3.296635e+00 1.923169e+00 3.134092e-01 6.330797e-01 7.028750e-01 8.363497e-01 1.053574e+00 1.096713e+00 
1.218188e-01 5.923449e-01 5.770265e-01 6.988946e-01 1.300101e+00 3.620162e+00 2.084579e+00 3.494473e-01 6.926751e-01 7.362855e-01 8.823538e-01 1.111512e+00 1.154282e+00 
1.389495e-01 5.932101e-01 5.807746e-01 7.770316e-01 1.442033e+00 3.971689e+00 2.255144e+00 3.885158e-01 7.563949e-01 7.701933e-01 9.301416e-01 1.172045e+00 1.213573e+00 
1.584893e-01 5.934589e-01 5.841273e-01 8.614702e-01 1.597819e+00 4.354812e+00 2.438521e+00 4.307351e-01 8.250355e-01 8.053359e-01 9.796065e-01 1.236040e+00 1.274244e+00 
1.807769e-01 5.932827e-01 5.872072e-01 9.519800e-01 1.765244e+00 4.766946e+00 2.634632e+00 4.759900e-01 8.986170e-01 8.408361e-01 1.030804e+00 1.303386e+00 1.334902e+00 
2.061986e-01 5.929020e-01 5.901098e-01 1.048113e+00 1.942015e+00 5.201062e+00 2.838676e+00 5.240563e-01 9.760443e-01 8.767059e-01 1.082817e+00 1.372723e+00 1.395460e+00 
2.351953e-01 5.924199e-01 5.937262e-01 1.148625e+00 2.126926e+00 5.641429e+00 3.033495e+00 5.743126e-01 1.053222e+00 9.119030e-01 1.133614e+00 1.443224e+00 1.453838e+00 
2.682696e-01 5.923665e-01 5.980975e-01 1.250748e+00 2.311052e+00 6.068280e+00 3.210269e+00 6.253739e-01 1.127283e+00 9.446713e-01 1.181847e+00 1.512502e+00 1.507042e+00 
3.059950e-01 5.938210e-01 6.042944e-01 1.349302e+00 2.477955e+00 6.436586e+00 3.344130e+00 6.746512e-01 1.191139e+00 9.722179e-01 1.223234e+00 1.574012e+00 1.551572e+00 
3.490255e-01 5.969917e-01 6.111878e-01 1.437017e+00 2.611639e+00 6.721572e+00 3.433162e+00 7.185086e-01 1.242206e+00 9.926908e-01 1.256646e+00 1.623156e+00 1.585139e+00 
3.981072e-01 6.013396e-01 6.171017e-01 1.506238e+00 2.698573e+00 6.903477e+00 3.482655e+00 7.531192e-01 1.278209e+00 1.008004e+00 1.277882e+00 1.656234e+00 1.606708e+00 
4.540910e-01 6.057123e-01 6.209388e-01 1.547339e+00 2.730775e+00 6.967009e+00 3.495757e+00 7.736693e-01 1.296140e+00 1.018257e+00 1.283739e+00 1.669108e+00 1.615878e+00 
5.179475e-01 6.089381e-01 6.229997e-01 1.553138e+00 2.707756e+00 6.909460e+00 3.467086e+00 7.765688e-01 1.292508e+00 1.021599e+00 1.274533e+00 1.660789e+00 1.612837e+00 
5.907838e-01 6.118411e-01 6.236229e-01 1.525846e+00 2.633949e+00 6.749857e+00 3.416941e+00 7.629228e-01 1.271235e+00 1.019737e+00 1.252554e+00 1.636175e+00 1.597786e+00 
6.738627e-01 6.144680e-01 6.217127e-01 1.465226e+00 2.518373e+00 6.496149e+00 3.336137e+00 7.326132e-01 1.231350e+00 1.012150e+00 1.217899e+00 1.599367e+00 1.567053e+00 
7.686246e-01 6.127049e-01 6.161783e-01 1.372034e+00 2.373683e+00 6.172273e+00 3.216613e+00 6.860168e-01 1.172399e+00 9.881196e-01 1.178262e+00 1.548855e+00 1.521516e+00 
8.767124e-01 6.066481e-01 6.096300e-01 1.280790e+00 2.247658e+00 5.863597e+00 3.066736e+00 6.403951e-01 1.108647e+00 9.479324e-01 1.146867e+00 1.494020e+00 1.474686e+00 
