1.000000e-04 5.189488e-01 4.663868e-01 2.379878e-05 8.325436e-05 2.904236e-04 2.036133e-04 1.189939e-05 5.476594e-05 5.197417e-03 5.772662e-03 7.314908e-03 7.533554e-03 
1.140625e-04 5.188911e-01 4.664411e-01 3.090897e-05 1.080511e-04 3.767179e-04 2.640824e-04 1.545448e-05 7.103469e-05 5.925696e-03 6.580004e-03 8.340002e-03 8.587102e-03 
1.301025e-04 5.190076e-01 4.663652e-01 4.017478e-05 1.406013e-04 4.900947e-04 3.434017e-04 2.008739e-05 9.236884e-05 6.755688e-03 7.502392e-03 9.508233e-03 9.790434e-03 
1.483982e-04 5.188918e-01 4.663639e-01 5.219273e-05 1.824318e-04 6.367980e-04 4.466657e-04 2.609636e-05 1.201357e-04 7.702509e-03 8.554741e-03 1.083875e-02 1.116393e-02 
1.692667e-04 5.189384e-01 4.664471e-01 6.776291e-05 2.368887e-04 8.263728e-04 5.794223e-04 3.388146e-05 1.558565e-04 8.779048e-03 9.747869e-03 1.235234e-02 1.272430e-02 
1.930698e-04 5.190023e-01 4.664158e-01 8.800583e-05 3.073460e-04 1.072019e-03 7.517590e-04 4.400292e-05 2.022233e-04 1.000505e-02 1.110718e-02 1.407906e-02 1.449540e-02 
2.202202e-04 5.190590e-01 4.664365e-01 1.140632e-04 3.982161e-04 1.389734e-03 9.747581e-04 5.703161e-05 2.622074e-04 1.139516e-02 1.265018e-02 1.603233e-02 1.651013e-02 
2.511886e-04 5.191427e-01 4.665483e-01 1.480284e-04 5.164420e-04 1.802493e-03 1.264425e-03 7.401422e-05 3.401476e-04 1.298575e-02 1.441035e-02 1.826502e-02 1.881175e-02 
2.865120e-04 5.191682e-01 4.665166e-01 1.920405e-04 6.686418e-04 2.336713e-03 1.640359e-03 9.602025e-05 4.412916e-04 1.479562e-02 1.642192e-02 2.081254e-02 2.143126e-02 
3.268028e-04 5.192589e-01 4.664507e-01 2.488712e-04 8.667904e-04 3.026145e-03 2.123141e-03 1.244356e-04 5.712140e-04 1.684736e-02 1.870242e-02 2.370426e-02 2.440357e-02 
3.727594e-04 5.193085e-01 4.665856e-01 3.222469e-04 1.120830e-03 3.915334e-03 2.747841e-03 1.611235e-04 7.393562e-04 1.918090e-02 2.128913e-02 2.697773e-02 2.778475e-02 
4.251786e-04 5.193664e-01 4.665593e-01 4.168521e-04 1.447375e-03 5.061477e-03 3.554120e-03 2.084261e-04 9.563720e-04 2.183117e-02 2.422892e-02 3.070234e-02 3.162150e-02 
4.849693e-04 5.193719e-01 4.665429e-01 5.392437e-04 1.869960e-03 6.538013e-03 4.591415e-03 2.696219e-04 1.235594e-03 2.484461e-02 2.757020e-02 3.492715e-02 3.599000e-02 
5.531681e-04 5.194029e-01 4.664300e-01 6.967051e-04 2.413040e-03 8.441593e-03 5.930167e-03 3.483526e-04 1.595986e-03 2.826394e-02 3.135711e-02 3.973274e-02 4.092709e-02 
6.309573e-04 5.196178e-01 4.666547e-01 9.000003e-04 3.105515e-03 1.087700e-02 7.648080e-03 4.500001e-04 2.058701e-03 3.214332e-02 3.564965e-02 4.516163e-02 4.654340e-02 
7.196857e-04 5.196245e-01 4.666035e-01 1.159455e-03 3.995301e-03 1.399434e-02 9.839074e-03 5.797273e-04 2.648981e-03 3.653757e-02 4.051834e-02 5.133002e-02 5.289805e-02 
8.208914e-04 5.197853e-01 4.666468e-01 1.491718e-03 5.123047e-03 1.796220e-02 1.263706e-02 7.458589e-04 3.403158e-03 4.149534e-02 4.599833e-02 5.826990e-02 6.006707e-02 
9.363292e-04 5.198814e-01 4.665952e-01 1.915736e-03 6.557712e-03 2.300472e-02 1.618983e-02 9.578679e-04 4.361043e-03 4.709381e-02 5.221377e-02 6.614357e-02 6.816046e-02 
1.068000e-03 5.200747e-01 4.667374e-01 2.455482e-03 8.354453e-03 2.934256e-02 2.067155e-02 1.227741e-03 5.570549e-03 5.338543e-02 5.916133e-02 7.493732e-02 7.724662e-02 
1.218188e-03 5.204257e-01 4.669131e-01 3.133702e-03 1.059390e-02 3.726983e-02 2.628575e-02 1.566851e-03 7.086852e-03 6.041756e-02 6.696299e-02 8.478682e-02 8.742857e-02 
1.389495e-03 5.207655e-01 4.673524e-01 3.989205e-03 1.336772e-02 4.708026e-02 3.323078e-02 1.994603e-03 8.966830e-03 6.825872e-02 7.562111e-02 9.575703e-02 9.874906e-02 
1.584893e-03 5.213362e-01 4.677406e-01 5.053524e-03 1.678074e-02 5.916624e-02 4.180188e-02 2.526762e-03 1.128829e-02 7.695114e-02 8.524970e-02 1.079083e-01 1.113355e-01 
1.807769e-03 5.219329e-01 4.683724e-01 6.373403e-03 2.089437e-02 7.371953e-02 5.210561e-02 3.186701e-03 1.409005e-02 8.653293e-02 9.582002e-02 1.213262e-01 1.251347e-01 
2.061986e-03 5.228573e-01 4.692679e-01 7.982137e-03 2.580377e-02 9.111311e-02 6.445390e-02 3.991069e-03 1.745532e-02 9.697632e-02 1.073430e-01 1.359045e-01 1.402310e-01 
2.351953e-03 5.237436e-01 4.701897e-01 9.956094e-03 3.169701e-02 1.118670e-01 7.909998e-02 4.978047e-03 2.146183e-02 1.083592e-01 1.199583e-01 1.519029e-01 1.566962e-01 
2.682696e-03 5.250008e-01 4.714895e-01 1.232895e-02 3.856300e-02 1.360384e-01 9.618871e-02 6.164477e-03 2.615382e-02 1.205913e-01 1.334867e-01 1.690255e-01 1.744041e-01 
3.059950e-03 5.264574e-01 4.729180e-01 1.516173e-02 4.654432e-02 1.640860e-01 1.160050e-01 7.580867e-03 3.161705e-02 1.336990e-01 1.479689e-01 1.873387e-01 1.933981e-01 
3.490255e-03 5.282042e-01 4.749096e-01 1.853384e-02 5.582238e-02 1.964597e-01 1.387721e-01 9.266919e-03 3.792359e-02 1.476254e-01 1.633804e-01 2.068514e-01 2.136477e-01 
3.981072e-03 5.300301e-01 4.768425e-01 2.245518e-02 6.623328e-02 2.324734e-01 1.639648e-01 1.122759e-02 4.494854e-02 1.621859e-01 1.795338e-01 2.273389e-01 2.348285e-01 
4.540910e-03 5.320741e-01 4.792090e-01 2.706956e-02 7.811852e-02 2.732542e-01 1.923851e-01 1.353478e-02 5.292071e-02 1.775418e-01 1.965938e-01 2.489722e-01 2.572542e-01 
5.179475e-03 5.344020e-01 4.819504e-01 3.236422e-02 9.137440e-02 3.181838e-01 2.234343e-01 1.618211e-02 6.169832e-02 1.933672e-01 2.142360e-01 2.712302e-01 2.806005e-01 
5.907838e-03 5.367274e-01 4.846731e-01 3.843660e-02 1.062410e-01 3.679367e-01 2.575548e-01 1.921830e-02 7.140710e-02 2.098096e-01 2.326323e-01 2.946108e-01 3.047731e-01 
6.738627e-03 5.392207e-01 4.877436e-01 4.536390e-02 1.227813e-01 4.228581e-01 2.950288e-01 2.268195e-02 8.214024e-02 2.267262e-01 2.516962e-01 3.187127e-01 3.299048e-01 
7.686246e-03 5.416870e-01 4.908858e-01 5.315701e-02 1.409022e-01 4.821488e-01 3.350251e-01 2.657850e-02 9.370110e-02 2.440677e-01 2.713016e-01 3.435186e-01 3.557855e-01 
8.767124e-03 5.440945e-01 4.941885e-01 6.197536e-02 1.611304e-01 5.470901e-01 3.781743e-01 3.098768e-02 1.062860e-01 2.618358e-01 2.915952e-01 3.691744e-01 3.825680e-01 
1.000000e-02 5.467098e-01 4.975924e-01 7.173729e-02 1.828177e-01 6.158988e-01 4.236012e-01 3.586864e-02 1.196547e-01 2.797960e-01 3.122121e-01 3.952665e-01 4.097395e-01 
1.140625e-02 5.492436e-01 5.010995e-01 8.265431e-02 2.067028e-01 6.906567e-01 4.723422e-01 4.132715e-02 1.341309e-01 2.982891e-01 3.334786e-01 4.220571e-01 4.379935e-01 
1.301025e-02 5.514748e-01 5.045499e-01 9.471106e-02 2.326968e-01 7.705989e-01 5.236506e-01 4.735553e-02 1.495135e-01 3.170424e-01 3.553212e-01 4.496181e-01 4.668948e-01 
1.483982e-02 5.537197e-01 5.080135e-01 1.080621e-01 2.608961e-01 8.560313e-01 5.778751e-01 5.403105e-02 1.659395e-01 3.362249e-01 3.776955e-01 4.779886e-01 4.964650e-01 
1.692667e-02 5.559936e-01 5.116654e-01 1.227835e-01 2.913639e-01 9.467725e-01 6.344157e-01 6.139175e-02 1.832986e-01 3.557091e-01 4.004994e-01 5.067407e-01 5.269337e-01 
1.930698e-02 5.581515e-01 5.153071e-01 1.389443e-01 3.242264e-01 1.043021e+00 6.934768e-01 6.947215e-02 2.016527e-01 3.754625e-01 4.238587e-01 5.363943e-01 5.578723e-01 
2.202202e-02 5.601567e-01 5.189525e-01 1.567534e-01 3.600104e-01 1.145949e+00 7.554644e-01 7.837670e-02 2.211664e-01 3.956990e-01 4.478917e-01 5.666664e-01 5.900928e-01 
2.511886e-02 5.622876e-01 5.229144e-01 1.763809e-01 3.986474e-01 1.255128e+00 8.198622e-01 8.819046e-02 2.417801e-01 4.163479e-01 4.724715e-01 5.977077e-01 6.231593e-01 
2.865120e-02 5.644398e-01 5.268942e-01 1.978296e-01 4.401564e-01 1.370474e+00 8.864695e-01 9.891481e-02 2.634557e-01 4.373845e-01 4.975657e-01 6.294673e-01 6.569834e-01 
3.268028e-02 5.666033e-01 5.308340e-01 2.214609e-01 4.846228e-01 1.492388e+00 9.558806e-01 1.107304e-01 2.864399e-01 4.588625e-01 5.230553e-01 6.618679e-01 6.915118e-01 
3.727594e-02 5.689918e-01 5.351537e-01 2.475822e-01 5.330540e-01 1.623338e+00 1.028932e+00 1.237911e-01 3.110391e-01 4.811290e-01 5.494508e-01 6.955978e-01 7.273863e-01 
4.251786e-02 5.713887e-01 5.397029e-01 2.763311e-01 5.850068e-01 1.761391e+00 1.104366e+00 1.381656e-01 3.370077e-01 5.040543e-01 5.762500e-01 7.300099e-01 7.643583e-01 
4.849693e-02 5.737132e-01 5.443296e-01 3.081143e-01 6.413839e-01 1.909870e+00 1.184492e+00 1.540571e-01 3.650233e-01 5.280261e-01 6.038754e-01 7.657862e-01 8.027125e-01 
5.531681e-02 5.763702e-01 5.491113e-01 3.432079e-01 7.017336e-01 2.066181e+00 1.266915e+00 1.716040e-01 3.946108e-01 5.528501e-01 6.317965e-01 8.021302e-01 8.422932e-01 
6.309573e-02 5.788442e-01 5.539517e-01 3.818717e-01 7.676793e-01 2.234584e+00 1.353790e+00 1.909359e-01 4.263578e-01 5.786830e-01 6.607730e-01 8.398279e-01 8.837584e-01 
7.196857e-02 5.818207e-01 5.588916e-01 4.250081e-01 8.390432e-01 2.416133e+00 1.446761e+00 2.125040e-01 4.610020e-01 6.060243e-01 6.904005e-01 8.788975e-01 9.267056e-01 
8.208914e-02 5.848831e-01 5.639316e-01 4.724587e-01 9.163505e-01 2.611528e+00 1.545645e+00 2.362293e-01 4.984185e-01 6.346620e-01 7.207563e-01 9.190573e-01 9.715167e-01 
9.363292e-02 5.882615e-01 5.691204e-01 5.247108e-01 9.992456e-01 2.820733e+00 1.651225e+00 2.623554e-01 5.390236e-01 6.646645e-01 7.515961e-01 9.607915e-01 1.017191e+00 
1.068000e-01 5.919559e-01 5.743075e-01 5.825407e-01 1.089115e+00 3.046934e+00 1.764547e+00 2.912703e-01 5.832958e-01 6.963245e-01 7.834868e-01 1.004764e+00 1.064246e+00 
1.218188e-01 5.959757e-01 5.795009e-01 6.472759e-01 1.186936e+00 3.292781e+00 1.887509e+00 3.236380e-01 6.320634e-01 7.303497e-01 8.164447e-01 1.051120e+00 1.113518e+00 
1.389495e-01 6.001944e-01 5.843865e-01 7.184256e-01 1.292846e+00 3.559357e+00 2.020571e+00 3.592128e-01 6.853141e-01 7.664846e-01 8.503149e-01 1.099515e+00 1.164488e+00 
1.584893e-01 6.044792e-01 5.892239e-01 7.971369e-01 1.409228e+00 3.851701e+00 2.165555e+00 3.985685e-01 7.439827e-01 8.051725e-01 8.853399e-01 1.151060e+00 1.217358e+00 
1.807769e-01 6.084069e-01 5.943723e-01 8.822155e-01 1.535270e+00 4.163810e+00 2.314526e+00 4.411078e-01 8.058436e-01 8.455082e-01 9.203929e-01 1.205727e+00 1.270408e+00 
2.061986e-01 6.119694e-01 5.994412e-01 9.737937e-01 1.672242e+00 4.499512e+00 2.471157e+00 4.868969e-01 8.717277e-01 8.869826e-01 9.561573e-01 1.263447e+00 1.323796e+00 
2.351953e-01 6.153221e-01 6.044695e-01 1.071730e+00 1.818967e+00 4.857705e+00 2.636441e+00 5.358649e-01 9.419807e-01 9.291311e-01 9.933785e-01 1.324161e+00 1.377538e+00 
2.682696e-01 6.188089e-01 6.087525e-01 1.176555e+00 1.976331e+00 5.244212e+00 2.818789e+00 5.882773e-01 1.018285e+00 9.723383e-01 1.032493e+00 1.388462e+00 1.431138e+00 
3.059950e-01 6.221271e-01 6.121726e-01 1.283164e+00 2.136923e+00 5.643902e+00 3.013768e+00 6.415820e-01 1.097912e+00 1.015924e+00 1.070534e+00 1.453432e+00 1.482093e+00 
3.490255e-01 6.240444e-01 6.150651e-01 1.385441e+00 2.296252e+00 6.038652e+00 3.204553e+00 6.927204e-01 1.175107e+00 1.057933e+00 1.104979e+00 1.518069e+00 1.527112e+00 
3.981072e-01 6.237174e-01 6.173698e-01 1.473820e+00 2.441590e+00 6.396418e+00 3.371444e+00 7.369101e-01 1.242806e+00 1.097227e+00 1.131554e+00 1.577532e+00 1.563906e+00 
4.540910e-01 6.225391e-01 6.183211e-01 1.538247e+00 2.549709e+00 6.670011e+00 3.503882e+00 7.691234e-01 1.294719e+00 1.130433e+00 1.148200e+00 1.625953e+00 1.588048e+00 
5.179475e-01 6.211451e-01 6.180808e-01 1.568671e+00 2.605597e+00 6.810580e+00 3.570076e+00 7.843357e-01 1.319856e+00 1.155384e+00 1.149037e+00 1.656107e+00 1.596108e+00 
5.907838e-01 6.201546e-01 6.167484e-01 1.562611e+00 2.597000e+00 6.793156e+00 3.565884e+00 7.813055e-01 1.316338e+00 1.168311e+00 1.134065e+00 1.661111e+00 1.587918e+00 
6.738627e-01 6.209438e-01 6.160672e-01 1.520566e+00 2.518489e+00 6.586062e+00 3.459765e+00 7.602829e-01 1.278544e+00 1.160874e+00 1.105511e+00 1.638242e+00 1.558582e+00 
7.686246e-01 6.220929e-01 6.156617e-01 1.433922e+00 2.365935e+00 6.192324e+00 3.261631e+00 7.169609e-01 1.205054e+00 1.122965e+00 1.069068e+00 1.578434e+00 1.511312e+00 
8.767124e-01 6.206712e-01 6.113702e-01 1.313663e+00 2.175503e+00 5.731315e+00 3.048527e+00 6.568315e-01 1.116498e+00 1.051252e+00 1.040841e+00 1.488028e+00 1.456256e+00 
