1.000000e-04 5.192544e-01 4.678593e-01 2.639821e-05 9.427060e-05 3.208651e-04 2.211866e-04 1.319910e-05 5.960332e-05 5.430892e-03 6.073046e-03 7.736898e-03 7.869816e-03 
1.140625e-04 5.191603e-01 4.677703e-01 3.431093e-05 1.225729e-04 4.173054e-04 2.877930e-04 1.715547e-05 7.754267e-05 6.193764e-03 6.925334e-03 8.822563e-03 8.974936e-03 
1.301025e-04 5.192901e-01 4.677750e-01 4.458437e-05 1.591605e-04 5.417904e-04 3.736484e-04 2.229218e-05 1.006776e-04 7.058692e-03 7.893402e-03 1.005084e-02 1.023171e-02 
1.483982e-04 5.192207e-01 4.677853e-01 5.790532e-05 2.063582e-04 7.030324e-04 4.850769e-04 2.895266e-05 1.307140e-04 8.048619e-03 8.996276e-03 1.146487e-02 1.165659e-02 
1.692667e-04 5.192686e-01 4.677132e-01 7.513086e-05 2.676920e-04 9.120568e-04 6.292417e-04 3.756543e-05 1.695644e-04 9.168615e-03 1.025217e-02 1.305862e-02 1.328375e-02 
1.930698e-04 5.193183e-01 4.678587e-01 9.751051e-05 3.474279e-04 1.183641e-03 8.165058e-04 4.875525e-05 2.200396e-04 1.044569e-02 1.168121e-02 1.487673e-02 1.513800e-02 
2.202202e-04 5.193582e-01 4.678738e-01 1.266052e-04 4.508829e-04 1.535546e-03 1.058769e-03 6.330262e-05 2.853611e-04 1.190380e-02 1.331092e-02 1.695534e-02 1.724794e-02 
2.511886e-04 5.193381e-01 4.677721e-01 1.641240e-04 5.847114e-04 1.992464e-03 1.374689e-03 8.206202e-05 3.704514e-04 1.356406e-02 1.516594e-02 1.931343e-02 1.965491e-02 
2.865120e-04 5.194098e-01 4.679182e-01 2.128418e-04 7.567279e-04 2.581233e-03 1.782566e-03 1.064209e-04 4.803910e-04 1.544729e-02 1.727039e-02 2.199530e-02 2.237930e-02 
3.268028e-04 5.194926e-01 4.678960e-01 2.757125e-04 9.802701e-04 3.341077e-03 2.305619e-03 1.378562e-04 6.214648e-04 1.759035e-02 1.967033e-02 2.505531e-02 2.548130e-02 
3.727594e-04 5.195527e-01 4.678943e-01 3.574625e-04 1.267652e-03 4.325563e-03 2.988693e-03 1.787312e-04 8.055616e-04 2.003283e-02 2.239304e-02 2.852241e-02 2.901530e-02 
4.251786e-04 5.197110e-01 4.680763e-01 4.622252e-04 1.640093e-03 5.597205e-03 3.866963e-03 2.311126e-04 1.042288e-03 2.279442e-02 2.548417e-02 3.245554e-02 3.301777e-02 
4.849693e-04 5.196819e-01 4.678446e-01 5.974702e-04 2.114596e-03 7.219740e-03 4.989619e-03 2.987351e-04 1.345140e-03 2.594178e-02 2.899292e-02 3.692413e-02 3.756563e-02 
5.531681e-04 5.198351e-01 4.679876e-01 7.722335e-04 2.726005e-03 9.310995e-03 6.435911e-03 3.861168e-04 1.735353e-03 2.950486e-02 3.297252e-02 4.199731e-02 4.271598e-02 
6.309573e-04 5.198599e-01 4.679379e-01 9.959094e-04 3.510581e-03 1.200433e-02 8.305226e-03 4.979547e-04 2.239418e-03 3.354876e-02 3.748278e-02 4.773186e-02 4.856819e-02 
7.196857e-04 5.200946e-01 4.679029e-01 1.284642e-03 4.518000e-03 1.544571e-02 1.068424e-02 6.423210e-04 2.881819e-03 3.813271e-02 4.260132e-02 5.424928e-02 5.519471e-02 
8.208914e-04 5.201574e-01 4.680204e-01 1.651935e-03 5.791476e-03 1.981608e-02 1.371697e-02 8.259675e-04 3.700482e-03 4.328873e-02 4.835352e-02 6.157342e-02 6.265110e-02 
9.363292e-04 5.203267e-01 4.680422e-01 2.120724e-03 7.403239e-03 2.534260e-02 1.754695e-02 1.060362e-03 4.735678e-03 4.910489e-02 5.486453e-02 6.985167e-02 7.106915e-02 
1.068000e-03 5.204643e-01 4.681562e-01 2.718740e-03 9.444468e-03 3.235505e-02 2.241857e-02 1.359370e-03 6.053062e-03 5.567129e-02 6.220095e-02 7.920810e-02 8.054567e-02 
1.218188e-03 5.206991e-01 4.684060e-01 3.463379e-03 1.194128e-02 4.094816e-02 2.839706e-02 1.731689e-03 7.672179e-03 6.294980e-02 7.030950e-02 8.952084e-02 9.106993e-02 
1.389495e-03 5.211001e-01 4.687888e-01 4.405039e-03 1.504933e-02 5.164882e-02 3.583603e-02 2.202520e-03 9.690605e-03 7.108441e-02 7.936874e-02 1.010789e-01 1.027992e-01 
1.584893e-03 5.216113e-01 4.691808e-01 5.576707e-03 1.885959e-02 6.478175e-02 4.498347e-02 2.788354e-03 1.217713e-02 8.010547e-02 8.944664e-02 1.139151e-01 1.158178e-01 
1.807769e-03 5.224359e-01 4.699890e-01 7.027844e-03 2.346326e-02 8.058813e-02 5.596071e-02 3.513922e-03 1.517090e-02 8.998316e-02 1.004431e-01 1.279422e-01 1.300737e-01 
2.061986e-03 5.232602e-01 4.709791e-01 8.795037e-03 2.897312e-02 9.948790e-02 6.908971e-02 4.397518e-03 1.876053e-02 1.007546e-01 1.125097e-01 1.432769e-01 1.457147e-01 
2.351953e-03 5.243665e-01 4.719743e-01 1.095490e-02 3.550990e-02 1.218919e-01 8.463731e-02 5.477450e-03 2.302781e-02 1.124900e-01 1.256029e-01 1.599681e-01 1.626642e-01 
2.682696e-03 5.255040e-01 4.732306e-01 1.355515e-02 4.317534e-02 1.480891e-01 1.028108e-01 6.777576e-03 2.803520e-02 1.250985e-01 1.397219e-01 1.779618e-01 1.809313e-01 
3.059950e-03 5.270998e-01 4.748818e-01 1.665799e-02 5.202299e-02 1.781840e-01 1.235987e-01 8.328994e-03 3.379454e-02 1.385111e-01 1.547268e-01 1.971196e-01 2.003533e-01 
3.490255e-03 5.288100e-01 4.768688e-01 2.031711e-02 6.216673e-02 2.123624e-01 1.470927e-01 1.015855e-02 4.034230e-02 1.526979e-01 1.706362e-01 2.174403e-01 2.209946e-01 
3.981072e-03 5.308684e-01 4.790753e-01 2.462348e-02 7.381722e-02 2.513487e-01 1.737402e-01 1.231174e-02 4.781037e-02 1.676437e-01 1.874749e-01 2.389421e-01 2.427711e-01 
4.540910e-03 5.328554e-01 4.815113e-01 2.961288e-02 8.678830e-02 2.944346e-01 2.030969e-01 1.480644e-02 5.609879e-02 1.832327e-01 2.050069e-01 2.614169e-01 2.655128e-01 
5.179475e-03 5.351947e-01 4.841901e-01 3.538981e-02 1.015233e-01 3.427957e-01 2.357006e-01 1.769491e-02 6.536418e-02 1.994220e-01 2.234419e-01 2.849194e-01 2.893555e-01 
5.907838e-03 5.375449e-01 4.871568e-01 4.196795e-02 1.177794e-01 3.954469e-01 2.709085e-01 2.098398e-02 7.545569e-02 2.160818e-01 2.424017e-01 3.092734e-01 3.138652e-01 
6.738627e-03 5.399532e-01 4.902699e-01 4.949004e-02 1.359259e-01 4.536495e-01 3.095738e-01 2.474502e-02 8.661956e-02 2.333020e-01 2.621034e-01 3.345385e-01 3.393761e-01 
7.686246e-03 5.425711e-01 4.936570e-01 5.795521e-02 1.558133e-01 5.166968e-01 3.510302e-01 2.897761e-02 9.869858e-02 2.508595e-01 2.823389e-01 3.605535e-01 3.654579e-01 
8.767124e-03 5.450545e-01 4.970385e-01 6.748106e-02 1.775767e-01 5.850201e-01 3.956019e-01 3.374053e-02 1.117970e-01 2.688966e-01 3.031994e-01 3.873354e-01 3.924158e-01 
1.000000e-02 5.476185e-01 5.006972e-01 7.815979e-02 2.017160e-01 6.592332e-01 4.431513e-01 3.907990e-02 1.259128e-01 2.873079e-01 3.246496e-01 4.149492e-01 4.201552e-01 
1.140625e-02 5.500376e-01 5.042769e-01 9.004743e-02 2.278282e-01 7.390686e-01 4.940884e-01 4.502372e-02 1.411644e-01 3.061289e-01 3.466584e-01 4.433090e-01 4.485402e-01 
1.301025e-02 5.525225e-01 5.078504e-01 1.032004e-01 2.558857e-01 8.235304e-01 5.473582e-01 5.160020e-02 1.573032e-01 3.253581e-01 3.689549e-01 4.722940e-01 4.774205e-01 
1.483982e-02 5.549272e-01 5.115556e-01 1.177269e-01 2.865090e-01 9.144672e-01 6.038971e-01 5.886343e-02 1.746069e-01 3.448354e-01 3.920133e-01 5.019953e-01 5.071994e-01 
1.692667e-02 5.572764e-01 5.153437e-01 1.338038e-01 3.195361e-01 1.011015e+00 6.629820e-01 6.690190e-02 1.929423e-01 3.648529e-01 4.153995e-01 5.323918e-01 5.377501e-01 
1.930698e-02 5.595667e-01 5.191548e-01 1.514638e-01 3.548762e-01 1.113236e+00 7.249678e-01 7.573191e-02 2.124101e-01 3.852406e-01 4.393410e-01 5.635061e-01 5.689856e-01 
2.202202e-02 5.621507e-01 5.232026e-01 1.709975e-01 3.929129e-01 1.221822e+00 7.897085e-01 8.549875e-02 2.330676e-01 4.061282e-01 4.637784e-01 5.953606e-01 6.010085e-01 
2.511886e-02 5.645218e-01 5.272169e-01 1.923037e-01 4.334078e-01 1.335307e+00 8.561697e-01 9.615186e-02 2.546492e-01 4.273211e-01 4.885214e-01 6.276898e-01 6.336813e-01 
2.865120e-02 5.670991e-01 5.313414e-01 2.157548e-01 4.772758e-01 1.457026e+00 9.266424e-01 1.078774e-01 2.777752e-01 4.492890e-01 5.138851e-01 6.612124e-01 6.672451e-01 
3.268028e-02 5.694755e-01 5.355698e-01 2.414064e-01 5.238736e-01 1.584477e+00 9.990957e-01 1.207032e-01 3.020614e-01 4.716941e-01 5.397317e-01 6.953985e-01 7.016776e-01 
3.727594e-02 5.720720e-01 5.401022e-01 2.695558e-01 5.736650e-01 1.718144e+00 1.073249e+00 1.347779e-01 3.275257e-01 4.947681e-01 5.657714e-01 7.303469e-01 7.368586e-01 
4.251786e-02 5.744580e-01 5.446257e-01 3.000874e-01 6.269334e-01 1.859114e+00 1.149884e+00 1.500437e-01 3.543357e-01 5.185478e-01 5.923331e-01 7.664587e-01 7.729135e-01 
4.849693e-02 5.772091e-01 5.494451e-01 3.335368e-01 6.835216e-01 2.006554e+00 1.228231e+00 1.667684e-01 3.824728e-01 5.431308e-01 6.191069e-01 8.030185e-01 8.101190e-01 
5.531681e-02 5.801338e-01 5.543084e-01 3.698168e-01 7.434927e-01 2.162370e+00 1.310570e+00 1.849084e-01 4.124776e-01 5.684997e-01 6.463293e-01 8.403142e-01 8.482356e-01 
6.309573e-02 5.832288e-01 5.593669e-01 4.090450e-01 8.066327e-01 2.323554e+00 1.393406e+00 2.045225e-01 4.435856e-01 5.944806e-01 6.733676e-01 8.777329e-01 8.871020e-01 
7.196857e-02 5.861542e-01 5.641163e-01 4.516871e-01 8.745613e-01 2.495629e+00 1.480599e+00 2.258435e-01 4.768094e-01 6.214555e-01 7.009229e-01 9.160894e-01 9.272092e-01 
8.208914e-02 5.894475e-01 5.691590e-01 4.978614e-01 9.467660e-01 2.675982e+00 1.569547e+00 2.489307e-01 5.116942e-01 6.494175e-01 7.281807e-01 9.547074e-01 9.681682e-01 
9.363292e-02 5.931552e-01 5.742369e-01 5.481505e-01 1.023849e+00 2.867393e+00 1.663006e+00 2.740753e-01 5.490407e-01 6.784437e-01 7.558707e-01 9.940588e-01 1.010336e+00 
1.068000e-01 5.966423e-01 5.792786e-01 6.030757e-01 1.107237e+00 3.072285e+00 1.761318e+00 3.015379e-01 5.891610e-01 7.086879e-01 7.840288e-01 1.034440e+00 1.054103e+00 
1.218188e-01 6.001406e-01 5.840479e-01 6.635987e-01 1.198711e+00 3.297432e+00 1.869629e+00 3.317993e-01 6.334318e-01 7.405569e-01 8.134496e-01 1.076407e+00 1.100212e+00 
1.389495e-01 6.034475e-01 5.882930e-01 7.297863e-01 1.298471e+00 3.544315e+00 1.990085e+00 3.648931e-01 6.823643e-01 7.740613e-01 8.440459e-01 1.119409e+00 1.148950e+00 
1.584893e-01 6.064278e-01 5.927387e-01 8.019301e-01 1.407719e+00 3.815231e+00 2.121444e+00 4.009650e-01 7.358646e-01 8.092441e-01 8.761871e-01 1.165294e+00 1.199711e+00 
1.807769e-01 6.089803e-01 5.972474e-01 8.792647e-01 1.526496e+00 4.105742e+00 2.257733e+00 4.396323e-01 7.924032e-01 8.456266e-01 9.090478e-01 1.213044e+00 1.252109e+00 
2.061986e-01 6.114417e-01 6.013135e-01 9.630714e-01 1.655075e+00 4.421602e+00 2.406135e+00 4.815357e-01 8.538684e-01 8.838426e-01 9.436228e-01 1.264102e+00 1.306051e+00 
2.351953e-01 6.137806e-01 6.054280e-01 1.052529e+00 1.792221e+00 4.756400e+00 2.559332e+00 5.262643e-01 9.184140e-01 9.235603e-01 9.787685e-01 1.319898e+00 1.358702e+00 
2.682696e-01 6.162338e-01 6.093554e-01 1.147860e+00 1.934751e+00 5.102446e+00 2.716741e+00 5.739299e-01 9.861523e-01 9.658196e-01 1.012327e+00 1.378635e+00 1.409278e+00 
3.059950e-01 6.183871e-01 6.132402e-01 1.243861e+00 2.077159e+00 5.445180e+00 2.867624e+00 6.219303e-01 1.053138e+00 1.008557e+00 1.042199e+00 1.437623e+00 1.455483e+00 
3.490255e-01 6.212489e-01 6.170158e-01 1.339246e+00 2.211809e+00 5.767319e+00 3.008015e+00 6.696230e-01 1.118145e+00 1.049368e+00 1.069070e+00 1.493191e+00 1.496774e+00 
3.981072e-01 6.252577e-01 6.219796e-01 1.429519e+00 2.330677e+00 6.044006e+00 3.121700e+00 7.147593e-01 1.176057e+00 1.084911e+00 1.091278e+00 1.543228e+00 1.529461e+00 
4.540910e-01 6.294911e-01 6.270079e-01 1.504645e+00 2.420901e+00 6.258788e+00 3.212334e+00 7.523225e-01 1.223619e+00 1.113547e+00 1.106336e+00 1.584914e+00 1.549370e+00 
5.179475e-01 6.321281e-01 6.304200e-01 1.552606e+00 2.477212e+00 6.394568e+00 3.270603e+00 7.763030e-01 1.254155e+00 1.131729e+00 1.114391e+00 1.614771e+00 1.556359e+00 
5.907838e-01 6.343162e-01 6.313120e-01 1.567027e+00 2.485304e+00 6.412014e+00 3.278977e+00 7.835133e-01 1.261021e+00 1.137250e+00 1.113135e+00 1.626194e+00 1.549192e+00 
6.738627e-01 6.340611e-01 6.299638e-01 1.535579e+00 2.435500e+00 6.285082e+00 3.217952e+00 7.677894e-01 1.236325e+00 1.124246e+00 1.100803e+00 1.610721e+00 1.528025e+00 
7.686246e-01 6.330623e-01 6.267953e-01 1.451432e+00 2.308761e+00 5.985979e+00 3.089861e+00 7.257160e-01 1.178348e+00 1.089166e+00 1.073459e+00 1.557126e+00 1.490510e+00 
8.767124e-01 6.271738e-01 6.201084e-01 1.315934e+00 2.123667e+00 5.539773e+00 2.890008e+00 6.579672e-01 1.086486e+00 1.031588e+00 1.031994e+00 1.472758e+00 1.433868e+00 
