1.000000e-04 5.301509e-01 4.690526e-01 2.236409e-05 7.147934e-05 2.576069e-04 1.845404e-04 1.118205e-05 4.982264e-05 5.077532e-03 5.490930e-03 7.035834e-03 7.164211e-03 
1.140625e-04 5.302377e-01 4.691540e-01 2.906583e-05 9.300642e-05 3.352642e-04 2.401945e-04 1.453291e-05 6.484017e-05 5.790309e-03 6.261078e-03 8.023339e-03 8.168659e-03 
1.301025e-04 5.302503e-01 4.691670e-01 3.774842e-05 1.206302e-04 4.350404e-04 3.117671e-04 1.887421e-05 8.416700e-05 6.599404e-03 7.133796e-03 9.140484e-03 9.311131e-03 
1.483982e-04 5.302713e-01 4.692157e-01 4.901895e-05 1.567503e-04 5.648411e-04 4.046157e-04 2.450947e-05 1.092390e-04 7.521486e-03 8.131715e-03 1.042231e-02 1.061100e-02 
1.692667e-04 5.303307e-01 4.692355e-01 6.374369e-05 2.036578e-04 7.337561e-04 5.254687e-04 3.187184e-05 1.418814e-04 8.573618e-03 9.270211e-03 1.187703e-02 1.209941e-02 
1.930698e-04 5.303187e-01 4.691816e-01 8.276141e-05 2.642610e-04 9.533457e-04 6.833532e-04 4.138070e-05 1.844968e-04 9.775302e-03 1.057157e-02 1.354143e-02 1.379425e-02 
2.202202e-04 5.302923e-01 4.691912e-01 1.074316e-04 3.427612e-04 1.235974e-03 8.857752e-04 5.371578e-05 2.391618e-04 1.113581e-02 1.204009e-02 1.542377e-02 1.571403e-02 
2.511886e-04 5.303128e-01 4.692505e-01 1.395122e-04 4.447008e-04 1.605053e-03 1.150639e-03 6.975611e-05 3.106911e-04 1.269231e-02 1.372478e-02 1.758263e-02 1.790842e-02 
2.865120e-04 5.303257e-01 4.692092e-01 1.809757e-04 5.774836e-04 2.082362e-03 1.492266e-03 9.048787e-05 4.029342e-04 1.445839e-02 1.563495e-02 2.002745e-02 2.040328e-02 
3.268028e-04 5.304173e-01 4.694053e-01 2.346758e-04 7.470202e-04 2.696693e-03 1.933746e-03 1.173379e-04 5.222015e-04 1.646716e-02 1.780522e-02 2.280721e-02 2.323766e-02 
3.727594e-04 5.305679e-01 4.693822e-01 3.041407e-04 9.674350e-04 3.490488e-03 2.501993e-03 1.520703e-04 6.757825e-04 1.875163e-02 2.027262e-02 2.597137e-02 2.645671e-02 
4.251786e-04 5.306401e-01 4.693736e-01 3.940065e-04 1.251653e-03 4.516926e-03 3.239202e-03 1.970033e-04 8.749484e-04 2.135117e-02 2.308378e-02 2.956834e-02 3.012748e-02 
4.849693e-04 5.307844e-01 4.695231e-01 5.097938e-04 1.618451e-03 5.837335e-03 4.183621e-03 2.548969e-04 1.130250e-03 2.428995e-02 2.626415e-02 3.363573e-02 3.428161e-02 
5.531681e-04 5.308127e-01 4.695228e-01 6.594558e-04 2.088957e-03 7.545554e-03 5.414471e-03 3.297279e-04 1.462754e-03 2.764629e-02 2.988553e-02 3.827067e-02 3.901154e-02 
6.309573e-04 5.308768e-01 4.694814e-01 8.519472e-04 2.690830e-03 9.722799e-03 6.976965e-03 4.259736e-04 1.885469e-03 3.144039e-02 3.398429e-02 4.351509e-02 4.436532e-02 
7.196857e-04 5.310691e-01 4.696917e-01 1.100356e-03 3.466642e-03 1.252608e-02 8.988981e-03 5.501779e-04 2.429896e-03 3.573553e-02 3.862815e-02 4.946062e-02 5.042875e-02 
8.208914e-04 5.311214e-01 4.696186e-01 1.417502e-03 4.453846e-03 1.609316e-02 1.154884e-02 7.087510e-04 3.122758e-03 4.060761e-02 4.389154e-02 5.619379e-02 5.730082e-02 
9.363292e-04 5.312578e-01 4.696592e-01 1.824337e-03 5.712198e-03 2.065624e-02 1.483156e-02 9.121685e-04 4.011394e-03 4.609498e-02 4.983074e-02 6.380036e-02 6.503465e-02 
1.068000e-03 5.314715e-01 4.699448e-01 2.341323e-03 7.296614e-03 2.638155e-02 1.894378e-02 1.170661e-03 5.126408e-03 5.226470e-02 5.649196e-02 7.230744e-02 7.376737e-02 
1.218188e-03 5.317147e-01 4.702890e-01 2.997397e-03 9.283202e-03 3.357169e-02 2.411535e-02 1.498698e-03 6.530419e-03 5.917662e-02 6.395957e-02 8.186432e-02 8.353102e-02 
1.389495e-03 5.320640e-01 4.705755e-01 3.820786e-03 1.173602e-02 4.247612e-02 3.052815e-02 1.910393e-03 8.273946e-03 6.689108e-02 7.227566e-02 9.250422e-02 9.440706e-02 
1.584893e-03 5.325367e-01 4.711659e-01 4.854059e-03 1.478165e-02 5.346979e-02 3.841988e-02 2.427029e-03 1.042434e-02 7.542878e-02 8.152997e-02 1.043202e-01 1.065168e-01 
1.807769e-03 5.331275e-01 4.718443e-01 6.136969e-03 1.847223e-02 6.682390e-02 4.802583e-02 3.068484e-03 1.304804e-02 8.484396e-02 9.172589e-02 1.173202e-01 1.198782e-01 
2.061986e-03 5.339804e-01 4.727179e-01 7.717729e-03 2.294551e-02 8.293184e-02 5.958301e-02 3.858865e-03 1.621429e-02 9.518432e-02 1.028743e-01 1.315865e-01 1.345092e-01 
2.351953e-03 5.347913e-01 4.738379e-01 9.638207e-03 2.826666e-02 1.019756e-01 7.319695e-02 4.819103e-03 1.995859e-02 1.063532e-01 1.149830e-01 1.470594e-01 1.504037e-01 
2.682696e-03 5.359229e-01 4.751494e-01 1.197532e-02 3.460355e-02 1.245203e-01 8.926520e-02 5.987659e-03 2.439610e-02 1.184517e-01 1.280956e-01 1.638047e-01 1.676503e-01 
3.059950e-03 5.372225e-01 4.767607e-01 1.476900e-02 4.199191e-02 1.506432e-01 1.078010e-01 7.384499e-03 2.953931e-02 1.314196e-01 1.421063e-01 1.817395e-01 1.861499e-01 
3.490255e-03 5.386874e-01 4.786642e-01 1.809885e-02 5.056114e-02 1.807040e-01 1.290682e-01 9.049426e-03 3.547190e-02 1.451669e-01 1.571062e-01 2.008658e-01 2.059040e-01 
3.981072e-03 5.404724e-01 4.808566e-01 2.199771e-02 6.032392e-02 2.145533e-01 1.528213e-01 1.099885e-02 4.214514e-02 1.595782e-01 1.728084e-01 2.209198e-01 2.266612e-01 
4.540910e-03 5.422377e-01 4.832449e-01 2.654524e-02 7.147550e-02 2.526727e-01 1.793221e-01 1.327262e-02 4.964024e-02 1.747258e-01 1.893182e-01 2.420680e-01 2.485465e-01 
5.179475e-03 5.442525e-01 4.860060e-01 3.180929e-02 8.393395e-02 2.949694e-01 2.086078e-01 1.590464e-02 5.798639e-02 1.904383e-01 2.065007e-01 2.639963e-01 2.713986e-01 
5.907838e-03 5.463123e-01 4.889021e-01 3.781241e-02 9.796879e-02 3.416025e-01 2.404525e-01 1.890620e-02 6.713081e-02 2.066404e-01 2.242994e-01 2.867546e-01 2.951143e-01 
6.738627e-03 5.485212e-01 4.921304e-01 4.464600e-02 1.135413e-01 3.926774e-01 2.749470e-01 2.232300e-02 7.712872e-02 2.232661e-01 2.426937e-01 3.103548e-01 3.195521e-01 
7.686246e-03 5.507954e-01 4.954484e-01 5.236995e-02 1.307633e-01 4.484266e-01 3.123296e-01 2.618498e-02 8.804706e-02 2.403727e-01 2.617288e-01 3.346857e-01 3.448948e-01 
8.767124e-03 5.529012e-01 4.988092e-01 6.106714e-02 1.499598e-01 5.094707e-01 3.526394e-01 3.053357e-02 9.992385e-02 2.580402e-01 2.813612e-01 3.598814e-01 3.711808e-01 
1.000000e-02 5.549905e-01 5.022890e-01 7.076953e-02 1.708659e-01 5.748006e-01 3.952369e-01 3.538476e-02 1.126127e-01 2.758676e-01 3.014270e-01 3.855443e-01 3.980416e-01 
1.140625e-02 5.572041e-01 5.060974e-01 8.163799e-02 1.938680e-01 6.453742e-01 4.405644e-01 4.081899e-02 1.262628e-01 2.941206e-01 3.220536e-01 4.120981e-01 4.255957e-01 
1.301025e-02 5.592224e-01 5.097605e-01 9.361853e-02 2.189081e-01 7.208895e-01 4.883215e-01 4.680926e-02 1.407965e-01 3.127584e-01 3.431590e-01 4.392594e-01 4.539202e-01 
1.483982e-02 5.611796e-01 5.135789e-01 1.069573e-01 2.463827e-01 8.023955e-01 5.389742e-01 5.347864e-02 1.563951e-01 3.317960e-01 3.648867e-01 4.670579e-01 4.832795e-01 
1.692667e-02 5.631694e-01 5.175494e-01 1.216568e-01 2.761613e-01 8.893143e-01 5.921769e-01 6.082838e-02 1.729779e-01 3.510567e-01 3.870782e-01 4.955301e-01 5.131576e-01 
1.930698e-02 5.648510e-01 5.212527e-01 1.379415e-01 3.087114e-01 9.831326e-01 6.488914e-01 6.897076e-02 1.908346e-01 3.709151e-01 4.101573e-01 5.247997e-01 5.444625e-01 
2.202202e-02 5.666539e-01 5.251638e-01 1.558346e-01 3.443160e-01 1.084470e+00 7.094454e-01 7.791729e-02 2.100674e-01 3.912039e-01 4.339491e-01 5.550344e-01 5.765737e-01 
2.511886e-02 5.685305e-01 5.290823e-01 1.756309e-01 3.828108e-01 1.192928e+00 7.732887e-01 8.781546e-02 2.306214e-01 4.119456e-01 4.584886e-01 5.860015e-01 6.097918e-01 
2.865120e-02 5.703180e-01 5.329589e-01 1.975193e-01 4.253589e-01 1.311310e+00 8.421719e-01 9.875966e-02 2.529760e-01 4.333107e-01 4.840302e-01 6.180486e-01 6.443985e-01 
3.268028e-02 5.721386e-01 5.368933e-01 2.217995e-01 4.721008e-01 1.439824e+00 9.160392e-01 1.108997e-01 2.771851e-01 4.553007e-01 5.106693e-01 6.512211e-01 6.805214e-01 
3.727594e-02 5.740146e-01 5.409701e-01 2.485690e-01 5.229977e-01 1.577920e+00 9.939853e-01 1.242845e-01 3.031281e-01 4.778351e-01 5.382251e-01 6.854009e-01 7.179022e-01 
4.251786e-02 5.759497e-01 5.450775e-01 2.784937e-01 5.791587e-01 1.728767e+00 1.078161e+00 1.392469e-01 3.314582e-01 5.012422e-01 5.671672e-01 7.208616e-01 7.573625e-01 
4.849693e-02 5.778715e-01 5.491350e-01 3.115780e-01 6.404766e-01 1.890929e+00 1.166495e+00 1.557890e-01 3.617214e-01 5.254170e-01 5.971888e-01 7.579044e-01 7.981529e-01 
5.531681e-02 5.797485e-01 5.534836e-01 3.486062e-01 7.081036e-01 2.066500e+00 1.259343e+00 1.743031e-01 3.942629e-01 5.503521e-01 6.285555e-01 7.965024e-01 8.408884e-01 
6.309573e-02 5.816544e-01 5.580729e-01 3.895367e-01 7.813969e-01 2.253593e+00 1.355946e+00 1.947683e-01 4.289581e-01 5.758549e-01 6.610270e-01 8.366511e-01 8.848572e-01 
7.196857e-02 5.834966e-01 5.626947e-01 4.348438e-01 8.611510e-01 2.454064e+00 1.456597e+00 2.174219e-01 4.660197e-01 6.023077e-01 6.944727e-01 8.787854e-01 9.299953e-01 
8.208914e-02 5.854902e-01 5.676979e-01 4.849873e-01 9.480779e-01 2.669229e+00 1.561054e+00 2.424936e-01 5.055676e-01 6.295813e-01 7.290780e-01 9.227676e-01 9.766697e-01 
9.363292e-02 5.873735e-01 5.731015e-01 5.399473e-01 1.042989e+00 2.900703e+00 1.669409e+00 2.699737e-01 5.477127e-01 6.577310e-01 7.646789e-01 9.687279e-01 1.024787e+00 
1.068000e-01 5.893234e-01 5.785137e-01 6.009003e-01 1.147034e+00 3.153195e+00 1.785785e+00 3.004501e-01 5.937413e-01 6.876206e-01 8.019716e-01 1.017727e+00 1.074876e+00 
1.218188e-01 5.917527e-01 5.836429e-01 6.691402e-01 1.262568e+00 3.432468e+00 1.914013e+00 3.345701e-01 6.448477e-01 7.191900e-01 8.417348e-01 1.070249e+00 1.127133e+00 
1.389495e-01 5.939650e-01 5.887161e-01 7.447034e-01 1.390084e+00 3.738106e+00 2.051535e+00 3.723517e-01 7.005701e-01 7.520559e-01 8.834035e-01 1.125811e+00 1.181303e+00 
1.584893e-01 5.962353e-01 5.935532e-01 8.274050e-01 1.529317e+00 4.074691e+00 2.204351e+00 4.137025e-01 7.622065e-01 7.863282e-01 9.272425e-01 1.184263e+00 1.237422e+00 
1.807769e-01 5.984979e-01 5.980704e-01 9.171434e-01 1.679693e+00 4.439451e+00 2.371011e+00 4.585717e-01 8.294155e-01 8.215639e-01 9.729917e-01 1.245119e+00 1.295058e+00 
2.061986e-01 6.005203e-01 6.021744e-01 1.012330e+00 1.836127e+00 4.819278e+00 2.544874e+00 5.061652e-01 9.003363e-01 8.577175e-01 1.018464e+00 1.306622e+00 1.352601e+00 
2.351953e-01 6.024361e-01 6.057602e-01 1.113005e+00 1.998264e+00 5.215056e+00 2.728411e+00 5.565023e-01 9.754100e-01 8.953256e-01 1.063701e+00 1.370553e+00 1.408692e+00 
2.682696e-01 6.047164e-01 6.087766e-01 1.215936e+00 2.155457e+00 5.605541e+00 2.917119e+00 6.079681e-01 1.052318e+00 9.337777e-01 1.106164e+00 1.432197e+00 1.462667e+00 
3.059950e-01 6.071450e-01 6.115542e-01 1.317961e+00 2.305896e+00 5.980352e+00 3.098951e+00 6.589806e-01 1.127464e+00 9.724896e-01 1.144111e+00 1.490840e+00 1.512960e+00 
3.490255e-01 6.093028e-01 6.137831e-01 1.411776e+00 2.439559e+00 6.319615e+00 3.269257e+00 7.058878e-01 1.197644e+00 1.011379e+00 1.173719e+00 1.545768e+00 1.554291e+00 
3.981072e-01 6.117167e-01 6.152605e-01 1.492042e+00 2.553015e+00 6.611328e+00 3.420150e+00 7.460211e-01 1.258532e+00 1.048934e+00 1.193547e+00 1.593486e+00 1.586206e+00 
4.540910e-01 6.134735e-01 6.143120e-01 1.545411e+00 2.625747e+00 6.824100e+00 3.556066e+00 7.727053e-01 1.306256e+00 1.081697e+00 1.202656e+00 1.629258e+00 1.604657e+00 
5.179475e-01 6.147858e-01 6.116906e-01 1.561236e+00 2.639747e+00 6.902472e+00 3.635452e+00 7.806178e-01 1.328220e+00 1.104578e+00 1.197776e+00 1.648757e+00 1.604009e+00 
5.907838e-01 6.165835e-01 6.106872e-01 1.537782e+00 2.586040e+00 6.793506e+00 3.608635e+00 7.688912e-01 1.313408e+00 1.111597e+00 1.175910e+00 1.647055e+00 1.579344e+00 
6.738627e-01 6.176145e-01 6.095936e-01 1.471985e+00 2.468538e+00 6.512147e+00 3.484201e+00 7.359923e-01 1.262629e+00 1.097642e+00 1.140654e+00 1.619908e+00 1.533065e+00 
7.686246e-01 6.166920e-01 6.093716e-01 1.380001e+00 2.325875e+00 6.133651e+00 3.276662e+00 6.900006e-01 1.185980e+00 1.058549e+00 1.105505e+00 1.567328e+00 1.482295e+00 
8.767124e-01 6.118049e-01 6.066124e-01 1.285142e+00 2.190888e+00 5.770483e+00 3.073627e+00 6.425709e-01 1.110050e+00 9.981512e-01 1.080267e+00 1.486675e+00 1.445479e+00 
