1.000000e-04 5.159018e-01 4.645433e-01 2.502324e-05 8.964335e-05 3.076537e-04 2.133478e-04 1.251162e-05 5.739418e-05 5.311365e-03 5.902206e-03 7.528522e-03 7.675565e-03 
1.140625e-04 5.158715e-01 4.645535e-01 3.252265e-05 1.164521e-04 4.000333e-04 2.776178e-04 1.626132e-05 7.467304e-05 6.056593e-03 6.730886e-03 8.582373e-03 8.754988e-03 
1.301025e-04 5.158734e-01 4.646038e-01 4.230113e-05 1.513443e-04 5.196266e-04 3.605477e-04 2.115057e-05 9.699731e-05 6.902249e-03 7.671066e-03 9.779903e-03 9.979485e-03 
1.483982e-04 5.158870e-01 4.644694e-01 5.491268e-05 1.962503e-04 6.741030e-04 4.679563e-04 2.745634e-05 1.258887e-04 7.870187e-03 8.742495e-03 1.114967e-02 1.137246e-02 
1.692667e-04 5.159353e-01 4.645719e-01 7.126937e-05 2.545976e-04 8.742446e-04 6.067612e-04 3.563468e-05 1.632483e-04 8.967617e-03 9.958854e-03 1.270383e-02 1.295583e-02 
1.930698e-04 5.159276e-01 4.645069e-01 9.260041e-05 3.303549e-04 1.134991e-03 7.878744e-04 4.630020e-05 2.119856e-04 1.022112e-02 1.135341e-02 1.448154e-02 1.476800e-02 
2.202202e-04 5.159147e-01 4.646227e-01 1.201425e-04 4.291896e-04 1.474591e-03 1.023398e-03 6.007124e-05 2.753450e-04 1.164687e-02 1.293898e-02 1.649912e-02 1.683448e-02 
2.511886e-04 5.159497e-01 4.645720e-01 1.557699e-04 5.562534e-04 1.912513e-03 1.328327e-03 7.788496e-05 3.573463e-04 1.327090e-02 1.473967e-02 1.879237e-02 1.918087e-02 
2.865120e-04 5.160370e-01 4.645548e-01 2.019978e-04 7.204460e-04 2.476794e-03 1.720351e-03 1.009989e-04 4.628483e-04 1.511395e-02 1.679169e-02 2.140804e-02 2.184046e-02 
3.268028e-04 5.160258e-01 4.645649e-01 2.616165e-04 9.322599e-04 3.204754e-03 2.224862e-03 1.308082e-04 5.986986e-04 1.721374e-02 1.911584e-02 2.437412e-02 2.487397e-02 
3.727594e-04 5.161705e-01 4.645488e-01 3.391811e-04 1.207376e-03 4.153060e-03 2.885054e-03 1.695905e-04 7.763296e-04 1.960263e-02 2.177234e-02 2.776038e-02 2.831983e-02 
4.251786e-04 5.161547e-01 4.646335e-01 4.387042e-04 1.558734e-03 5.364457e-03 3.728877e-03 2.193521e-04 1.003499e-03 2.231265e-02 2.477970e-02 3.159240e-02 3.223893e-02 
4.849693e-04 5.162263e-01 4.645655e-01 5.676111e-04 2.015779e-03 6.946578e-03 4.833219e-03 2.838055e-04 1.300511e-03 2.539853e-02 2.819582e-02 3.594068e-02 3.669103e-02 
5.531681e-04 5.163457e-01 4.646359e-01 7.329079e-04 2.600849e-03 8.957173e-03 6.229242e-03 3.664539e-04 1.676421e-03 2.888996e-02 3.207368e-02 4.088723e-02 4.173195e-02 
6.309573e-04 5.165073e-01 4.646107e-01 9.449440e-04 3.348828e-03 1.154298e-02 8.029757e-03 4.724720e-04 2.161088e-03 3.285137e-02 3.645492e-02 4.647292e-02 4.743947e-02 
7.196857e-04 5.164927e-01 4.646046e-01 1.219058e-03 4.311042e-03 1.485819e-02 1.033568e-02 6.095290e-04 2.782404e-03 3.734359e-02 4.144742e-02 5.283121e-02 5.393123e-02 
8.208914e-04 5.165654e-01 4.645449e-01 1.566904e-03 5.514701e-03 1.903875e-02 1.326049e-02 7.834519e-04 3.570675e-03 4.240110e-02 4.704938e-02 5.997578e-02 6.120950e-02 
9.363292e-04 5.165998e-01 4.645619e-01 2.012034e-03 7.060715e-03 2.439952e-02 1.700660e-02 1.006017e-03 4.580337e-03 4.813169e-02 5.340065e-02 6.805182e-02 6.949319e-02 
1.068000e-03 5.168653e-01 4.646966e-01 2.576544e-03 9.001118e-03 3.112299e-02 2.170390e-02 1.288272e-03 5.847494e-03 5.455901e-02 6.050515e-02 7.711841e-02 7.873663e-02 
1.218188e-03 5.170769e-01 4.649143e-01 3.288382e-03 1.141476e-02 3.951039e-02 2.757636e-02 1.644191e-03 7.433918e-03 6.173162e-02 6.846261e-02 8.726067e-02 8.907532e-02 
1.389495e-03 5.172856e-01 4.650183e-01 4.182882e-03 1.441628e-02 4.991141e-02 3.484349e-02 2.091441e-03 9.399404e-03 6.975003e-02 7.734708e-02 9.854916e-02 1.006597e-01 
1.584893e-03 5.177836e-01 4.654805e-01 5.292229e-03 1.807579e-02 6.263369e-02 4.375616e-02 2.646115e-03 1.181427e-02 7.862056e-02 8.717424e-02 1.110775e-01 1.134303e-01 
1.807769e-03 5.185443e-01 4.660972e-01 6.673324e-03 2.254188e-02 7.818699e-02 5.467135e-02 3.336662e-03 1.477759e-02 8.841410e-02 9.800572e-02 1.248772e-01 1.275459e-01 
2.061986e-03 5.192488e-01 4.668017e-01 8.364269e-03 2.790711e-02 9.684717e-02 6.774161e-02 4.182134e-03 1.833457e-02 9.912507e-02 1.099084e-01 1.399751e-01 1.430450e-01 
2.351953e-03 5.201145e-01 4.677206e-01 1.042112e-02 3.431024e-02 1.188852e-01 8.308924e-02 5.210560e-03 2.252870e-02 1.107669e-01 1.227493e-01 1.563872e-01 1.598197e-01 
2.682696e-03 5.214367e-01 4.690218e-01 1.290748e-02 4.172233e-02 1.445787e-01 1.010652e-01 6.453738e-03 2.746159e-02 1.232819e-01 1.366358e-01 1.740112e-01 1.779288e-01 
3.059950e-03 5.228147e-01 4.704847e-01 1.587026e-02 5.043013e-02 1.744462e-01 1.218257e-01 7.935132e-03 3.317980e-02 1.366915e-01 1.514760e-01 1.929888e-01 1.972934e-01 
3.490255e-03 5.244069e-01 4.721791e-01 1.937580e-02 6.040087e-02 2.084911e-01 1.454041e-01 9.687902e-03 3.971004e-02 1.509317e-01 1.672518e-01 2.130956e-01 2.179426e-01 
3.981072e-03 5.262339e-01 4.741415e-01 2.352666e-02 7.194893e-02 2.476161e-01 1.723779e-01 1.176333e-02 4.721911e-02 1.659498e-01 1.840269e-01 2.344038e-01 2.398641e-01 
4.540910e-03 5.282486e-01 4.763755e-01 2.831654e-02 8.489804e-02 2.908651e-01 2.019157e-01 1.415827e-02 5.549907e-02 1.815298e-01 2.014773e-01 2.566669e-01 2.626222e-01 
5.179475e-03 5.303779e-01 4.789550e-01 3.388471e-02 9.959650e-02 3.396425e-01 2.350741e-01 1.694235e-02 6.484700e-02 1.979023e-01 2.198192e-01 2.800714e-01 2.866214e-01 
5.907838e-03 5.326738e-01 4.817308e-01 4.024412e-02 1.159319e-01 3.929963e-01 2.709371e-01 2.012206e-02 7.504133e-02 2.146439e-01 2.387421e-01 3.040895e-01 3.114729e-01 
6.738627e-03 5.350902e-01 4.848153e-01 4.747931e-02 1.339240e-01 4.511351e-01 3.096827e-01 2.373966e-02 8.615181e-02 2.318812e-01 2.583435e-01 3.290548e-01 3.370931e-01 
7.686246e-03 5.375386e-01 4.879139e-01 5.565452e-02 1.540853e-01 5.152516e-01 3.519990e-01 2.782726e-02 9.835553e-02 2.496104e-01 2.786142e-01 3.547125e-01 3.637626e-01 
8.767124e-03 5.400192e-01 4.911659e-01 6.485842e-02 1.762753e-01 5.849199e-01 3.974083e-01 3.242921e-02 1.115667e-01 2.676638e-01 2.995852e-01 3.811966e-01 3.911664e-01 
1.000000e-02 5.423478e-01 4.945554e-01 7.509452e-02 2.003628e-01 6.591115e-01 4.450003e-01 3.754726e-02 1.255689e-01 2.859130e-01 3.210590e-01 4.083247e-01 4.191622e-01 
1.140625e-02 5.446521e-01 4.980519e-01 8.649084e-02 2.268655e-01 7.400741e-01 4.965417e-01 4.324542e-02 1.408267e-01 3.047156e-01 3.430719e-01 4.361217e-01 4.481740e-01 
1.301025e-02 5.470524e-01 5.015802e-01 9.913553e-02 2.556912e-01 8.262749e-01 5.504971e-01 4.956776e-02 1.569928e-01 3.235716e-01 3.657950e-01 4.644718e-01 4.778923e-01 
1.483982e-02 5.490340e-01 5.050103e-01 1.132003e-01 2.871859e-01 9.194952e-01 6.080992e-01 5.660015e-02 1.744041e-01 3.430003e-01 3.891854e-01 4.938391e-01 5.085686e-01 
1.692667e-02 5.511872e-01 5.086803e-01 1.285521e-01 3.209532e-01 1.017709e+00 6.677660e-01 6.427606e-02 1.926739e-01 3.623993e-01 4.131457e-01 5.234020e-01 5.401102e-01 
1.930698e-02 5.531341e-01 5.124670e-01 1.455635e-01 3.577294e-01 1.122856e+00 7.304300e-01 7.278176e-02 2.121114e-01 3.822992e-01 4.377015e-01 5.540534e-01 5.724155e-01 
2.202202e-02 5.550114e-01 5.161056e-01 1.641251e-01 3.968639e-01 1.233385e+00 7.955505e-01 8.206253e-02 2.325857e-01 4.023422e-01 4.629354e-01 5.849140e-01 6.057863e-01 
2.511886e-02 5.568802e-01 5.200224e-01 1.845347e-01 4.387480e-01 1.350033e+00 8.631071e-01 9.226737e-02 2.541387e-01 4.227079e-01 4.885697e-01 6.163820e-01 6.399105e-01 
2.865120e-02 5.588081e-01 5.240376e-01 2.067133e-01 4.831749e-01 1.471060e+00 9.313553e-01 1.033566e-01 2.763940e-01 4.431865e-01 5.148648e-01 6.484692e-01 6.748201e-01 
3.268028e-02 5.608298e-01 5.281253e-01 2.313118e-01 5.307070e-01 1.599874e+00 1.003636e+00 1.156559e-01 3.003003e-01 4.640773e-01 5.419029e-01 6.814396e-01 7.105383e-01 
3.727594e-02 5.628956e-01 5.324106e-01 2.580699e-01 5.812672e-01 1.735394e+00 1.078694e+00 1.290349e-01 3.255161e-01 4.852563e-01 5.696775e-01 7.148585e-01 7.473916e-01 
4.251786e-02 5.648327e-01 5.367921e-01 2.872445e-01 6.348670e-01 1.876057e+00 1.154325e+00 1.436223e-01 3.516231e-01 5.065156e-01 5.979236e-01 7.488568e-01 7.849308e-01 
4.849693e-02 5.668902e-01 5.413367e-01 3.194685e-01 6.924534e-01 2.026351e+00 1.234450e+00 1.597342e-01 3.797220e-01 5.284445e-01 6.271562e-01 7.838904e-01 8.237629e-01 
5.531681e-02 5.695263e-01 5.461625e-01 3.548424e-01 7.536847e-01 2.184362e+00 1.317233e+00 1.774212e-01 4.094694e-01 5.506076e-01 6.571600e-01 8.194757e-01 8.635200e-01 
6.309573e-02 5.720594e-01 5.509699e-01 3.931391e-01 8.186127e-01 2.351004e+00 1.403344e+00 1.965695e-01 4.409956e-01 5.733988e-01 6.875858e-01 8.560502e-01 9.038516e-01 
7.196857e-02 5.746465e-01 5.558660e-01 4.349049e-01 8.887586e-01 2.528967e+00 1.493792e+00 2.174524e-01 4.746984e-01 5.969106e-01 7.188757e-01 8.937420e-01 9.455114e-01 
8.208914e-02 5.773893e-01 5.609539e-01 4.805709e-01 9.646971e-01 2.719856e+00 1.588928e+00 2.402854e-01 5.108245e-01 6.208458e-01 7.515691e-01 9.327483e-01 9.886351e-01 
9.363292e-02 5.799695e-01 5.663119e-01 5.302726e-01 1.046662e+00 2.923801e+00 1.688408e+00 2.651363e-01 5.492779e-01 6.448827e-01 7.857883e-01 9.733719e-01 1.032934e+00 
1.068000e-01 5.828828e-01 5.719263e-01 5.849598e-01 1.135592e+00 3.141962e+00 1.791780e+00 2.924799e-01 5.903087e-01 6.688184e-01 8.217315e-01 1.015424e+00 1.078395e+00 
1.218188e-01 5.856420e-01 5.774978e-01 6.450804e-01 1.232192e+00 3.377925e+00 1.901369e+00 3.225402e-01 6.346895e-01 6.928988e-01 8.596080e-01 1.059321e+00 1.125162e+00 
1.389495e-01 5.880855e-01 5.831124e-01 7.095863e-01 1.336255e+00 3.629082e+00 2.014953e+00 3.547932e-01 6.816513e-01 7.166634e-01 8.992005e-01 1.104584e+00 1.173156e+00 
1.584893e-01 5.899948e-01 5.888786e-01 7.796864e-01 1.450170e+00 3.900127e+00 2.133271e+00 3.898432e-01 7.317564e-01 7.409390e-01 9.404396e-01 1.152369e+00 1.222642e+00 
1.807769e-01 5.910821e-01 5.941091e-01 8.552842e-01 1.576038e+00 4.194954e+00 2.260220e+00 4.276421e-01 7.855116e-01 7.651098e-01 9.843403e-01 1.203386e+00 1.273472e+00 
2.061986e-01 5.917546e-01 5.991367e-01 9.347033e-01 1.710767e+00 4.503794e+00 2.387075e+00 4.673516e-01 8.406720e-01 7.878577e-01 1.030095e+00 1.257241e+00 1.323072e+00 
2.351953e-01 5.917895e-01 6.041706e-01 1.018636e+00 1.856014e+00 4.830393e+00 2.512699e+00 5.093179e-01 8.973872e-01 8.091548e-01 1.077742e+00 1.314535e+00 1.371335e+00 
2.682696e-01 5.920301e-01 6.089987e-01 1.107173e+00 2.008599e+00 5.176608e+00 2.646929e+00 5.535866e-01 9.575456e-01 8.305137e-01 1.126463e+00 1.375003e+00 1.417685e+00 
3.059950e-01 5.924104e-01 6.135338e-01 1.196914e+00 2.164034e+00 5.526019e+00 2.775229e+00 5.984572e-01 1.017193e+00 8.514037e-01 1.172965e+00 1.435708e+00 1.460001e+00 
3.490255e-01 5.925030e-01 6.182971e-01 1.283175e+00 2.319627e+00 5.866808e+00 2.886500e+00 6.415873e-01 1.072412e+00 8.706040e-01 1.215540e+00 1.495485e+00 1.496685e+00 
3.981072e-01 5.927789e-01 6.224593e-01 1.361307e+00 2.466395e+00 6.189540e+00 2.995034e+00 6.806535e-01 1.123818e+00 8.884522e-01 1.253601e+00 1.550900e+00 1.528931e+00 
4.540910e-01 5.920317e-01 6.241833e-01 1.420940e+00 2.587547e+00 6.467601e+00 3.099068e+00 7.104702e-01 1.167498e+00 9.021659e-01 1.286679e+00 1.599259e+00 1.552806e+00 
5.179475e-01 5.905079e-01 6.246447e-01 1.455929e+00 2.668299e+00 6.656324e+00 3.172331e+00 7.279645e-01 1.195802e+00 9.101141e-01 1.310436e+00 1.634932e+00 1.566397e+00 
5.907838e-01 5.897894e-01 6.234133e-01 1.463205e+00 2.685750e+00 6.704831e+00 3.202650e+00 7.316025e-01 1.204478e+00 9.106527e-01 1.320658e+00 1.650758e+00 1.565606e+00 
6.738627e-01 5.904750e-01 6.219861e-01 1.435994e+00 2.616051e+00 6.555088e+00 3.159187e+00 7.179971e-01 1.185649e+00 9.027144e-01 1.308302e+00 1.634926e+00 1.547168e+00 
7.686246e-01 5.915582e-01 6.201124e-01 1.363161e+00 2.466465e+00 6.209493e+00 3.023263e+00 6.815805e-01 1.130958e+00 8.841250e-01 1.265670e+00 1.580549e+00 1.507727e+00 
8.767124e-01 5.927018e-01 6.155570e-01 1.243882e+00 2.254316e+00 5.708692e+00 2.808469e+00 6.219409e-01 1.042426e+00 8.524292e-01 1.192552e+00 1.484336e+00 1.446737e+00 
