1.000000e-04 5.157977e-01 4.638533e-01 2.608646e-05 9.569931e-05 3.300652e-04 2.294800e-04 1.304323e-05 6.154353e-05 5.450414e-03 6.091862e-03 7.741567e-03 7.890596e-03 
1.140625e-04 5.158656e-01 4.639510e-01 3.390009e-05 1.242410e-04 4.283061e-04 2.976423e-04 1.695005e-05 7.983861e-05 6.214338e-03 6.944830e-03 8.823486e-03 8.999017e-03 
1.301025e-04 5.159049e-01 4.638544e-01 4.404098e-05 1.612720e-04 5.566177e-04 3.871772e-04 2.202049e-05 1.038437e-04 7.085527e-03 7.917125e-03 1.005855e-02 1.025800e-02 
1.483982e-04 5.158509e-01 4.639211e-01 5.725691e-05 2.097831e-04 7.235258e-04 5.029324e-04 2.862846e-05 1.348989e-04 8.076818e-03 9.026815e-03 1.146884e-02 1.169562e-02 
1.692667e-04 5.160173e-01 4.639673e-01 7.426231e-05 2.722156e-04 9.389906e-04 6.527725e-04 3.713115e-05 1.750914e-04 9.201506e-03 1.028545e-02 1.306721e-02 1.332328e-02 
1.930698e-04 5.159225e-01 4.638613e-01 9.638083e-05 3.525137e-04 1.216802e-03 8.463468e-04 4.819042e-05 2.270205e-04 1.048997e-02 1.172018e-02 1.489626e-02 1.518072e-02 
2.202202e-04 5.160593e-01 4.640486e-01 1.250837e-04 4.582711e-04 1.580196e-03 1.098248e-03 6.254185e-05 2.946158e-04 1.194870e-02 1.335076e-02 1.696224e-02 1.730162e-02 
2.511886e-04 5.160383e-01 4.640588e-01 1.622486e-04 5.937882e-04 2.047904e-03 1.423669e-03 8.112430e-05 3.819304e-04 1.361052e-02 1.521208e-02 1.932459e-02 1.970800e-02 
2.865120e-04 5.160807e-01 4.640100e-01 2.103223e-04 7.678212e-04 2.649997e-03 1.842899e-03 1.051611e-04 4.944507e-04 1.550380e-02 1.732276e-02 2.201498e-02 2.243896e-02 
3.268028e-04 5.160685e-01 4.639207e-01 2.724452e-04 9.944987e-04 3.434510e-03 2.389455e-03 1.362226e-04 6.410559e-04 1.765875e-02 1.973233e-02 2.507031e-02 2.556082e-02 
3.727594e-04 5.162477e-01 4.640642e-01 3.530890e-04 1.288847e-03 4.449631e-03 3.095483e-03 1.765445e-04 8.305201e-04 2.010268e-02 2.245805e-02 2.853330e-02 2.909666e-02 
4.251786e-04 5.162426e-01 4.640238e-01 4.570279e-04 1.664766e-03 5.753599e-03 4.005150e-03 2.285140e-04 1.074646e-03 2.287922e-02 2.556878e-02 3.247188e-02 3.312349e-02 
4.849693e-04 5.163482e-01 4.640558e-01 5.898411e-04 2.145330e-03 7.417277e-03 5.165452e-03 2.949205e-04 1.386110e-03 2.602963e-02 2.907968e-02 3.694080e-02 3.766955e-02 
5.531681e-04 5.164305e-01 4.640947e-01 7.631151e-04 2.768036e-03 9.576508e-03 6.672689e-03 3.815575e-04 1.790819e-03 2.961954e-02 3.308101e-02 4.202823e-02 4.285497e-02 
6.309573e-04 5.165868e-01 4.641363e-01 9.843335e-04 3.561973e-03 1.233336e-02 8.598544e-03 4.921667e-04 2.308022e-03 3.367237e-02 3.760566e-02 4.776342e-02 4.872136e-02 
7.196857e-04 5.165468e-01 4.640216e-01 1.267564e-03 4.579675e-03 1.585910e-02 1.105447e-02 6.337819e-04 2.967578e-03 3.825703e-02 4.272786e-02 5.427364e-02 5.534333e-02 
8.208914e-04 5.167049e-01 4.640829e-01 1.629467e-03 5.866433e-03 2.034566e-02 1.420521e-02 8.147336e-04 3.813830e-03 4.344619e-02 4.851328e-02 6.159304e-02 6.285994e-02 
9.363292e-04 5.168962e-01 4.641946e-01 2.093417e-03 7.517494e-03 2.605126e-02 1.817126e-02 1.046708e-03 4.881084e-03 4.927665e-02 5.505049e-02 6.990072e-02 7.128929e-02 
1.068000e-03 5.169919e-01 4.642217e-01 2.680276e-03 9.582598e-03 3.323759e-02 2.320215e-02 1.340138e-03 6.234266e-03 5.585664e-02 6.239403e-02 7.922494e-02 8.079066e-02 
1.218188e-03 5.172685e-01 4.644153e-01 3.418319e-03 1.212625e-02 4.211006e-02 2.941971e-02 1.709159e-03 7.910100e-03 6.316565e-02 7.056727e-02 8.958179e-02 9.137439e-02 
1.389495e-03 5.175496e-01 4.647177e-01 4.346544e-03 1.531442e-02 5.321726e-02 3.720331e-02 2.173272e-03 1.000924e-02 7.137575e-02 7.969846e-02 1.011880e-01 1.032267e-01 
1.584893e-03 5.180586e-01 4.651892e-01 5.506174e-03 1.919663e-02 6.672720e-02 4.665932e-02 2.753087e-03 1.256731e-02 8.040724e-02 8.980466e-02 1.140006e-01 1.162971e-01 
1.807769e-03 5.186852e-01 4.658489e-01 6.926619e-03 2.385071e-02 8.293998e-02 5.801587e-02 3.463309e-03 1.564563e-02 9.032545e-02 1.008698e-01 1.280562e-01 1.306269e-01 
2.061986e-03 5.194135e-01 4.666565e-01 8.675891e-03 2.948485e-02 1.025561e-01 7.175988e-02 4.337946e-03 1.937940e-02 1.012071e-01 1.130597e-01 1.435142e-01 1.464004e-01 
2.351953e-03 5.205195e-01 4.678349e-01 1.080090e-02 3.616802e-02 1.256381e-01 8.784301e-02 5.400449e-03 2.376771e-02 1.129565e-01 1.262169e-01 1.602083e-01 1.634653e-01 
2.682696e-03 5.216707e-01 4.690312e-01 1.336669e-02 4.400492e-02 1.526396e-01 1.066259e-01 6.683343e-03 2.891273e-02 1.256113e-01 1.404340e-01 1.782917e-01 1.818310e-01 
3.059950e-03 5.231450e-01 4.707433e-01 1.640777e-02 5.297527e-02 1.834666e-01 1.280577e-01 8.203885e-03 3.481191e-02 1.390702e-01 1.555160e-01 1.974549e-01 2.014020e-01 
3.490255e-03 5.248267e-01 4.726170e-01 2.002579e-02 6.347654e-02 2.192092e-01 1.527063e-01 1.001290e-02 4.162744e-02 1.533706e-01 1.716848e-01 2.179411e-01 2.223232e-01 
3.981072e-03 5.265355e-01 4.745945e-01 2.425627e-02 7.528487e-02 2.590459e-01 1.800830e-01 1.212813e-02 4.924698e-02 1.683909e-01 1.885898e-01 2.395481e-01 2.442115e-01 
4.540910e-03 5.285650e-01 4.772004e-01 2.916581e-02 8.865685e-02 3.034511e-01 2.101800e-01 1.458291e-02 5.769087e-02 1.839365e-01 2.062963e-01 2.620998e-01 2.671261e-01 
5.179475e-03 5.306976e-01 4.797122e-01 3.482689e-02 1.036304e-01 3.529031e-01 2.436280e-01 1.741344e-02 6.712770e-02 2.001448e-01 2.247969e-01 2.857449e-01 2.909450e-01 
5.907838e-03 5.330493e-01 4.827639e-01 4.130366e-02 1.202954e-01 4.072003e-01 2.799523e-01 2.065183e-02 7.746042e-02 2.168165e-01 2.439789e-01 3.100736e-01 3.158223e-01 
6.738627e-03 5.353202e-01 4.858148e-01 4.866189e-02 1.388567e-01 4.666260e-01 3.192204e-01 2.433094e-02 8.871695e-02 2.339725e-01 2.638162e-01 3.354047e-01 3.414582e-01 
7.686246e-03 5.378821e-01 4.891317e-01 5.697041e-02 1.591720e-01 5.307101e-01 3.611099e-01 2.848521e-02 1.008490e-01 2.515051e-01 2.841819e-01 3.614117e-01 3.677882e-01 
8.767124e-03 5.403321e-01 4.926468e-01 6.632421e-02 1.814713e-01 6.002237e-01 4.061038e-01 3.316211e-02 1.139916e-01 2.694441e-01 3.051358e-01 3.882763e-01 3.948041e-01 
1.000000e-02 5.426817e-01 4.960326e-01 7.666267e-02 2.056558e-01 6.744727e-01 4.535834e-01 3.833134e-02 1.279830e-01 2.875324e-01 3.265926e-01 4.157232e-01 4.223332e-01 
1.140625e-02 5.451366e-01 4.998062e-01 8.820701e-02 2.319779e-01 7.536927e-01 5.033250e-01 4.410351e-02 1.428369e-01 3.060252e-01 3.485060e-01 4.438636e-01 4.506651e-01 
1.301025e-02 5.474614e-01 5.034117e-01 1.009917e-01 2.605942e-01 8.389855e-01 5.563943e-01 5.049583e-02 1.588174e-01 3.248340e-01 3.710391e-01 4.726119e-01 4.797564e-01 
1.483982e-02 5.496525e-01 5.071335e-01 1.150559e-01 2.912239e-01 9.290374e-01 6.118513e-01 5.752796e-02 1.757060e-01 3.439011e-01 3.939319e-01 5.020465e-01 5.092754e-01 
1.692667e-02 5.520465e-01 5.109780e-01 1.306648e-01 3.242433e-01 1.024879e+00 6.700063e-01 6.533239e-02 1.936769e-01 3.634571e-01 4.173592e-01 5.320983e-01 5.397517e-01 
1.930698e-02 5.541600e-01 5.147951e-01 1.477752e-01 3.596938e-01 1.126648e+00 7.312628e-01 7.388758e-02 2.127892e-01 3.834212e-01 4.412125e-01 5.628822e-01 5.708965e-01 
2.202202e-02 5.566347e-01 5.188144e-01 1.665820e-01 3.972219e-01 1.232707e+00 7.941332e-01 8.329098e-02 2.327784e-01 4.036603e-01 4.654540e-01 5.940784e-01 6.026209e-01 
2.511886e-02 5.592449e-01 5.231651e-01 1.873231e-01 4.374537e-01 1.345119e+00 8.599688e-01 9.366157e-02 2.540204e-01 4.244329e-01 4.901548e-01 6.260002e-01 6.352163e-01 
2.865120e-02 5.617323e-01 5.273065e-01 2.099277e-01 4.801409e-01 1.463592e+00 9.287124e-01 1.049639e-01 2.765032e-01 4.457975e-01 5.152273e-01 6.585579e-01 6.685886e-01 
3.268028e-02 5.644698e-01 5.318476e-01 2.349320e-01 5.261518e-01 1.588487e+00 9.993530e-01 1.174660e-01 3.001475e-01 4.676916e-01 5.406727e-01 6.916428e-01 7.030534e-01 
3.727594e-02 5.671262e-01 5.362146e-01 2.622806e-01 5.752962e-01 1.720666e+00 1.073146e+00 1.311403e-01 3.252676e-01 4.903280e-01 5.667283e-01 7.255746e-01 7.386531e-01 
4.251786e-02 5.697948e-01 5.406667e-01 2.922940e-01 6.279349e-01 1.860273e+00 1.149566e+00 1.461470e-01 3.518118e-01 5.138414e-01 5.930207e-01 7.603745e-01 7.751715e-01 
4.849693e-02 5.728277e-01 5.453288e-01 3.251925e-01 6.836981e-01 2.007156e+00 1.228932e+00 1.625962e-01 3.799978e-01 5.382138e-01 6.195691e-01 7.954648e-01 8.128669e-01 
5.531681e-02 5.761161e-01 5.503357e-01 3.616969e-01 7.433927e-01 2.163777e+00 1.312716e+00 1.808484e-01 4.103825e-01 5.639175e-01 6.464017e-01 8.314182e-01 8.519421e-01 
6.309573e-02 5.795721e-01 5.554152e-01 4.016650e-01 8.065665e-01 2.328181e+00 1.399203e+00 2.008325e-01 4.425441e-01 5.908785e-01 6.730726e-01 8.678898e-01 8.919729e-01 
7.196857e-02 5.836004e-01 5.604074e-01 4.460755e-01 8.752264e-01 2.507314e+00 1.493663e+00 2.230377e-01 4.779367e-01 6.199101e-01 7.003056e-01 9.062568e-01 9.333446e-01 
8.208914e-02 5.879456e-01 5.651998e-01 4.956050e-01 9.502509e-01 2.701859e+00 1.595886e+00 2.478025e-01 5.167930e-01 6.508774e-01 7.281328e-01 9.458030e-01 9.767197e-01 
9.363292e-02 5.920904e-01 5.697124e-01 5.504553e-01 1.033298e+00 2.916309e+00 1.708204e+00 2.752277e-01 5.597067e-01 6.839759e-01 7.567382e-01 9.874017e-01 1.022104e+00 
1.068000e-01 5.962108e-01 5.741053e-01 6.105166e-01 1.123628e+00 3.146984e+00 1.827501e+00 3.052583e-01 6.059862e-01 7.189542e-01 7.853052e-01 1.030115e+00 1.069102e+00 
1.218188e-01 6.002581e-01 5.785137e-01 6.769814e-01 1.223359e+00 3.399721e+00 1.956720e+00 3.384907e-01 6.567313e-01 7.560018e-01 8.147055e-01 1.075407e+00 1.117792e+00 
1.389495e-01 6.039249e-01 5.828442e-01 7.490912e-01 1.330201e+00 3.669604e+00 2.093064e+00 3.745456e-01 7.111224e-01 7.954128e-01 8.439239e-01 1.122135e+00 1.168277e+00 
1.584893e-01 6.082077e-01 5.875342e-01 8.273544e-01 1.442492e+00 3.956204e+00 2.237846e+00 4.136772e-01 7.697104e-01 8.367997e-01 8.734803e-01 1.170752e+00 1.219488e+00 
1.807769e-01 6.122077e-01 5.920993e-01 9.114736e-01 1.562423e+00 4.261773e+00 2.390673e+00 4.557368e-01 8.322857e-01 8.804461e-01 9.034532e-01 1.221853e+00 1.272097e+00 
2.061986e-01 6.161891e-01 5.965521e-01 1.001705e+00 1.690264e+00 4.586920e+00 2.553660e+00 5.008527e-01 8.993427e-01 9.269912e-01 9.330659e-01 1.275870e+00 1.325259e+00 
2.351953e-01 6.200925e-01 6.006318e-01 1.095613e+00 1.823016e+00 4.923770e+00 2.723160e+00 5.478067e-01 9.691319e-01 9.760421e-01 9.600097e-01 1.331667e+00 1.376332e+00 
2.682696e-01 6.230731e-01 6.045115e-01 1.189233e+00 1.959643e+00 5.260777e+00 2.883915e+00 5.946165e-01 1.037119e+00 1.026397e+00 9.826145e-01 1.388704e+00 1.423388e+00 
3.059950e-01 6.254986e-01 6.085239e-01 1.280035e+00 2.092921e+00 5.579509e+00 3.024397e+00 6.400173e-01 1.099923e+00 1.076509e+00 9.993807e-01 1.443536e+00 1.465348e+00 
3.490255e-01 6.269464e-01 6.121541e-01 1.363524e+00 2.216097e+00 5.862223e+00 3.139269e+00 6.817619e-01 1.154232e+00 1.123671e+00 1.010387e+00 1.493556e+00 1.501189e+00 
3.981072e-01 6.276615e-01 6.163149e-01 1.434395e+00 2.320972e+00 6.090495e+00 3.216457e+00 7.171973e-01 1.196354e+00 1.165642e+00 1.015061e+00 1.539017e+00 1.526959e+00 
4.540910e-01 6.281025e-01 6.208002e-01 1.492462e+00 2.407134e+00 6.274417e+00 3.277387e+00 7.462310e-01 1.230533e+00 1.199527e+00 1.017918e+00 1.578045e+00 1.545084e+00 
5.179475e-01 6.292522e-01 6.238092e-01 1.531322e+00 2.464201e+00 6.393252e+00 3.317253e+00 7.656609e-01 1.252498e+00 1.222750e+00 1.018001e+00 1.608625e+00 1.550762e+00 
5.907838e-01 6.295237e-01 6.229695e-01 1.531106e+00 2.465372e+00 6.401449e+00 3.329622e+00 7.655529e-01 1.254295e+00 1.229135e+00 1.011439e+00 1.620340e+00 1.537722e+00 
6.738627e-01 6.289262e-01 6.200660e-01 1.487365e+00 2.401589e+00 6.269920e+00 3.294343e+00 7.436827e-01 1.230645e+00 1.214405e+00 9.989521e-01 1.604414e+00 1.511347e+00 
7.686246e-01 6.276753e-01 6.172534e-01 1.407468e+00 2.279147e+00 5.977611e+00 3.162873e+00 7.037342e-01 1.174369e+00 1.172698e+00 9.808289e-01 1.553418e+00 1.475152e+00 
8.767124e-01 6.254797e-01 6.125924e-01 1.300279e+00 2.115129e+00 5.577107e+00 2.973904e+00 6.501395e-01 1.096193e+00 1.101373e+00 9.639692e-01 1.471517e+00 1.429615e+00 
