1.000000e-04 5.178500e-01 4.632501e-01 2.504250e-05 8.782842e-05 3.095258e-04 2.186731e-04 1.252125e-05 5.869786e-05 5.400981e-03 5.949844e-03 7.617331e-03 7.713125e-03 
1.140625e-04 5.178039e-01 4.633060e-01 3.251797e-05 1.141270e-04 4.019240e-04 2.837589e-04 1.625898e-05 7.617356e-05 6.155333e-03 6.782595e-03 8.684398e-03 8.790530e-03 
1.301025e-04 5.177941e-01 4.632169e-01 4.224508e-05 1.481159e-04 5.218927e-04 3.684831e-04 2.112254e-05 9.892444e-05 7.018233e-03 7.732365e-03 9.899100e-03 1.002181e-02 
1.483982e-04 5.178308e-01 4.632108e-01 5.489576e-05 1.924823e-04 6.785078e-04 4.794200e-04 2.744788e-05 1.286855e-04 8.000774e-03 8.815194e-03 1.128706e-02 1.142321e-02 
1.692667e-04 5.178650e-01 4.632625e-01 7.125230e-05 2.495042e-04 8.801679e-04 6.221442e-04 3.562615e-05 1.670077e-04 9.120506e-03 1.004483e-02 1.286131e-02 1.301960e-02 
1.930698e-04 5.178571e-01 4.632217e-01 9.260390e-05 3.240928e-04 1.143492e-03 8.086132e-04 4.630195e-05 2.170541e-04 1.039438e-02 1.145085e-02 1.466148e-02 1.483834e-02 
2.202202e-04 5.179623e-01 4.632124e-01 1.201916e-04 4.206879e-04 1.483209e-03 1.048092e-03 6.009582e-05 2.813745e-04 1.184299e-02 1.304597e-02 1.670117e-02 1.691071e-02 
2.511886e-04 5.180274e-01 4.633235e-01 1.559334e-04 5.447091e-04 1.922831e-03 1.359741e-03 7.796670e-05 3.650454e-04 1.349082e-02 1.485895e-02 1.902379e-02 1.925829e-02 
2.865120e-04 5.180189e-01 4.632596e-01 2.020696e-04 7.061886e-04 2.492397e-03 1.762486e-03 1.010348e-04 4.731767e-04 1.536825e-02 1.692939e-02 2.167393e-02 2.193825e-02 
3.268028e-04 5.180966e-01 4.632906e-01 2.620191e-04 9.158820e-04 3.233360e-03 2.286985e-03 1.310095e-04 6.139493e-04 1.750973e-02 1.928190e-02 2.469184e-02 2.498665e-02 
3.727594e-04 5.181705e-01 4.633091e-01 3.392605e-04 1.181809e-03 4.174453e-03 2.954289e-03 1.696303e-04 7.932741e-04 1.992622e-02 2.194557e-02 2.808640e-02 2.844782e-02 
4.251786e-04 5.182343e-01 4.633067e-01 4.394795e-04 1.530525e-03 5.408872e-03 3.827899e-03 2.197398e-04 1.027879e-03 2.268661e-02 2.498485e-02 3.198195e-02 3.237827e-02 
4.849693e-04 5.182547e-01 4.633091e-01 5.686860e-04 1.977933e-03 6.994044e-03 4.951389e-03 2.843430e-04 1.329629e-03 2.583255e-02 2.843712e-02 3.641093e-02 3.685077e-02 
5.531681e-04 5.182788e-01 4.632875e-01 7.348414e-04 2.551516e-03 9.028111e-03 6.394876e-03 3.674207e-04 1.717396e-03 2.938513e-02 3.234882e-02 4.140782e-02 4.192688e-02 
6.309573e-04 5.183784e-01 4.632635e-01 9.481699e-04 3.285258e-03 1.163490e-02 8.247486e-03 4.740850e-04 2.215109e-03 3.341083e-02 3.677524e-02 4.706902e-02 4.766281e-02 
7.196857e-04 5.186167e-01 4.633737e-01 1.223292e-03 4.227789e-03 1.496839e-02 1.060757e-02 6.116459e-04 2.849891e-03 3.797057e-02 4.180335e-02 5.348085e-02 5.418682e-02 
8.208914e-04 5.186953e-01 4.634101e-01 1.574444e-03 5.419633e-03 1.920495e-02 1.361866e-02 7.872218e-04 3.659798e-03 4.313624e-02 4.746742e-02 6.075749e-02 6.151481e-02 
9.363292e-04 5.188208e-01 4.634333e-01 2.024505e-03 6.934575e-03 2.461135e-02 1.746933e-02 1.012252e-03 4.696051e-03 4.896620e-02 5.386072e-02 6.893354e-02 6.981236e-02 
1.068000e-03 5.189168e-01 4.634147e-01 2.594173e-03 8.855479e-03 3.144652e-02 2.233295e-02 1.297086e-03 6.005146e-03 5.550928e-02 6.106714e-02 7.813519e-02 7.915317e-02 
1.218188e-03 5.192981e-01 4.637577e-01 3.315388e-03 1.124077e-02 3.994311e-02 2.838564e-02 1.657694e-03 7.637574e-03 6.281434e-02 6.909070e-02 8.838817e-02 8.956430e-02 
1.389495e-03 5.197280e-01 4.640605e-01 4.221857e-03 1.419100e-02 5.048829e-02 3.590500e-02 2.110929e-03 9.667955e-03 7.097159e-02 7.807172e-02 9.984667e-02 1.012003e-01 
1.584893e-03 5.201089e-01 4.644770e-01 5.352775e-03 1.781176e-02 6.339218e-02 4.510134e-02 2.676388e-03 1.215673e-02 8.002425e-02 8.799852e-02 1.125466e-01 1.140932e-01 
1.807769e-03 5.208414e-01 4.651502e-01 6.754678e-03 2.219851e-02 7.910256e-02 5.632574e-02 3.377339e-03 1.519981e-02 9.000107e-02 9.892932e-02 1.265480e-01 1.282664e-01 
2.061986e-03 5.215670e-01 4.658552e-01 8.472369e-03 2.752226e-02 9.812778e-02 6.990974e-02 4.236184e-03 1.888853e-02 1.009163e-01 1.109416e-01 1.418759e-01 1.438358e-01 
2.351953e-03 5.226492e-01 4.669427e-01 1.057143e-02 3.375869e-02 1.202795e-01 8.566047e-02 5.285713e-03 2.319165e-02 1.127107e-01 1.239016e-01 1.584656e-01 1.606696e-01 
2.682696e-03 5.237899e-01 4.682156e-01 1.310067e-02 4.118338e-02 1.465890e-01 1.043687e-01 6.550333e-03 2.831097e-02 1.254767e-01 1.379149e-01 1.763526e-01 1.789503e-01 
3.059950e-03 5.251330e-01 4.696305e-01 1.612482e-02 4.974228e-02 1.769402e-01 1.259626e-01 8.062408e-03 3.424817e-02 1.391812e-01 1.529507e-01 1.956234e-01 1.984724e-01 
3.490255e-03 5.268997e-01 4.715508e-01 1.970531e-02 5.966059e-02 2.116407e-01 1.504545e-01 9.852655e-03 4.101818e-02 1.535807e-01 1.688592e-01 2.159252e-01 2.192071e-01 
3.981072e-03 5.286870e-01 4.735616e-01 2.394461e-02 7.097341e-02 2.509917e-01 1.781392e-01 1.197231e-02 4.871649e-02 1.688656e-01 1.857690e-01 2.374774e-01 2.412613e-01 
4.540910e-03 5.306250e-01 4.758644e-01 2.883256e-02 8.366875e-02 2.948864e-01 2.089173e-01 1.441628e-02 5.732096e-02 1.847996e-01 2.033022e-01 2.600400e-01 2.641182e-01 
5.179475e-03 5.327904e-01 4.785002e-01 3.451988e-02 9.811681e-02 3.438283e-01 2.427703e-01 1.725994e-02 6.686283e-02 2.013580e-01 2.217084e-01 2.836301e-01 2.881345e-01 
5.907838e-03 5.351496e-01 4.812013e-01 4.101594e-02 1.142650e-01 3.981780e-01 2.802932e-01 2.050797e-02 7.748755e-02 2.185666e-01 2.408288e-01 3.080611e-01 3.132279e-01 
6.738627e-03 5.373355e-01 4.840737e-01 4.838239e-02 1.320205e-01 4.570172e-01 3.204549e-01 2.419120e-02 8.896298e-02 2.361871e-01 2.605446e-01 3.333402e-01 3.390150e-01 
7.686246e-03 5.398365e-01 4.872671e-01 5.675314e-02 1.517024e-01 5.217107e-01 3.644066e-01 2.837657e-02 1.016069e-01 2.543887e-01 2.808975e-01 3.594387e-01 3.657321e-01 
8.767124e-03 5.423177e-01 4.905332e-01 6.612789e-02 1.732110e-01 5.910596e-01 4.108608e-01 3.306394e-02 1.150956e-01 2.728405e-01 3.016969e-01 3.861697e-01 3.929942e-01 
1.000000e-02 5.447737e-01 4.940120e-01 7.656604e-02 1.968061e-01 6.658775e-01 4.602857e-01 3.828302e-02 1.295790e-01 2.917226e-01 3.230187e-01 4.134960e-01 4.211887e-01 
1.140625e-02 5.470340e-01 4.972531e-01 8.824100e-02 2.224304e-01 7.461561e-01 5.129312e-01 4.412050e-02 1.451499e-01 3.110559e-01 3.449573e-01 4.416572e-01 4.500918e-01 
1.301025e-02 5.492895e-01 5.007597e-01 1.011779e-01 2.504031e-01 8.321699e-01 5.684510e-01 5.058894e-02 1.617314e-01 3.307271e-01 3.673027e-01 4.703806e-01 4.797767e-01 
1.483982e-02 5.517106e-01 5.043152e-01 1.154443e-01 2.805689e-01 9.236803e-01 6.267893e-01 5.772216e-02 1.793437e-01 3.507290e-01 3.901704e-01 4.997814e-01 5.100853e-01 
1.692667e-02 5.538279e-01 5.079957e-01 1.311170e-01 3.131239e-01 1.020212e+00 6.870296e-01 6.555848e-02 1.977842e-01 3.709271e-01 4.133907e-01 5.297984e-01 5.409289e-01 
1.930698e-02 5.562255e-01 5.119825e-01 1.484425e-01 3.483555e-01 1.122867e+00 7.498817e-01 7.422127e-02 2.173224e-01 3.914422e-01 4.371892e-01 5.601689e-01 5.729304e-01 
2.202202e-02 5.582726e-01 5.157570e-01 1.673141e-01 3.862442e-01 1.231636e+00 8.152752e-01 8.365704e-02 2.379025e-01 4.122945e-01 4.614817e-01 5.914742e-01 6.053860e-01 
2.511886e-02 5.605106e-01 5.198812e-01 1.880793e-01 4.269100e-01 1.345979e+00 8.824380e-01 9.403965e-02 2.594548e-01 4.334432e-01 4.862540e-01 6.234486e-01 6.385773e-01 
2.865120e-02 5.627694e-01 5.240219e-01 2.108051e-01 4.705643e-01 1.467184e+00 9.526970e-01 1.054026e-01 2.823087e-01 4.549635e-01 5.116600e-01 6.555776e-01 6.731860e-01 
3.268028e-02 5.650388e-01 5.284400e-01 2.356306e-01 5.167347e-01 1.593747e+00 1.024744e+00 1.178153e-01 3.062395e-01 4.768942e-01 5.373164e-01 6.885855e-01 7.080445e-01 
3.727594e-02 5.672290e-01 5.325844e-01 2.628044e-01 5.667975e-01 1.729527e+00 1.101171e+00 1.314022e-01 3.318858e-01 4.994175e-01 5.639736e-01 7.224313e-01 7.444056e-01 
4.251786e-02 5.695288e-01 5.369373e-01 2.923253e-01 6.197266e-01 1.871407e+00 1.179931e+00 1.461626e-01 3.588200e-01 5.222957e-01 5.909000e-01 7.564672e-01 7.816332e-01 
4.849693e-02 5.718881e-01 5.413783e-01 3.249222e-01 6.773671e-01 2.024357e+00 1.263731e+00 1.624611e-01 3.878547e-01 5.461033e-01 6.185731e-01 7.917340e-01 8.201227e-01 
5.531681e-02 5.743960e-01 5.456457e-01 3.606128e-01 7.387451e-01 2.186596e+00 1.351934e+00 1.803064e-01 4.189161e-01 5.707431e-01 6.469937e-01 8.276300e-01 8.600984e-01 
6.309573e-02 5.768748e-01 5.501350e-01 4.003118e-01 8.057795e-01 2.361560e+00 1.445314e+00 2.001559e-01 4.524362e-01 5.963987e-01 6.765880e-01 8.653362e-01 9.016555e-01 
7.196857e-02 5.793471e-01 5.543093e-01 4.436348e-01 8.785015e-01 2.550868e+00 1.545768e+00 2.218174e-01 4.887223e-01 6.230227e-01 7.072021e-01 9.041657e-01 9.448369e-01 
8.208914e-02 5.818144e-01 5.586028e-01 4.914740e-01 9.571529e-01 2.754156e+00 1.652428e+00 2.457370e-01 5.279060e-01 6.504228e-01 7.392018e-01 9.441938e-01 9.899105e-01 
9.363292e-02 5.845034e-01 5.625892e-01 5.437653e-01 1.040400e+00 2.968963e+00 1.764639e+00 2.718827e-01 5.699190e-01 6.787780e-01 7.721034e-01 9.857564e-01 1.035671e+00 
1.068000e-01 5.875395e-01 5.668302e-01 6.012135e-01 1.130452e+00 3.200198e+00 1.884088e+00 3.006068e-01 6.153387e-01 7.081426e-01 8.060671e-01 1.029549e+00 1.082266e+00 
1.218188e-01 5.911034e-01 5.714355e-01 6.638844e-01 1.226088e+00 3.443373e+00 2.007157e+00 3.319422e-01 6.634529e-01 7.383326e-01 8.402440e-01 1.074515e+00 1.129211e+00 
1.389495e-01 5.948939e-01 5.764336e-01 7.322071e-01 1.329061e+00 3.701704e+00 2.134123e+00 3.661036e-01 7.145314e-01 7.694234e-01 8.749102e-01 1.121230e+00 1.176635e+00 
1.584893e-01 5.988634e-01 5.818822e-01 8.050191e-01 1.438321e+00 3.971341e+00 2.262459e+00 4.025095e-01 7.676260e-01 8.010823e-01 9.091507e-01 1.168168e+00 1.224570e+00 
1.807769e-01 6.019507e-01 5.874526e-01 8.807333e-01 1.554291e+00 4.250761e+00 2.389852e+00 4.403667e-01 8.216803e-01 8.328676e-01 9.426680e-01 1.215591e+00 1.272462e+00 
2.061986e-01 6.047904e-01 5.928019e-01 9.613398e-01 1.679026e+00 4.547485e+00 2.522767e+00 4.806699e-01 8.787635e-01 8.653243e-01 9.767226e-01 1.265192e+00 1.320200e+00 
2.351953e-01 6.066561e-01 5.977491e-01 1.045589e+00 1.814382e+00 4.865310e+00 2.659903e+00 5.227943e-01 9.382082e-01 8.972817e-01 1.013182e+00 1.318654e+00 1.367896e+00 
2.682696e-01 6.077262e-01 6.019275e-01 1.132600e+00 1.955051e+00 5.196434e+00 2.802475e+00 5.663000e-01 9.999005e-01 9.273899e-01 1.052209e+00 1.374963e+00 1.413784e+00 
3.059950e-01 6.086802e-01 6.049992e-01 1.218930e+00 2.090669e+00 5.519600e+00 2.945138e+00 6.094648e-01 1.061222e+00 9.547879e-01 1.091313e+00 1.432001e+00 1.454109e+00 
3.490255e-01 6.095561e-01 6.078055e-01 1.298567e+00 2.217209e+00 5.819041e+00 3.076208e+00 6.492836e-01 1.117575e+00 9.777915e-01 1.128364e+00 1.485915e+00 1.488564e+00 
3.981072e-01 6.091647e-01 6.090382e-01 1.363353e+00 2.327151e+00 6.086826e+00 3.196973e+00 6.816766e-01 1.166551e+00 9.945449e-01 1.163222e+00 1.534022e+00 1.516456e+00 
4.540910e-01 6.090557e-01 6.097413e-01 1.415248e+00 2.416365e+00 6.306142e+00 3.298308e+00 7.076242e-01 1.206422e+00 1.004000e+00 1.196484e+00 1.576786e+00 1.536296e+00 
5.179475e-01 6.077606e-01 6.100528e-01 1.448828e+00 2.484985e+00 6.471912e+00 3.368887e+00 7.244141e-01 1.233804e+00 1.006365e+00 1.224321e+00 1.612497e+00 1.546391e+00 
5.907838e-01 6.059002e-01 6.111033e-01 1.462298e+00 2.527025e+00 6.555186e+00 3.388029e+00 7.311491e-01 1.242677e+00 1.001705e+00 1.241092e+00 1.635423e+00 1.545951e+00 
6.738627e-01 6.049095e-01 6.108098e-01 1.439636e+00 2.497219e+00 6.470377e+00 3.339889e+00 7.198178e-01 1.224276e+00 9.874632e-01 1.238537e+00 1.627301e+00 1.531455e+00 
7.686246e-01 6.066705e-01 6.095109e-01 1.369843e+00 2.368859e+00 6.162225e+00 3.204568e+00 6.849216e-01 1.170452e+00 9.641493e-01 1.203124e+00 1.575169e+00 1.495566e+00 
8.767124e-01 6.063177e-01 6.041356e-01 1.248668e+00 2.152724e+00 5.656248e+00 2.988797e+00 6.243340e-01 1.081405e+00 9.316669e-01 1.131114e+00 1.479303e+00 1.434809e+00 
